199000.0,3,1.0,1510,9100,1.0,0,0,3,7,0,1966,0,98003,47.3331,-122.319,1180,7220
747000.0,3,1.5,1710,5120,2.0,0,0,4,7,0,1920,0,98115,47.6801,-122.305,1530,5170
288000.0,3,2.25,1560,9706,1.0,0,0,4,7,0,1963,0,98002,47.3191,-122.213,1510,9706
460000.0,3,1.75,1660,9900,2.0,0,0,3,8,0,1978,0,98033,47.6704,-122.184,1720,6600
379950.0,3,1.0,1270,6900,1.0,0,0,3,7,0,1977,0,98034,47.7279,-122.192,1480,7280
556000.0,3,1.75,1590,2500,1.5,0,0,4,7,400,1908,0,98105,47.6668,-122.299,1420,3800
538500.0,3,3.5,2500,4270,2.0,0,0,3,8,0,2000,0,98065,47.536,-121.877,2420,4205
565000.0,2,1.75,1720,3000,1.0,0,0,5,7,860,1925,0,98103,47.686,-122.351,1360,4500
495000.0,4,2.25,1940,9144,1.0,0,0,4,7,510,1956,0,98007,47.5942,-122.135,1460,9437
246700.0,3,2.0,1610,13309,1.0,0,0,4,7,0,1967,0,98042,47.3398,-122.133,1610,15725
377500.0,2,1.0,840,4500,1.0,0,0,3,6,0,1939,0,98136,47.5441,-122.39,1300,5000
292500.0,4,2.5,2250,4495,2.0,0,0,3,7,0,2008,0,98042,47.3663,-122.114,2250,4500
265000.0,3,2.0,1570,5706,1.0,0,0,3,7,0,1998,0,98092,47.3156,-122.188,1570,5706
150000.0,3,1.5,1230,8056,1.0,0,0,4,6,0,1949,0,98168,47.4878,-122.314,850,6714
230000.0,3,1.0,680,2400,1.0,0,0,4,6,0,1903,0,98144,47.5982,-122.299,1470,3600
279950.0,3,2.25,1340,7202,2.0,0,0,4,7,0,1989,0,98038,47.3563,-122.039,1470,7395
403500.0,1,1.0,700,5621,1.0,0,0,4,6,0,1945,0,98133,47.734,-122.353,1020,5621
465000.0,3,3.0,2290,15600,1.0,0,0,3,8,870,1948,1990,98001,47.3558,-122.29,1890,14143
457000.0,2,2.5,1380,1329,2.0,0,0,3,8,330,2008,0,98117,47.6903,-122.37,1360,3750
290000.0,4,2.5,2340,52272,2.0,0,0,2,8,0,1978,0,98042,47.3468,-122.091,2480,40500
310000.0,3,1.75,1490,7150,1.0,0,0,5,6,0,1967,0,98059,47.5015,-122.124,1350,9100
1750000.0,6,3.0,3510,5760,2.5,0,0,4,10,0,1906,0,98112,47.6263,-122.312,3450,5760
795000.0,3,2.0,2920,13650,1.0,0,2,5,8,1460,1975,0,98033,47.6652,-122.188,2920,10988
554950.0,4,1.75,1740,4816,1.0,0,0,5,7,870,1942,0,98116,47.5758,-122.382,1210,5074
234000.0,3,1.0,1010,8906,1.0,0,0,5,7,0,1968,0,98042,47.3627,-122.108,1150,10414
285000.0,4,2.5,1996,4547,2.0,0,0,3,7,0,2009,0,98042,47.3365,-122.051,2180,5127
785000.0,4,2.5,3300,10514,2.0,0,0,3,10,0,1984,0,98074,47.6323,-122.036,2820,11462
1517000.0,3,2.25,2610,9409,1.0,1,4,4,8,0,1963,0,98075,47.5789,-122.076,2970,9156
635000.0,3,1.75,1210,4400,1.5,0,0,4,8,0,1930,0,98105,47.6621,-122.288,2020,3750
295000.0,3,1.75,1930,13350,1.0,0,0,3,8,0,1967,0,98023,47.3317,-122.365,2270,13350
229950.0,4,1.75,1300,21000,1.0,0,0,4,7,0,1969,0,98001,47.3067,-122.285,2120,9920
345000.0,3,2.25,1690,14615,2.0,0,0,4,7,0,1979,0,98045,47.4492,-121.78,1390,11360
567500.0,3,1.0,1440,3060,1.5,0,0,4,7,0,1910,0,98115,47.6769,-122.307,1440,3570
1325000.0,3,2.5,2280,5000,2.0,0,3,4,9,0,1926,0,98105,47.6574,-122.278,2200,5000
516000.0,4,3.5,2550,8698,2.0,0,0,3,7,0,2007,0,98065,47.5216,-121.869,2430,5519
430000.0,3,3.75,3890,7140,1.0,0,2,3,8,1500,1943,2007,98178,47.5073,-122.239,1820,7320
367000.0,3,2.5,2260,93218,1.0,0,2,4,6,0,1998,0,98022,47.2582,-121.935,2180,111078
763000.0,4,1.75,1850,4388,2.0,0,0,5,8,0,1941,0,98117,47.6885,-122.381,1410,4107
620000.0,3,2.5,2590,7237,2.0,0,0,3,8,0,2004,0,98125,47.7113,-122.309,1670,7648
650000.0,5,3.5,3990,10120,2.0,0,0,3,9,1170,1990,0,98011,47.741,-122.208,2750,9622
500000.0,3,1.5,1680,17409,1.0,0,0,3,7,0,1962,0,98033,47.6766,-122.176,1680,9101
358000.0,3,3.25,1410,1442,3.0,0,0,3,8,50,2006,0,98125,47.7183,-122.317,1500,1200
1950000.0,4,2.75,4020,18745,2.0,0,4,4,10,1190,1989,0,98004,47.6042,-122.21,3150,20897
459000.0,4,2.75,2790,6600,2.0,0,0,3,9,0,2000,0,98058,47.4362,-122.109,2900,6752
360000.0,3,1.75,1950,7260,1.0,0,0,3,8,430,1957,0,98133,47.7187,-122.33,1950,7548
935000.0,5,4.5,4230,9701,2.0,0,0,3,10,0,1999,0,98006,47.5444,-122.131,4130,12253
201000.0,3,1.0,1220,22443,1.0,0,0,4,7,0,1972,0,98001,47.2633,-122.245,1260,19950
470000.0,4,2.25,3380,9900,1.0,0,2,4,8,1690,1969,0,98166,47.4438,-122.34,2390,9900
345000.0,3,1.0,1250,17380,1.0,0,0,4,7,0,1970,0,98072,47.7502,-122.108,1410,18200
385000.0,3,2.0,1590,9912,2.0,0,0,3,8,0,2000,0,98070,47.3731,-122.43,1670,9912
780000.0,4,2.5,3690,13609,2.0,0,2,3,10,0,1996,0,98075,47.5872,-121.972,3600,13609
440000.0,4,2.5,2350,7203,2.0,0,0,3,8,0,1989,0,98059,47.5123,-122.151,2260,7274
991700.0,4,3.0,2290,2350,2.0,0,1,3,9,680,1924,2011,98116,47.574,-122.415,1610,3820
150000.0,2,1.0,790,7275,1.0,0,0,4,6,0,1944,0,98058,47.4771,-122.174,850,7399
545000.0,4,1.75,2040,53578,1.0,0,0,5,7,880,1959,0,98038,47.3844,-122.0,2040,53578
375000.0,4,1.75,1890,8000,1.0,0,0,4,7,640,1960,0,98133,47.7576,-122.333,1870,8270
239950.0,3,1.75,1670,6900,1.0,0,0,3,7,500,1978,0,98023,47.2975,-122.38,1740,7000
246500.0,3,1.5,1270,11600,1.0,0,0,4,7,0,1964,0,98031,47.4075,-122.196,1380,9945
290000.0,3,2.0,1360,6685,1.0,0,0,3,7,0,1952,0,98155,47.7365,-122.324,1300,8138
1085000.0,3,2.5,3630,11019,1.0,0,0,4,9,1480,1972,0,98040,47.561,-122.226,3150,13555
286000.0,3,1.75,1770,9000,1.0,0,0,3,7,680,1954,0,98168,47.4997,-122.326,1520,21141
454000.0,3,2.5,1590,4094,2.0,0,0,3,7,0,1991,0,98122,47.61,-122.293,1940,3924
181000.0,2,1.0,1310,4000,1.0,0,0,3,7,360,1942,0,98144,47.5798,-122.306,1310,4000
1030000.0,4,3.5,2730,5607,1.0,0,0,5,9,1070,1948,0,98199,47.6387,-122.396,1720,5400
800000.0,3,2.5,3240,7857,2.0,0,0,3,10,0,1994,0,98075,47.5857,-122.038,2970,7857
325000.0,3,2.5,1740,5267,2.0,0,0,3,7,0,1999,0,98038,47.3777,-122.023,2180,5000
433000.0,4,2.0,1840,4760,1.5,0,0,4,6,760,1929,0,98106,47.5297,-122.349,1170,5950
230000.0,3,1.0,1060,9946,1.0,0,0,4,7,0,1956,0,98188,47.4432,-122.282,1310,10619
456000.0,3,1.5,1440,28516,1.0,0,0,4,7,0,1975,0,98075,47.5829,-122.005,2080,27049
640000.0,4,2.5,2460,9973,1.0,0,0,4,8,900,1965,0,98177,47.7133,-122.361,1830,7200
898888.0,3,2.5,2080,3729,2.0,0,0,3,9,0,1996,0,98033,47.6731,-122.199,2080,4000
820000.0,4,2.5,2920,252648,2.0,0,0,3,10,0,2002,0,98027,47.4784,-122.048,2180,71874
315000.0,4,3.0,2210,4191,2.0,0,0,3,7,0,2004,0,98002,47.2959,-122.225,890,4288
685000.0,3,2.25,1710,1193,2.0,0,0,3,9,570,2014,0,98122,47.6173,-122.31,1510,1193
280927.0,4,2.25,2070,7350,2.0,0,0,4,8,0,1977,0,98032,47.3615,-122.274,2080,7210
815000.0,5,2.25,3410,35536,2.0,0,0,3,10,880,1974,0,98005,47.65,-122.155,3140,43453
329900.0,2,2.5,980,1021,3.0,0,0,3,8,0,2008,0,98117,47.6844,-122.387,980,1023
570000.0,4,2.0,2000,46902,2.0,0,0,3,8,0,1978,0,98075,47.5851,-122.072,2420,38130
312900.0,4,2.5,1630,4473,2.0,0,0,3,7,0,2003,0,98038,47.3546,-122.015,1830,5082
665000.0,3,2.0,1620,2640,1.5,0,0,5,8,0,1929,0,98115,47.6884,-122.322,1470,4080
399000.0,3,3.0,1520,1884,3.0,0,0,3,8,0,2009,0,98125,47.7176,-122.284,1360,1939
268000.0,3,1.75,1370,10050,1.0,0,1,4,7,0,1966,0,98023,47.3338,-122.341,1720,10050
515100.0,3,2.5,2074,4900,2.0,0,0,3,8,0,1997,0,98034,47.7327,-122.233,1840,7382
436952.0,4,2.5,2708,4772,2.0,0,0,3,9,0,2014,0,98092,47.3413,-122.178,2502,4900
1103990.0,4,3.5,2760,5040,2.0,0,2,3,9,0,1955,2005,98117,47.6756,-122.401,2370,5760
450000.0,3,2.25,1960,6500,2.0,0,0,4,8,0,1977,0,98052,47.6642,-122.129,1860,6160
544000.0,3,2.5,1760,1755,3.5,0,0,3,8,0,1998,0,98105,47.6688,-122.279,1700,1721
600000.0,2,1.0,910,2002,1.5,0,0,3,6,0,1900,0,98112,47.6188,-122.306,1190,1208
455000.0,4,2.25,2450,21000,1.0,0,2,4,8,800,1954,0,98166,47.4559,-122.344,1820,12480
535000.0,2,1.75,2330,7280,1.0,0,0,3,7,880,1982,0,98188,47.4282,-122.28,1830,12178
480000.0,4,2.25,2520,2370,2.0,0,0,3,8,830,1908,0,98122,47.6109,-122.303,1530,2370
397990.0,3,1.0,1180,11862,1.0,0,0,4,7,0,1948,0,98177,47.7153,-122.363,1540,8100
541800.0,4,2.5,3118,7866,2.0,0,2,3,9,0,2014,0,98001,47.2931,-122.264,2673,6500
501000.0,2,1.75,1810,7523,1.0,0,0,3,8,640,1962,1980,98027,47.5695,-122.087,2090,7523
413100.0,3,2.25,1790,231303,1.0,0,0,3,7,540,1980,0,98077,47.7558,-122.027,2090,93654
495000.0,3,1.0,1570,5510,1.0,0,0,4,7,500,1940,0,98115,47.6942,-122.319,1770,6380
576000.0,3,1.75,1500,13891,1.0,0,0,4,7,0,1951,0,98005,47.5866,-122.175,2020,13891
314000.0,5,2.75,2210,13500,1.0,0,0,5,7,750,1963,0,98188,47.4468,-122.282,1590,10850
393000.0,4,2.5,2641,8091,2.0,0,0,3,7,0,1998,0,98031,47.4043,-122.213,2641,8535
437500.0,4,2.5,2680,7513,2.0,0,0,3,8,0,1998,0,98059,47.4956,-122.161,2640,7243
210000.0,2,1.0,750,34133,1.0,0,0,3,6,0,1950,0,98168,47.4781,-122.294,1460,25792
550000.0,3,1.0,1110,6000,1.0,0,0,3,7,0,1904,0,98109,47.6461,-122.357,1460,6000
715000.0,4,2.5,2780,13521,2.0,0,0,3,10,0,1987,0,98074,47.6374,-122.042,2980,11454
307550.0,4,2.5,1980,5909,2.0,0,0,3,8,0,2003,0,98031,47.3913,-122.185,2550,5487
945000.0,5,3.5,4380,14925,2.0,0,0,3,11,0,2003,0,98075,47.5848,-121.969,4310,14633
685530.0,4,2.5,3130,60467,2.0,0,0,3,9,0,1996,0,98014,47.6618,-121.962,2780,44224
227064.0,3,1.5,1570,10824,2.0,0,0,3,7,0,1908,0,98118,47.54,-122.275,1530,8125
330000.0,2,1.0,880,1753,2.0,0,0,4,7,0,1945,0,98199,47.6475,-122.397,1010,1748
425000.0,3,2.5,1930,4500,2.0,0,0,3,8,0,1990,0,98029,47.5791,-122.001,1770,4500
470000.0,4,1.0,1740,37238,1.5,0,0,4,7,0,1932,0,98024,47.5651,-121.902,1810,18352
744000.0,3,2.5,2020,7512,2.0,0,0,4,8,0,1981,0,98033,47.6927,-122.206,2410,8500
1100000.0,5,2.75,2520,4643,1.5,0,0,4,8,400,1916,0,98112,47.6348,-122.301,2100,4564
1125000.0,5,3.0,3690,10260,1.0,0,4,4,9,1620,1967,0,98005,47.5919,-122.176,3160,14000
265000.0,2,1.0,940,9458,1.0,0,0,3,6,0,1948,0,98155,47.7523,-122.311,1450,9458
695000.0,4,2.75,2660,7389,2.0,0,0,3,9,0,2002,0,98075,47.5993,-121.977,2820,7388
206000.0,2,2.5,1280,1566,2.0,0,0,3,7,0,2005,0,98055,47.4336,-122.195,1460,1845
315000.0,3,2.5,1950,9618,2.0,0,0,3,7,0,1992,0,98031,47.4068,-122.18,1890,7133
570000.0,2,2.0,1140,690,2.0,0,0,3,8,380,2014,0,98112,47.6205,-122.3,1480,1171
372000.0,3,2.5,2430,5000,2.0,0,0,3,8,0,2001,0,98042,47.3786,-122.127,2910,5620
371000.0,4,1.75,1610,11305,1.0,0,0,3,7,0,1968,0,98034,47.727,-122.176,1870,11850
200000.0,3,1.5,1090,9600,1.0,0,0,4,7,0,1968,0,98042,47.3639,-122.109,1240,9620
1210000.0,4,3.25,3330,9000,2.0,0,0,3,9,460,2004,0,98033,47.6836,-122.208,2550,6349
237000.0,3,1.75,2000,12208,1.0,0,0,3,7,860,1979,0,98032,47.3752,-122.236,1060,8194
660000.0,3,2.0,2080,5750,1.0,0,0,5,7,1040,1926,0,98116,47.5791,-122.392,1710,4830
279950.0,3,1.5,1520,7200,1.0,0,0,4,7,360,1990,0,98198,47.3855,-122.302,1460,7200
976000.0,4,1.5,3120,7680,1.0,0,3,3,8,1460,1956,0,98199,47.646,-122.39,2900,7680
425000.0,4,2.25,2660,11200,2.0,0,0,4,8,0,1972,0,98059,47.4722,-122.131,2090,11120
620000.0,5,3.25,3160,10587,1.0,0,0,5,7,970,1960,0,98034,47.7238,-122.165,2200,7761
438000.0,3,1.0,1200,4000,1.5,0,0,4,6,0,1923,0,98144,47.5881,-122.299,1390,4000
410000.0,3,1.75,1530,26642,1.0,0,0,3,7,350,1988,0,98072,47.7422,-122.097,1550,13566
610000.0,4,3.0,2600,29539,1.0,0,0,3,8,0,1994,0,98028,47.746,-122.231,1810,11600
735000.0,4,1.75,2460,5100,1.5,0,0,5,7,1010,1909,0,98115,47.6782,-122.3,1560,5100
527700.0,5,2.5,2820,9375,1.0,0,0,4,8,1270,1968,0,98006,47.5707,-122.128,2820,9375
870000.0,4,2.5,3190,14565,2.0,0,0,3,11,0,1990,0,98077,47.713,-122.072,3420,20475
620047.0,4,1.75,1760,6000,1.0,0,0,3,7,880,1946,0,98119,47.6508,-122.373,2040,6000
352000.0,3,2.25,1640,11050,1.0,0,0,4,8,0,1972,0,98059,47.4723,-122.121,1870,11050
475000.0,3,2.0,1230,11502,1.0,0,0,4,7,0,1984,0,98052,47.7017,-122.127,1660,11727
497000.0,3,2.25,1460,1353,2.0,0,0,3,8,410,2012,0,98116,47.5774,-122.412,1690,3776
264500.0,3,2.5,1630,8346,1.0,0,0,3,8,0,1990,0,98092,47.2622,-122.219,2110,8619
295000.0,2,2.5,1630,1368,2.0,0,0,3,7,350,2009,0,98106,47.5489,-122.363,1590,2306
675000.0,3,1.75,1680,10500,1.0,0,0,4,8,0,1959,0,98005,47.6098,-122.169,2250,10400
166000.0,2,1.0,870,8487,1.0,0,0,4,6,0,1944,0,98178,47.4955,-122.239,1350,6850
440000.0,4,1.75,2180,10200,1.0,0,2,3,8,180,1966,0,98028,47.7638,-122.27,2590,10445
340000.0,4,1.75,1400,8374,1.0,0,0,3,7,0,1953,0,98166,47.4735,-122.344,1420,8360
146300.0,3,1.0,1200,9668,1.0,0,0,5,6,0,1975,0,98092,47.3156,-122.128,1200,9800
140000.0,2,1.0,900,6400,1.0,0,0,2,6,0,1940,0,98118,47.5287,-122.281,1350,6405
1575000.0,4,3.25,3410,10125,2.0,0,0,3,10,0,2007,0,98040,47.5653,-122.223,2290,10125
305000.0,2,2.5,1590,2656,2.0,0,0,3,7,370,2009,0,98106,47.5489,-122.364,1590,2306
600000.0,4,1.75,3050,9440,1.0,0,0,3,8,1250,1966,0,98034,47.7228,-122.183,2020,8660
403000.0,3,2.25,1840,13020,1.0,0,0,3,8,450,1980,0,98052,47.6923,-122.095,2210,13020
600000.0,2,1.0,1040,3600,1.0,0,0,4,7,0,1919,1980,98112,47.619,-122.311,2250,4800
301350.0,3,3.0,1860,7440,1.0,0,0,5,7,820,1954,0,98178,47.5035,-122.255,1490,8160
440000.0,3,2.25,1760,1800,2.0,0,0,3,7,430,1983,0,98199,47.6579,-122.394,1150,4575
306000.0,3,1.5,1250,8700,1.0,0,0,4,7,0,1959,0,98168,47.4744,-122.328,1300,8700
340000.0,4,2.5,2181,5521,2.0,0,0,3,8,0,2006,0,98001,47.3503,-122.291,2333,5143
299950.0,3,1.5,1940,8951,1.0,0,0,3,7,640,1958,0,98168,47.473,-122.328,2000,8319
530000.0,4,2.5,3250,4500,2.0,0,0,3,8,0,2008,0,98059,47.4944,-122.15,3030,4598
851000.0,5,3.25,3760,9792,2.0,0,0,3,9,1210,1984,0,98006,47.5654,-122.115,2960,16500
463000.0,3,1.0,1250,7700,1.0,0,0,4,7,0,1955,0,98007,47.5974,-122.149,1520,7700
365000.0,3,1.0,1380,30940,2.0,0,0,3,8,0,1976,0,98042,47.334,-122.106,2350,32500
756000.0,3,2.5,3560,8297,1.0,0,2,4,8,1910,1948,0,98199,47.6473,-122.407,2760,8297
560000.0,2,1.75,970,4233,1.0,0,0,4,7,0,1944,0,98199,47.6384,-122.4,1340,4233
241000.0,3,1.0,1150,10000,1.0,0,0,3,6,150,1951,0,98178,47.5075,-122.262,1340,10000
275000.0,2,1.0,900,57063,1.0,0,0,4,6,0,1938,0,98045,47.4735,-121.786,1440,268765
1240000.0,3,2.5,2660,1973,3.0,0,3,3,9,790,2007,0,98119,47.6264,-122.364,1640,1369
715000.0,4,3.0,1986,6000,2.0,0,2,4,8,240,1922,0,98136,47.5374,-122.39,1930,6200
361500.0,2,1.0,840,3860,1.0,0,0,4,6,0,1909,0,98117,47.6842,-122.365,1390,3860
430000.0,3,1.75,1610,7900,1.0,0,0,4,8,300,1960,0,98177,47.7588,-122.36,2210,7700
1990000.0,5,3.0,4480,5000,2.5,0,0,5,12,1060,1902,0,98112,47.6275,-122.315,3220,5600
629000.0,5,2.0,2050,3000,1.5,0,0,3,7,580,1912,1984,98103,47.6864,-122.352,1560,4500
825000.0,3,1.75,1930,8442,1.0,0,0,4,7,0,1953,0,98004,47.6313,-122.204,1790,8442
253101.0,3,2.0,1239,6036,1.0,0,0,3,7,0,2009,0,98030,47.3689,-122.175,2060,5746
425000.0,4,2.25,2200,8384,1.0,0,0,3,7,950,1959,0,98155,47.753,-122.317,1750,8384
990000.0,3,4.0,2550,3900,2.0,0,2,3,8,500,1940,2003,98199,47.6415,-122.392,2340,6400
235000.0,4,2.5,1810,39639,1.0,0,0,3,7,580,1970,0,98042,47.3472,-122.11,1810,44866
5350000.0,5,5.0,8000,23985,2.0,0,4,3,12,1280,2009,0,98004,47.6232,-122.22,4600,21750
146000.0,3,1.0,900,4770,1.0,0,0,3,6,0,1969,2009,98023,47.3038,-122.362,900,3480
558000.0,2,2.0,1580,5750,1.0,0,0,5,6,790,1910,0,98116,47.5668,-122.384,1580,5750
310000.0,1,0.75,520,2885,1.0,0,0,4,6,0,1947,0,98117,47.6886,-122.378,980,4241
351000.0,4,1.0,1550,7260,1.0,0,0,4,6,0,1959,0,98008,47.6229,-122.121,1210,7260
350000.0,3,1.75,1900,10225,1.0,0,0,4,8,680,1963,0,98166,47.4781,-122.357,1850,12630
235000.0,3,1.0,1170,11100,1.0,0,0,4,6,0,1968,0,98059,47.4954,-122.164,2080,8481
496700.0,3,2.5,1740,5782,2.0,0,0,4,8,0,1989,0,98029,47.5783,-122.001,2080,5782
530000.0,2,1.75,1170,976,2.0,0,0,3,9,390,2010,0,98102,47.6192,-122.316,1280,1183
415000.0,3,1.5,1860,9003,1.0,0,0,3,7,370,1955,0,98028,47.7624,-122.26,2090,11574
610000.0,4,2.5,2300,10843,2.0,0,0,5,8,0,1955,0,98033,47.6988,-122.202,1780,10843
587000.0,4,2.5,2550,6256,2.0,0,0,3,9,0,1992,0,98072,47.7742,-122.166,2460,8256
835000.0,4,2.5,3030,29163,2.0,0,0,3,10,0,1998,0,98053,47.6569,-122.02,2780,40669
899950.0,4,3.5,3290,5414,2.0,0,1,3,9,930,2006,0,98034,47.7074,-122.219,1820,9609
598600.0,4,2.75,3470,212639,2.0,0,0,3,7,1400,1993,0,98019,47.7066,-121.968,2370,233917
313950.0,3,1.0,1510,6083,1.0,0,0,4,6,650,1940,0,98115,47.6966,-122.324,1510,5712
362000.0,4,2.5,2360,7370,1.0,0,0,3,7,900,1985,0,98125,47.7201,-122.308,1590,9906
875000.0,4,1.75,2180,9726,1.0,0,0,4,9,0,1966,0,98040,47.5359,-122.233,2560,10244
895000.0,6,2.5,3550,6533,2.0,0,0,3,8,0,1925,0,98144,47.5719,-122.284,3140,6234
750000.0,4,2.25,2160,9525,1.0,0,0,3,8,1080,1961,0,98040,47.5651,-122.221,2780,9525
300000.0,4,1.0,1730,177657,1.5,0,0,3,5,0,1948,0,98065,47.5163,-121.829,1400,45175
907500.0,4,2.5,2770,8642,2.0,0,0,4,9,0,1987,0,98007,47.6599,-122.146,2670,9000
496000.0,2,1.0,1420,4635,2.0,0,0,4,7,0,1941,1973,98115,47.68,-122.304,1810,4635
675000.0,3,2.5,1300,1590,2.0,0,0,3,8,200,2014,0,98109,47.6384,-122.343,1070,1223
533500.0,3,3.5,2490,3517,2.0,0,0,3,8,770,2005,0,98027,47.5341,-122.067,1600,2378
525000.0,4,2.0,2420,10735,1.5,0,0,3,7,0,1967,0,98052,47.6899,-122.122,1570,9540
550000.0,4,2.5,3350,6605,2.0,0,0,3,8,680,1990,0,98011,47.7498,-122.181,2730,5962
782000.0,4,1.75,1500,6820,1.5,0,0,5,7,0,1905,0,98117,47.6794,-122.37,1360,4125
260000.0,4,1.5,1540,7300,2.0,0,0,3,7,0,1973,0,98001,47.3317,-122.276,1580,7650
725000.0,3,2.5,2620,28703,1.0,0,0,3,10,0,1985,0,98052,47.7238,-122.114,2950,30290
1000000.0,3,2.5,2730,5832,2.0,0,0,3,9,0,1998,0,98005,47.6216,-122.161,2360,5832
650000.0,3,1.75,1970,54450,1.0,0,0,3,8,400,1980,0,98075,47.5936,-122.012,2460,36677
660000.0,3,3.5,2740,3785,2.0,0,0,3,9,550,2001,0,98034,47.7195,-122.182,2060,3457
752500.0,5,2.75,2720,4680,1.5,0,0,4,8,1010,1913,0,98107,47.6612,-122.363,1670,4800
515000.0,4,1.75,1730,7980,1.0,0,0,4,8,0,1965,0,98007,47.6219,-122.138,2080,8400
730000.0,4,1.0,1870,4992,1.5,0,0,4,7,200,1940,0,98199,47.6437,-122.396,2160,5239
900000.0,5,6.0,7120,40806,2.0,0,4,3,12,1640,2007,0,98006,47.5451,-122.114,3440,36859
566950.0,3,3.0,1730,1902,3.0,0,0,3,8,0,2014,0,98117,47.6944,-122.377,1830,1804
967000.0,4,2.5,3100,7250,2.0,0,0,3,9,0,2010,0,98115,47.6961,-122.316,1240,6670
550388.0,3,3.0,1720,70567,1.0,0,2,5,7,0,1966,0,98027,47.4936,-122.069,2740,70567
415500.0,4,2.5,1750,4779,2.0,0,0,3,7,0,2009,0,98028,47.7608,-122.232,1580,4687
428040.0,3,2.5,2150,9266,2.0,0,0,3,8,0,1988,0,98028,47.7445,-122.248,2150,12550
190000.0,2,1.0,700,9500,1.0,0,0,3,6,0,1951,0,98118,47.5294,-122.276,1020,5617
475000.0,4,2.5,2240,7245,1.0,0,0,4,7,1100,1972,0,98034,47.7161,-122.17,1740,7350
230000.0,6,1.5,2140,36509,1.5,0,0,4,8,0,1903,1979,98001,47.2668,-122.252,1710,12000
929000.0,4,3.25,4030,57499,2.0,0,0,3,9,0,2002,0,98053,47.6617,-122.026,3470,57499
513000.0,2,1.0,1840,4322,1.0,0,0,4,7,680,1914,0,98144,47.5764,-122.289,1750,4322
1060000.0,4,3.5,3850,8100,2.0,0,1,3,11,1420,1995,0,98033,47.6855,-122.19,2620,9346
278000.0,3,2.25,1590,9425,1.0,0,0,3,7,420,1985,0,98058,47.4291,-122.16,1590,9394
354000.0,2,1.0,850,5225,1.0,0,0,3,7,0,1949,0,98126,47.5311,-122.38,1230,5225
525000.0,3,1.0,1500,6800,1.0,0,0,3,7,0,1943,0,98105,47.6706,-122.268,1500,6800
650000.0,5,1.75,1260,4500,1.5,0,0,3,7,0,1926,0,98119,47.6452,-122.369,1410,4388
500000.0,2,2.5,1950,2162,2.0,0,0,3,9,450,2012,0,98118,47.5622,-122.292,1800,2457
631500.0,4,2.0,2530,5650,1.5,0,0,4,8,620,1910,0,98116,47.5778,-122.382,1310,5750
244500.0,2,1.0,910,9000,1.0,0,0,3,5,0,1923,0,98065,47.526,-121.81,1290,9000
895000.0,3,2.0,2160,105415,1.0,0,0,3,10,0,1991,0,98059,47.4806,-122.152,2760,9620
225000.0,3,2.25,1470,6808,1.0,0,0,3,7,310,1984,0,98023,47.2884,-122.365,1570,7881
520000.0,11,3.0,3000,4960,2.0,0,0,3,7,600,1918,1999,98106,47.556,-122.363,1420,4960
394000.0,5,3.25,3620,4650,2.0,0,0,3,8,830,2004,0,98038,47.3552,-122.026,2850,4650
268000.0,3,2.0,1610,8416,1.0,0,0,3,7,0,1994,0,98031,47.397,-122.187,1600,8308
590000.0,4,2.75,2400,104108,2.0,0,0,3,8,0,1988,0,98027,47.4686,-121.989,2270,54450
1057000.0,2,1.5,2370,184231,2.0,0,0,3,11,0,2005,0,98045,47.4543,-121.778,3860,151081
292500.0,2,1.0,880,17743,1.0,0,0,4,5,0,1951,0,98031,47.4115,-122.197,1217,13000
899100.0,5,2.5,2410,15300,1.0,0,0,4,8,1010,1975,0,98040,47.5416,-122.231,2440,15300
799000.0,4,2.5,3400,6742,2.0,0,0,3,9,0,2004,0,98052,47.7067,-122.129,2970,6909
2546000.0,4,3.0,4190,8805,2.5,0,2,5,9,700,1928,0,98112,47.6181,-122.284,3780,8558
545000.0,4,2.0,5461,22880,1.0,0,0,4,9,2196,1964,0,98032,47.3557,-122.29,1940,10995
439000.0,3,2.5,1680,2801,2.0,0,0,3,7,0,2011,0,98011,47.745,-122.181,1920,2723
479950.0,3,2.0,2260,7163,1.0,0,0,3,9,0,2012,0,98058,47.4593,-122.136,2340,6730
289000.0,2,1.0,780,4132,1.0,0,0,3,7,0,1942,0,98136,47.5324,-122.387,1100,5100
703000.0,3,2.0,1360,5980,1.5,0,0,3,8,0,1945,2008,98116,47.5852,-122.388,1520,4440
730000.0,4,2.5,3230,7331,2.0,0,0,3,10,0,2004,0,98075,47.5823,-121.97,3480,7447
320000.0,3,2.0,1250,8636,1.0,0,0,5,7,0,1968,0,98059,47.5066,-122.159,1620,7653
580000.0,3,1.75,1850,5100,1.0,0,0,3,7,830,1909,0,98105,47.6605,-122.326,1850,5100
269000.0,3,2.25,1420,7297,1.0,0,0,3,7,290,1984,0,98031,47.4046,-122.194,1730,7419
825000.0,4,1.5,2040,6900,2.0,0,0,3,9,0,1903,0,98112,47.6188,-122.285,3150,8220
310000.0,2,1.0,1050,2699,1.0,0,0,3,7,0,2005,0,98029,47.5471,-121.996,1240,2671
675000.0,3,2.0,1010,5973,1.0,0,0,5,6,0,1942,0,98033,47.6652,-122.202,1920,6015
335000.0,4,2.5,2240,9701,2.0,0,0,3,9,0,1989,0,98023,47.3086,-122.392,2240,9410
730000.0,4,1.5,2340,5000,2.0,0,0,3,8,240,1912,0,98122,47.6065,-122.291,2320,5500
1015000.0,3,3.25,3620,4000,2.0,0,0,3,10,890,2005,0,98199,47.6393,-122.403,1910,5000
427005.0,3,3.0,1460,1200,3.0,0,0,3,8,0,2006,0,98117,47.7,-122.367,1460,1245
380000.0,2,2.5,1230,987,2.0,0,0,3,7,170,2011,0,98144,47.6007,-122.305,1290,1328
225500.0,3,1.0,1100,5200,1.0,0,0,4,6,0,1969,0,98042,47.3643,-122.081,920,5200
425000.0,3,1.75,1560,9452,1.0,0,0,4,8,0,1974,0,98056,47.5197,-122.18,2200,9985
386500.0,4,1.0,1400,3600,1.0,0,0,4,6,700,1901,0,98144,47.5972,-122.295,1690,3600
865000.0,3,3.75,3830,219106,2.0,0,0,3,9,0,1977,1999,98027,47.5432,-121.952,2440,219106
1206690.0,5,4.25,4150,12015,2.0,0,0,3,10,0,2014,0,98075,47.5816,-122.021,3230,27520
210000.0,2,1.0,880,9750,1.0,0,0,5,6,0,1938,0,98168,47.4885,-122.298,1220,9406
588000.0,4,2.0,1680,5000,1.0,0,0,3,7,700,1950,0,98115,47.6858,-122.286,1680,6000
535000.0,5,2.75,2620,6389,2.0,0,0,3,9,0,2007,0,98028,47.77,-122.236,2620,4504
189000.0,2,1.0,790,7128,1.0,0,0,3,6,0,1944,0,98168,47.4873,-122.324,1110,7150
335000.0,2,1.75,1030,1066,2.0,0,0,3,7,265,2006,0,98136,47.5394,-122.387,1030,1106
470000.0,3,2.5,2280,6134,2.0,0,0,3,8,0,2004,0,98065,47.5335,-121.854,2640,6167
685000.0,3,1.5,2230,8558,2.0,0,0,3,8,0,1960,0,98040,47.5833,-122.219,2200,8558
397000.0,2,1.0,1030,12350,1.5,0,0,3,7,0,1942,0,98115,47.6984,-122.324,1790,6900
320000.0,3,1.0,1560,7552,1.0,0,0,4,6,650,1948,0,98155,47.7552,-122.327,1200,8152
1495000.0,4,3.25,3070,10375,2.0,0,0,3,10,890,1962,2005,98004,47.5862,-122.198,2500,11194
410000.0,3,1.0,1470,6500,1.0,0,0,4,7,0,1953,0,98166,47.473,-122.362,1470,9300
545000.0,4,1.5,1370,3708,1.5,0,0,3,7,0,1926,0,98117,47.6849,-122.363,2030,3708
305000.0,3,1.75,1660,11500,1.0,0,0,3,7,530,1979,0,98045,47.4473,-121.774,1250,11000
207500.0,3,1.0,1170,8816,1.0,0,0,4,6,0,1966,0,98023,47.3059,-122.368,1200,9108
865000.0,2,1.0,1470,5400,1.5,0,0,3,8,0,1912,0,98119,47.6391,-122.36,1760,3573
180500.0,3,1.5,1540,9800,1.0,0,0,3,7,530,1973,0,98058,47.4676,-122.184,1600,8250
320000.0,2,1.0,1120,5329,1.0,0,1,3,6,370,1929,0,98126,47.5421,-122.378,1530,5330
499500.0,3,2.5,2970,21907,2.0,0,0,3,9,0,1998,2006,98059,47.4741,-122.099,2040,27917
587206.0,3,3.5,1890,1710,2.0,0,0,3,8,250,1999,0,98103,47.6592,-122.349,1680,1562
345000.0,4,2.5,2331,3826,2.0,0,0,3,8,0,2007,0,98058,47.4444,-122.182,2441,3826
2180000.0,6,2.75,4710,11000,2.0,0,3,3,10,1020,1931,0,98105,47.6622,-122.272,2950,5300
1290000.0,4,2.5,3430,7200,2.0,0,0,3,9,0,2014,0,98033,47.6842,-122.196,1530,7800
1160000.0,3,2.75,2380,5572,2.0,0,4,3,9,450,1939,0,98105,47.6626,-122.271,3370,5500
705000.0,3,2.75,2260,4000,2.0,0,0,4,8,720,1956,0,98109,47.6435,-122.353,2120,4000
494900.0,3,2.5,2040,2500,2.0,0,0,3,7,570,2008,0,98126,47.573,-122.372,1410,2500
193000.0,3,1.5,1180,9048,1.0,0,0,3,7,0,1960,0,98148,47.4327,-122.328,1460,8942
538250.0,3,2.25,2590,15229,2.0,0,3,3,8,0,1984,0,98198,47.3948,-122.325,2590,15229
292500.0,3,2.25,1390,6004,2.0,0,0,3,8,0,1993,0,98038,47.3536,-122.047,1630,6397
740000.0,6,2.25,3140,10250,1.0,0,0,4,8,1570,1959,0,98005,47.6116,-122.169,2320,10250
500000.0,3,2.0,1720,5525,1.0,0,2,5,7,760,1941,0,98108,47.559,-122.298,1760,5525
290000.0,3,1.75,1340,63597,1.0,0,0,4,7,0,1963,0,98038,47.4379,-122.011,1950,87120
472217.0,3,2.5,2010,2212,2.0,0,0,3,8,620,2014,0,98029,47.5523,-121.998,1690,1619
255000.0,3,1.5,1340,8450,1.0,0,0,4,7,0,1958,0,98188,47.4405,-122.28,1340,8920
415000.0,3,1.0,1570,11752,1.5,0,0,5,8,0,1930,0,98133,47.7686,-122.348,2010,8291
659950.0,3,2.5,2990,9413,2.0,0,0,3,10,0,2006,0,98028,47.7341,-122.234,1940,9600
379000.0,5,2.75,3000,25175,1.0,0,0,4,7,1500,1961,0,98027,47.497,-122.088,2170,40523
149000.0,3,1.0,1700,8645,1.0,0,0,3,6,0,1955,0,98146,47.4899,-122.337,1500,7980
368500.0,5,1.75,2810,9360,1.0,0,0,4,7,1290,1965,0,98055,47.4361,-122.193,1770,9360
449000.0,3,2.25,1960,44634,1.0,0,0,3,7,830,1984,0,98028,47.7769,-122.253,1970,44634
405000.0,3,1.75,2470,9620,1.0,0,1,4,7,900,1962,0,98198,47.3996,-122.32,2600,9620
390000.0,4,1.0,1140,6250,1.5,0,0,3,6,0,1958,0,98126,47.5433,-122.375,1140,1370
299000.0,3,2.0,1730,6007,1.0,0,0,3,8,0,2004,0,98030,47.3573,-122.2,2000,6245
203700.0,3,2.0,1660,7958,1.0,0,0,3,7,530,1983,0,98092,47.3187,-122.171,1550,7647
259000.0,3,2.5,2740,7980,2.0,0,0,4,7,0,1964,0,98168,47.473,-122.3,1470,8611
375000.0,3,2.25,1140,1557,3.0,0,0,3,8,0,2007,0,98103,47.6947,-122.342,1140,1245
803000.0,2,1.0,1440,33747,1.5,0,0,3,7,0,1928,0,98034,47.7223,-122.209,1980,8400
290000.0,3,2.25,1610,3764,2.0,0,0,3,7,0,2012,0,98042,47.3589,-122.083,1610,3825
358000.0,4,2.5,1830,7308,2.0,0,0,3,7,0,2002,0,98038,47.3565,-122.015,1830,5692
300000.0,3,1.5,1590,8911,1.0,0,0,3,7,0,1956,0,98028,47.7394,-122.252,1590,9625
770000.0,4,3.5,3680,2242,2.5,0,0,3,9,1010,1930,2007,98112,47.6192,-122.307,1350,1288
849950.0,3,3.0,2990,9773,2.0,0,0,4,8,0,1973,0,98005,47.6344,-122.174,2230,11553
293000.0,3,2.5,1690,17383,2.0,0,0,3,7,0,2003,0,98038,47.3691,-122.031,2610,7999
354900.0,3,1.0,1720,16552,1.0,0,0,4,7,0,1971,0,98059,47.4772,-122.153,1550,15457
1620000.0,4,3.0,3900,9750,1.0,0,4,5,10,1380,1972,0,98006,47.5605,-122.158,3410,9450
670500.0,4,2.0,1590,6750,1.0,0,0,3,7,0,1951,0,98102,47.6406,-122.317,2370,4500
948000.0,3,2.5,3510,9824,2.0,0,0,3,9,0,2002,0,98075,47.5635,-122.032,3510,10588
589000.0,3,1.75,920,3600,1.0,0,0,4,6,100,1904,0,98119,47.6386,-122.365,1620,3600
670000.0,2,2.0,1500,761,3.0,0,3,3,8,0,2008,0,98103,47.6522,-122.346,1360,1527
525000.0,4,2.0,2260,7680,1.0,0,0,4,7,1130,1947,0,98177,47.7193,-122.361,1800,7680
799990.0,4,2.75,3110,6050,2.0,0,0,3,9,0,2014,0,98052,47.705,-122.126,3590,6054
998000.0,4,2.25,2910,10189,2.0,0,0,3,9,0,1988,0,98006,47.5465,-122.155,2780,10125
499950.0,2,2.5,1320,1157,2.0,0,0,3,8,330,2014,0,98107,47.6689,-122.363,1550,1519
375000.0,4,2.25,2100,12738,2.0,0,0,4,8,0,1975,0,98059,47.4698,-122.118,2000,12090
380000.0,3,1.75,1920,8775,1.0,0,0,3,7,0,1953,0,98166,47.4544,-122.351,1560,8100
667500.0,4,3.0,1920,4000,1.5,0,0,4,8,380,1931,0,98116,47.5718,-122.385,1660,4000
650000.0,4,1.75,2390,12000,1.0,0,0,3,8,920,1979,0,98052,47.7061,-122.163,2110,12000
316000.0,3,0.75,1270,10092,1.0,0,0,5,7,0,1971,0,98077,47.7567,-122.073,1300,10375
470000.0,3,1.5,1500,5000,1.5,0,0,4,7,360,1927,0,98117,47.679,-122.373,1500,5000
895000.0,3,2.5,2500,7746,2.0,0,0,4,10,590,1993,0,98112,47.6393,-122.311,2480,5099
382450.0,3,2.5,2220,20531,2.0,0,0,3,8,0,1998,0,98001,47.2864,-122.264,2420,19249
950000.0,4,2.5,3320,7644,2.0,0,0,3,10,0,1995,0,98006,47.5541,-122.106,3320,9472
280017.0,3,2.5,1850,8770,2.0,0,0,3,8,0,1996,0,98022,47.2091,-122.009,2350,8606
525000.0,3,2.0,1640,15258,1.0,0,0,3,8,0,1981,0,98074,47.6301,-122.037,1640,16345
250000.0,4,2.0,2010,7312,1.0,0,0,4,7,0,1976,0,98002,47.2785,-122.213,2010,7650
578500.0,3,1.0,1490,5700,1.5,0,0,3,7,0,1916,0,98103,47.6549,-122.331,2290,5700
670000.0,4,2.0,2250,4200,1.5,0,0,3,7,600,1909,0,98122,47.6136,-122.297,1200,3360
348000.0,3,1.75,1720,8867,1.0,0,0,3,8,400,1985,0,98058,47.44,-122.136,2200,9170
695000.0,2,2.5,2170,7665,1.0,0,2,3,8,0,2013,0,98053,47.7112,-122.019,2300,7100
316750.0,3,2.5,1256,1154,3.0,0,0,3,7,0,2005,0,98125,47.7146,-122.311,1309,1232
487000.0,4,2.5,2540,5001,2.0,0,0,3,9,0,2005,0,98108,47.5423,-122.302,2360,6834
325000.0,3,1.0,1490,57381,1.5,0,0,4,5,0,1932,0,98092,47.2597,-122.228,1580,101529
245000.0,3,1.0,910,6630,1.0,0,0,4,6,0,1912,0,98103,47.6947,-122.346,950,5100
533250.0,4,1.75,1520,15398,1.0,0,0,4,7,150,1960,0,98027,47.5265,-122.05,1840,12500
350000.0,4,2.25,1770,7778,2.0,0,0,3,7,0,1998,0,98031,47.4192,-122.201,1770,7591
952990.0,4,2.75,3550,6558,2.0,0,0,3,9,0,2013,0,98052,47.7076,-122.115,3140,5617
1665000.0,4,3.75,3450,8395,2.0,0,4,4,10,810,1993,0,98122,47.6134,-122.282,3180,5183
376000.0,2,2.0,1340,1635,2.0,0,0,3,8,0,2003,0,98029,47.5476,-122.005,1410,1375
650000.0,3,2.25,2150,21235,1.0,0,3,4,8,560,1959,0,98166,47.4336,-122.339,2570,18900
245560.0,2,1.5,1260,9693,1.0,0,0,3,7,0,1957,0,98177,47.7775,-122.365,1800,9693
1755000.0,3,2.0,2360,4800,2.0,0,0,3,9,0,1909,2014,98112,47.6317,-122.312,2260,4800
305000.0,5,2.25,2660,8400,1.5,0,0,5,7,0,1961,0,98092,47.2909,-122.189,1590,8165
315000.0,3,2.75,1780,15114,1.0,0,0,3,7,700,1980,0,98003,47.258,-122.305,1792,10155
792000.0,3,2.5,3320,12840,1.0,0,0,3,10,720,1990,0,98075,47.5783,-121.994,3230,14933
577000.0,3,2.5,2560,5238,2.0,0,0,3,8,0,2001,0,98053,47.6887,-122.04,2560,5185
1110000.0,4,2.75,3090,6600,1.0,0,2,3,9,1290,1956,0,98199,47.6339,-122.396,2380,5000
375000.0,3,2.5,1950,6871,2.0,0,0,3,8,0,1997,0,98155,47.7603,-122.307,1950,7663
436000.0,2,1.0,1040,7538,1.0,0,0,4,7,0,1939,0,98133,47.7107,-122.352,1440,7530
175000.0,6,1.5,1930,8400,1.0,0,0,3,7,900,1971,0,98146,47.4869,-122.34,1780,9520
359500.0,6,3.75,3190,4700,2.0,0,0,3,8,0,2003,0,98042,47.3724,-122.105,2680,5640
536000.0,3,2.5,1900,6224,2.0,0,0,3,7,0,2005,0,98075,47.5941,-122.004,2260,5450
500000.0,3,1.75,1530,825,3.0,0,0,3,8,0,2015,0,98144,47.5929,-122.308,1580,1915
425000.0,2,1.5,830,1241,2.0,0,0,3,7,0,2005,0,98119,47.6363,-122.368,1610,2666
265000.0,3,1.0,1000,9150,1.0,0,0,3,7,0,1969,0,98059,47.4829,-122.124,1490,10647
363000.0,2,2.0,920,1201,2.0,0,0,3,8,120,2009,0,98144,47.5926,-122.295,1150,1161
267500.0,3,2.25,1860,12000,1.0,0,0,4,7,0,1976,0,98092,47.2942,-122.19,1815,9604
755000.0,2,2.5,2170,6361,1.0,0,2,3,8,0,2009,0,98053,47.7109,-122.017,2310,7419
280000.0,2,1.5,1190,1265,3.0,0,0,3,7,0,2005,0,98133,47.7274,-122.357,1390,1756
575000.0,3,2.0,1750,5750,1.0,0,2,5,7,880,1956,0,98116,47.5579,-122.384,1750,5750
808100.0,4,3.25,3020,13457,1.0,0,0,5,9,0,1956,0,98133,47.7174,-122.336,2120,7553
700000.0,4,1.75,2360,6000,1.0,0,0,3,7,1080,1955,0,98109,47.6465,-122.357,1700,3460
270000.0,3,1.75,1260,7500,1.0,0,0,3,6,420,1947,0,98155,47.772,-122.323,1340,7500
268000.0,3,2.75,1880,1793,2.0,0,0,3,7,70,2001,0,98108,47.5405,-122.293,1800,2537
317000.0,3,1.5,1390,8300,1.0,0,0,4,7,0,1974,0,98019,47.7383,-121.983,1470,7500
110000.0,1,1.0,640,10280,1.0,0,0,2,5,0,1920,0,98126,47.5144,-122.368,1090,9000
483000.0,3,3.0,2440,15540,2.0,0,0,3,9,0,1992,0,98074,47.6104,-122.06,2440,15283
330000.0,3,2.5,1070,1155,2.0,0,0,3,7,350,2005,0,98102,47.5617,-122.385,1120,2594
759950.0,4,3.5,2100,7560,2.0,0,0,5,8,0,2005,0,98133,47.7076,-122.356,1250,7560
660000.0,4,2.25,3180,13653,2.0,0,0,3,9,0,1978,0,98074,47.6316,-122.05,2910,12350
285000.0,3,2.5,1590,9736,2.0,0,0,3,7,0,1985,0,98001,47.33,-122.278,1580,7500
516500.0,1,1.25,1100,638,3.0,0,0,3,9,0,2014,0,98112,47.6228,-122.307,1110,1933
615000.0,4,2.5,3010,6903,2.0,0,0,3,9,0,2001,0,98056,47.5213,-122.193,2860,6435
605000.0,4,3.25,2885,33671,2.0,0,0,4,8,0,1984,0,98027,47.5174,-122.046,1910,16000
276900.0,3,1.0,1270,7566,1.0,0,0,4,7,0,1958,0,98056,47.5074,-122.175,1780,7520
819000.0,3,1.0,1300,3600,2.0,0,0,3,7,0,1900,0,98119,47.6345,-122.366,2510,4800
1400000.0,5,3.0,3850,14990,1.0,0,0,4,9,1560,1964,0,98004,47.6425,-122.218,3010,15001
515000.0,4,2.5,2280,14810,1.0,0,0,5,8,780,1977,0,98056,47.5392,-122.186,2690,12196
765000.0,4,1.0,2520,5500,1.5,0,0,5,8,700,1912,0,98144,47.5785,-122.292,2350,5000
377500.0,3,2.5,1350,886,3.0,0,0,3,8,80,2006,0,98136,47.5491,-122.387,1350,886
742500.0,4,2.5,2620,4400,2.0,0,0,3,9,0,2004,0,98029,47.5524,-121.991,2640,4554
628000.0,4,2.0,2260,6000,1.0,0,0,3,8,830,1958,0,98115,47.6876,-122.298,2030,5874
392500.0,4,2.5,2150,7303,2.0,0,0,3,8,0,2005,0,98056,47.5109,-122.183,1940,9569
278000.0,4,2.0,1480,6324,1.0,0,0,3,7,0,1943,0,98122,47.6147,-122.302,1480,3600
530000.0,4,2.25,2210,7665,2.0,0,0,4,8,0,1968,0,98006,47.5424,-122.168,1960,7903
730000.0,2,2.25,2130,4920,1.5,0,4,4,7,600,1941,0,98116,47.573,-122.409,2130,4920
815000.0,4,1.75,1820,4500,1.5,0,0,3,8,0,1921,0,98119,47.6429,-122.36,1870,3600
410000.0,3,2.5,1509,1418,3.0,0,0,3,8,0,2014,0,98133,47.7047,-122.34,1509,1991
2125000.0,4,2.75,3190,19513,2.0,0,4,4,10,0,1982,0,98034,47.6991,-122.235,2750,13496
265000.0,4,2.25,2300,9100,1.0,0,0,3,7,1020,1977,0,98058,47.4576,-122.16,1640,9100
1387000.0,4,4.5,4490,24767,2.0,0,2,3,11,690,1998,0,98006,47.5544,-122.147,3370,32700
345000.0,2,1.0,860,8250,1.0,0,0,3,7,0,1940,0,98133,47.7132,-122.334,1780,11200
650000.0,4,2.5,2580,9450,1.0,0,0,4,8,920,1959,0,98125,47.703,-122.28,2060,9450
359950.0,3,1.75,1890,9100,2.0,0,0,4,7,0,1952,0,98133,47.7676,-122.339,1640,9100
540500.0,3,2.0,2800,185130,1.0,0,0,3,8,480,1996,0,98038,47.4133,-122.006,2200,72055
550000.0,3,2.0,1810,12825,1.0,0,0,4,7,0,1960,0,98007,47.5953,-122.14,1490,10800
715000.0,4,1.0,2000,4800,2.0,0,0,4,7,0,1911,0,98103,47.6583,-122.351,1260,1452
452000.0,4,2.5,2716,7850,2.0,0,0,3,9,0,2014,0,98030,47.352,-122.197,2580,14448
555000.0,3,1.75,1270,9170,1.0,0,0,3,7,0,1969,0,98052,47.6706,-122.151,1700,8500
306000.0,3,1.0,1190,10350,1.0,0,0,4,7,0,1959,0,98028,47.7428,-122.244,1850,10500
689000.0,4,2.5,2440,11700,1.0,0,0,5,8,960,1961,0,98006,47.5606,-122.184,2140,10807
415000.0,5,1.75,1960,3748,1.0,0,0,3,7,980,1965,0,98133,47.7027,-122.349,1410,3844
760500.0,3,2.0,1990,3990,1.0,0,0,5,7,860,1912,0,98103,47.6572,-122.333,1710,4000
549950.0,3,2.5,2160,6288,2.0,0,0,3,8,0,1996,0,98133,47.7655,-122.35,1830,7600
445000.0,3,2.25,1990,7340,2.0,0,0,3,8,0,1984,0,98072,47.7579,-122.141,2180,11223
313000.0,2,1.5,870,747,2.0,0,0,3,8,70,2004,0,98103,47.6967,-122.342,1710,1280
780000.0,5,1.75,2330,3800,1.5,0,0,3,7,970,1927,0,98115,47.6835,-122.308,2100,3800
485000.0,3,2.5,1840,8250,1.0,0,1,3,8,500,1958,0,98177,47.7767,-122.378,1970,7920
563750.0,4,2.75,2690,25000,1.0,0,0,3,8,940,1978,0,98029,47.5537,-122.026,2640,28250
480000.0,4,2.5,2700,9700,1.0,0,0,3,8,1030,1978,0,98011,47.7752,-122.198,2470,9228
240000.0,3,1.75,1780,5000,1.5,0,0,3,6,700,1957,0,98146,47.5105,-122.36,1500,5000
325000.0,3,2.0,1570,5600,1.0,0,0,3,8,0,1999,0,98058,47.4286,-122.185,2010,5600
2630000.0,6,4.75,5540,7200,2.5,0,2,4,11,1590,1909,0,98119,47.6361,-122.366,2930,7200
398000.0,5,2.5,3004,5700,2.0,0,0,3,9,0,2006,0,98030,47.3801,-122.185,2665,5700
572500.0,3,2.0,2290,11200,2.0,0,0,3,9,0,1979,0,98052,47.6517,-122.124,2250,10000
220000.0,3,1.75,1290,8250,1.0,0,0,3,7,0,1983,0,98001,47.3353,-122.27,1410,7823
299000.0,4,2.5,2350,6958,2.0,0,0,3,9,0,1998,0,98092,47.3321,-122.172,2480,6395
350000.0,3,1.0,1790,3876,1.5,0,0,5,7,700,1904,0,98144,47.575,-122.288,1360,4080
520000.0,3,1.75,1940,219527,1.0,0,0,3,7,0,1991,0,98038,47.4214,-122.02,2060,108900
277000.0,3,1.0,1140,8144,1.0,0,0,3,7,0,1956,0,98155,47.7464,-122.317,1150,8144
585000.0,5,1.75,1880,16617,1.0,0,0,3,7,920,1963,0,98007,47.6003,-122.132,1720,8400
383000.0,4,2.5,2160,6223,2.0,0,0,3,8,0,2010,0,98038,47.3494,-122.042,2160,5555
280000.0,1,0.0,600,24501,1.0,0,0,2,3,0,1950,0,98045,47.5316,-121.749,990,22549
440000.0,3,1.0,1050,7500,1.0,0,0,3,6,0,1900,0,98136,47.5473,-122.396,1380,7500
219950.0,3,1.0,1300,9620,1.0,0,0,3,7,0,1971,0,98003,47.282,-122.331,1420,9620
402000.0,5,2.75,2770,7620,1.0,0,0,3,7,1070,1965,0,98106,47.5188,-122.348,1720,7620
402500.0,3,1.75,1480,2211,2.0,0,0,3,7,0,1995,0,98103,47.6966,-122.35,1480,2197
220000.0,3,1.75,1900,7680,1.0,0,0,3,7,640,1959,0,98178,47.5081,-122.266,2000,7740
3200000.0,6,5.0,7100,18200,2.5,0,0,3,13,1860,1933,2002,98199,47.6427,-122.408,3130,6477
270000.0,3,1.75,1800,7763,1.0,0,0,3,6,330,1984,0,98030,47.3766,-122.184,1440,7483
490000.0,4,2.5,2120,7820,1.0,0,0,3,8,840,1975,0,98052,47.6743,-122.145,2350,8605
680000.0,3,1.75,1870,4320,1.0,0,0,4,7,900,1920,0,98103,47.6663,-122.357,1810,3900
535000.0,2,3.5,2560,5000,1.0,0,0,4,6,1280,1944,0,98107,47.6681,-122.368,1390,4000
345000.0,3,1.75,710,5050,1.0,0,0,4,6,0,1950,0,98126,47.5194,-122.375,900,5050
399950.0,3,2.5,1470,4488,2.0,0,0,5,7,0,1980,0,98034,47.723,-122.162,1400,4441
439500.0,3,2.5,2050,40003,1.0,0,0,4,8,480,1977,0,98027,47.47,-122.0,2700,46769
500000.0,3,2.0,2050,11454,1.0,0,0,3,8,0,1987,0,98052,47.6389,-122.11,1980,11424
693000.0,4,2.5,3160,13063,2.0,0,0,3,10,0,1999,0,98075,47.5996,-122.021,3350,14213
830000.0,4,2.25,2180,11056,1.0,0,0,3,8,810,1963,0,98004,47.6042,-122.193,2090,8747
429950.0,4,2.5,2320,4524,2.0,0,0,3,8,0,2004,0,98059,47.4798,-122.136,2330,4524
917000.0,4,2.5,3500,10891,2.0,0,2,3,10,0,1995,0,98027,47.5533,-122.093,3820,13521
300000.0,2,1.0,970,13700,1.0,0,0,3,6,0,1949,0,98106,47.515,-122.362,1570,10880
225000.0,3,1.0,1000,9295,1.0,0,0,3,7,0,1955,0,98146,47.484,-122.346,1320,13500
422000.0,4,2.5,2310,6650,2.0,0,2,3,8,0,2012,0,98166,47.4513,-122.267,1800,9819
495000.0,4,2.5,2310,7555,2.0,0,0,3,9,0,1997,0,98155,47.7544,-122.303,1980,8416
469000.0,5,2.5,2240,7543,1.0,0,0,3,7,1100,1966,0,98177,47.7756,-122.372,2110,7408
439000.0,1,1.0,790,2400,1.0,0,0,3,7,0,1918,0,98122,47.6178,-122.299,1580,2566
285000.0,2,2.5,1380,1073,2.0,0,0,3,7,240,2011,0,98126,47.5462,-122.369,1580,2036
290000.0,1,2.0,1240,4800,2.0,0,0,3,6,0,1910,0,98055,47.4778,-122.211,1030,4800
353000.0,3,1.75,2190,7021,1.0,0,2,4,7,800,1953,0,98178,47.5033,-122.232,2180,7155
507000.0,4,2.25,1490,956,2.0,0,0,3,7,470,2005,0,98122,47.6184,-122.301,1510,1350
735000.0,3,2.5,2390,9157,2.0,0,0,3,9,0,1984,0,98052,47.6617,-122.15,2360,8250
750000.0,4,2.75,2310,10232,1.0,0,0,5,8,1000,1980,0,98006,47.5515,-122.153,2820,9886
540000.0,3,2.25,2100,20018,1.0,0,4,3,8,630,1948,0,98166,47.4544,-122.366,2410,17196
250000.0,3,2.0,1440,5457,2.0,0,0,3,7,0,1986,0,98038,47.3784,-122.046,1480,6286
654300.0,3,2.5,2490,8582,2.0,0,0,3,9,0,2000,0,98074,47.625,-122.042,2870,7598
499950.0,3,1.5,1350,9315,1.0,0,0,3,7,0,1968,0,98052,47.6587,-122.124,1840,9920
665000.0,4,2.5,2790,43091,2.0,0,0,4,9,0,1989,0,98077,47.7759,-122.08,2750,35290
370000.0,3,1.75,1290,10117,1.0,0,0,3,7,0,1984,0,98072,47.7598,-122.146,1770,11839
299000.0,5,2.5,1940,9389,1.0,0,0,4,7,650,1960,0,98155,47.7438,-122.328,1810,9390
360000.0,3,1.75,1330,7482,1.0,0,0,4,7,0,1975,0,98034,47.7322,-122.207,1480,8096
195000.0,3,1.0,1280,6967,1.5,0,0,3,7,0,1949,0,98155,47.7512,-122.329,1280,7245
499000.0,3,2.5,1720,5940,1.0,0,0,4,8,720,1977,0,98052,47.6631,-122.129,1720,6136
320000.0,4,2.5,2190,7125,2.0,0,0,5,8,0,1978,0,98032,47.3709,-122.285,2190,8075
359900.0,5,2.25,2290,7420,1.0,0,0,3,7,1000,1973,0,98058,47.4375,-122.166,1660,7526
2160000.0,3,3.5,3080,6495,2.0,0,3,3,11,550,1996,2006,98199,47.6321,-122.393,4120,8620
602500.0,2,2.5,3090,47044,1.0,0,0,4,10,840,1979,0,98058,47.4291,-122.177,1860,62829
410000.0,3,1.75,1640,17583,1.0,0,0,3,7,530,1969,0,98034,47.726,-122.203,1420,11680
464000.0,6,3.0,2300,3404,2.0,0,0,3,7,700,1920,1994,98133,47.7067,-122.343,1560,1312
695000.0,3,2.5,4560,17622,2.0,0,0,4,9,760,1986,0,98074,47.621,-122.03,2360,15000
154000.0,2,1.0,1040,20524,1.0,0,3,3,6,0,1949,1989,98014,47.6981,-121.875,1880,38996
605000.0,3,1.75,1920,7400,1.0,0,0,4,8,660,1977,0,98006,47.5633,-122.131,2360,8048
615000.0,3,3.5,2710,3326,2.0,0,0,3,8,1060,2005,0,98027,47.5371,-122.073,2280,2738
280000.0,2,1.5,1480,15641,1.0,0,0,4,7,0,1940,0,98146,47.5008,-122.366,1520,7525
446000.0,2,1.5,1370,1221,2.0,0,0,3,8,290,2008,0,98122,47.6039,-122.307,1560,2081
1140000.0,4,2.25,3310,127631,2.0,0,0,5,9,0,1924,1956,98072,47.732,-122.134,3830,43959
606150.0,4,1.75,1770,9848,1.0,0,0,3,8,400,1967,0,98008,47.6208,-122.099,2040,9587
216000.0,2,1.0,1130,12500,1.0,0,0,4,7,0,1953,0,98055,47.4514,-122.187,1270,10798
207000.0,3,1.5,1460,11100,1.0,0,0,3,7,0,1956,0,98003,47.3253,-122.298,1460,11100
1175000.0,3,2.5,1970,23180,1.0,1,4,3,8,870,1937,1998,98136,47.5495,-122.398,3030,34689
607010.0,4,2.5,2180,4000,2.0,0,0,3,8,480,2002,0,98118,47.5553,-122.269,2180,4000
975000.0,5,2.75,3100,10014,1.0,0,2,4,9,1440,1973,0,98040,47.5734,-122.213,3230,10279
330000.0,4,2.0,1180,7275,1.0,0,0,3,7,0,1965,0,98034,47.7301,-122.2,1210,7275
230000.0,5,1.0,1410,9000,1.0,0,0,5,7,0,1967,0,98023,47.3054,-122.369,1200,8346
352750.0,2,1.75,1060,1241,2.0,0,0,3,7,100,2008,0,98144,47.5999,-122.3,1170,1400
386000.0,5,2.5,2740,12413,2.0,0,0,3,7,0,1990,0,98031,47.4199,-122.183,1900,7416
947500.0,3,2.75,2980,27144,1.5,1,2,5,8,800,1917,0,98166,47.4522,-122.378,1890,12514
937500.0,5,3.75,4210,14599,2.0,0,3,3,10,0,2004,0,98065,47.5364,-121.858,3950,13591
435000.0,3,2.5,1730,46638,2.0,0,0,3,8,0,1991,0,98045,47.4614,-121.709,1750,35508
615000.0,3,2.5,1490,1410,2.0,0,0,3,10,190,2008,0,98199,47.6478,-122.383,1490,1715
633000.0,4,2.5,2020,8044,2.0,0,0,3,8,0,1990,0,98074,47.6247,-122.043,2320,7328
525000.0,2,1.75,1530,3503,1.0,0,1,4,7,700,1916,0,98119,47.6368,-122.371,1280,1531
665900.0,4,2.25,2870,5453,2.0,0,1,4,8,650,1926,0,98146,47.5129,-122.388,1660,4800
740000.0,4,2.0,2800,8540,1.0,0,0,4,8,1070,1977,0,98052,47.6869,-122.126,2470,9400
502000.0,4,2.5,2680,5539,2.0,0,0,3,8,0,2013,0,98045,47.4759,-121.734,2680,5992
395000.0,2,1.75,1210,1161,2.0,0,0,3,8,0,2014,0,98029,47.5513,-121.998,1700,2285
210000.0,4,2.0,1520,6174,1.5,0,0,5,6,0,1920,0,98022,47.2105,-121.989,1390,5407
321000.0,3,2.5,2014,4500,2.0,0,0,3,7,0,2005,0,98001,47.3371,-122.256,2014,4500
830000.0,4,2.25,3010,12202,1.0,0,0,4,9,0,1959,0,98005,47.6387,-122.174,2480,10143
280000.0,4,2.0,1710,5440,1.0,0,0,5,8,680,1976,0,98042,47.366,-122.093,1620,6696
546000.0,4,3.0,1790,3600,1.5,0,0,3,8,0,1901,0,98122,47.6117,-122.313,1770,3119
343000.0,3,1.0,1400,5662,1.5,0,0,5,5,0,1920,0,98027,47.5271,-122.036,1250,14375
730000.0,3,1.75,1650,5000,1.5,0,0,4,8,0,1900,0,98107,47.6743,-122.371,1630,5000
225000.0,3,2.25,2510,12013,2.0,0,0,3,8,0,1988,0,98003,47.3473,-122.314,1870,8017
290000.0,2,1.75,1700,18000,1.0,0,0,3,8,0,1972,0,98056,47.5066,-122.194,1700,8225
152500.0,4,1.0,1730,7350,1.5,0,0,4,6,0,1970,0,98003,47.3467,-122.307,1440,7752
275000.0,4,1.75,2000,8700,1.0,0,0,5,7,990,1975,0,98042,47.374,-122.141,1490,7350
468000.0,2,1.75,1510,4500,1.0,0,0,3,8,0,1978,0,98052,47.6644,-122.13,1740,6000
499950.0,2,2.25,1060,1208,2.0,0,0,3,8,120,2005,0,98102,47.6371,-122.327,1300,1169
682000.0,4,2.25,2450,34092,2.0,0,0,4,8,0,1980,0,98075,47.5751,-122.049,2410,35378
895000.0,4,2.25,1950,5950,1.0,0,0,3,8,620,1947,0,98109,47.639,-122.347,2600,5593
432100.0,3,2.25,1790,2240,2.0,0,0,4,8,0,1975,0,98052,47.6343,-122.106,1780,2560
937500.0,3,1.0,1320,8500,1.0,0,0,4,7,0,1954,0,98039,47.6187,-122.226,2790,10800
489950.0,3,2.5,2400,7478,2.0,0,0,3,9,0,2002,0,98019,47.7362,-121.974,2980,8182
335000.0,3,1.75,1900,36769,1.0,0,0,3,8,0,1987,0,98092,47.3041,-122.066,1950,35847
597000.0,4,2.5,2370,41338,2.0,0,0,3,8,0,1995,0,98077,47.7379,-122.052,2340,46661
257000.0,4,2.75,2330,7642,1.0,0,0,3,8,530,1990,0,98023,47.2946,-122.37,2320,7933
383962.0,4,2.5,2700,6998,2.0,0,0,3,8,0,2001,0,98188,47.4694,-122.263,2350,10550
605000.0,3,2.5,2670,47480,2.0,0,3,3,9,0,1981,0,98072,47.7443,-122.114,2760,42800
1300000.0,4,1.75,2610,21600,1.0,0,0,4,8,0,1966,0,98004,47.6245,-122.227,2920,20330
320000.0,3,1.75,2000,9760,1.0,0,0,4,8,600,1978,0,98058,47.4417,-122.134,1890,8089
539000.0,3,2.25,1280,1187,2.0,0,0,3,8,200,2008,0,98107,47.6651,-122.368,1280,1681
514000.0,3,2.25,2260,54014,1.0,0,0,3,7,810,1962,0,98072,47.7657,-122.131,2140,44431
1160000.0,4,3.0,2680,15438,2.0,0,2,3,8,0,1902,1956,98039,47.6109,-122.226,4480,14406
1185000.0,4,2.75,2850,3000,2.5,0,0,3,9,320,2003,0,98112,47.6406,-122.304,2083,4500
271000.0,2,1.0,710,4240,1.0,0,0,4,6,0,1942,0,98106,47.5226,-122.351,850,5200
565000.0,4,2.5,2240,14667,2.0,0,0,4,9,0,1989,0,98059,47.5276,-122.161,2410,11243
544000.0,3,1.5,1790,8203,1.5,0,1,3,7,0,1910,0,98116,47.5768,-122.403,1960,6047
245000.0,2,1.0,1500,6685,1.0,0,0,3,7,310,1926,0,98133,47.7186,-122.354,1420,6561
241500.0,4,2.5,2500,9654,1.0,0,0,3,8,670,1979,0,98023,47.3137,-122.343,2500,8839
270000.0,4,2.5,1600,9921,2.0,0,0,3,7,0,2009,0,98042,47.3678,-122.124,2140,5806
480000.0,5,2.5,2732,9500,1.0,0,2,4,8,862,1975,0,98003,47.3436,-122.323,2720,10000
650000.0,3,1.75,1940,10245,1.0,0,0,3,7,0,1957,0,98040,47.5833,-122.241,2720,11448
430000.0,2,1.0,990,4802,1.0,0,0,3,7,0,1947,0,98117,47.6876,-122.395,1180,5000
1648000.0,4,3.5,4610,12500,2.0,0,2,3,11,0,2003,0,98033,47.6508,-122.203,2340,11538
475000.0,5,2.75,3100,5298,2.0,0,0,3,7,0,2007,0,98065,47.5369,-121.887,2440,5250
269950.0,2,1.75,1320,7540,1.0,0,0,3,7,0,1968,0,98038,47.3634,-122.052,1570,7540
295000.0,4,2.0,1810,42981,1.0,0,0,4,7,0,1973,0,98024,47.5597,-121.85,1980,113691
251000.0,2,1.0,840,7870,1.0,0,0,3,6,0,1949,0,98155,47.7389,-122.326,1442,8131
618500.0,3,2.0,1800,5000,1.0,0,0,4,7,720,1942,0,98115,47.6738,-122.297,1800,5000
340000.0,2,1.0,860,7102,1.0,0,0,3,6,0,1947,0,98177,47.7042,-122.369,1450,7102
569950.0,4,3.5,2700,443440,1.5,0,0,3,8,0,1948,1997,98042,47.333,-122.098,3210,298182
975000.0,4,2.5,3420,183387,2.0,0,0,3,10,0,2000,0,98053,47.633,-121.972,2260,34613
212000.0,4,2.5,1900,21780,1.5,0,0,3,7,0,1940,1987,98198,47.3776,-122.314,1240,9166
189000.0,3,2.0,1460,11481,1.0,0,0,2,7,290,1995,0,98045,47.4493,-121.777,1540,9680
397500.0,3,2.5,1470,1256,2.0,0,0,3,8,540,2006,0,98122,47.6033,-122.309,1510,1797
479000.0,3,1.0,1370,3000,1.5,0,0,3,7,0,1924,0,98103,47.6619,-122.351,1510,2151
349950.0,3,2.0,1640,4714,1.0,0,0,3,8,0,2009,0,98038,47.3539,-122.021,1770,4802
850000.0,4,3.25,4350,112750,1.0,0,0,3,9,2150,2006,0,98027,47.5435,-121.966,2180,223027
429500.0,3,2.75,1650,7272,1.0,0,0,4,7,420,1972,0,98034,47.7232,-122.174,1770,7272
224950.0,4,2.5,2260,9686,1.0,0,0,4,7,740,1965,0,98002,47.286,-122.218,1750,9916
554000.0,2,1.0,820,3700,1.0,0,0,5,7,0,1968,0,98040,47.588,-122.251,1750,9000
710000.0,3,2.0,2140,4923,1.0,0,0,4,8,1070,1928,0,98103,47.6902,-122.339,1470,4923
1480000.0,3,3.5,4070,26000,2.0,0,0,3,11,0,1991,0,98033,47.659,-122.174,3770,26000
525000.0,5,3.0,2450,4591,2.0,0,0,3,7,0,1994,0,98117,47.6828,-122.388,1060,5500
818000.0,4,2.5,4020,44431,2.0,0,0,3,10,0,1987,0,98072,47.7467,-122.132,3440,52900
1580000.0,4,2.5,2900,10500,1.0,0,3,5,8,1450,1963,0,98040,47.5838,-122.246,2900,9201
2005000.0,6,4.5,3810,28176,1.0,0,4,5,10,0,1969,0,98177,47.7612,-122.381,3810,26400
560000.0,3,2.5,1390,1411,3.0,0,0,3,8,0,2008,0,98103,47.6485,-122.334,1350,1266
342888.0,2,1.0,790,5150,1.0,0,0,4,6,0,1948,0,98118,47.5528,-122.272,1460,5150
780000.0,4,1.75,2480,9195,1.0,0,0,3,7,1090,1950,0,98004,47.584,-122.195,2440,9195
323400.0,4,3.0,2060,9138,1.0,0,0,3,8,630,1992,0,98092,47.321,-122.185,2250,7820
569000.0,4,1.75,2400,21196,1.0,0,0,5,8,810,1956,0,98166,47.4282,-122.347,2200,19134
315000.0,1,0.75,770,4600,1.0,0,0,4,6,0,1910,0,98126,47.5565,-122.377,1550,4600
310000.0,1,1.0,920,8282,1.5,0,0,3,6,0,1944,1980,98011,47.761,-122.214,2260,14025
325000.0,2,1.0,1070,5080,1.0,0,0,5,6,0,1942,0,98106,47.5224,-122.35,900,5080
320000.0,3,1.0,1190,4120,1.0,0,0,3,6,0,1929,0,98118,47.5513,-122.272,1360,4635
235000.0,3,1.75,1200,9266,1.0,0,0,4,7,0,1960,0,98002,47.314,-122.208,1200,9266
270000.0,3,1.0,1500,5605,1.0,0,0,5,6,750,1942,0,98106,47.5456,-122.359,1050,9100
220000.0,3,1.5,1600,10548,1.0,0,0,4,7,0,1962,0,98001,47.2925,-122.284,2880,13609
311000.0,5,3.0,2020,5917,1.0,0,0,3,7,800,1993,0,98108,47.5482,-122.294,2130,5529
605000.0,3,2.25,2260,17114,2.0,0,0,3,7,0,1990,0,98155,47.7537,-122.296,2360,14893
125000.0,3,1.0,1230,4800,1.5,0,0,1,6,0,1916,0,98117,47.6941,-122.365,1230,4800
305000.0,3,1.5,1800,12196,1.0,0,0,4,7,0,1966,0,98023,47.333,-122.345,1490,11730
356000.0,2,1.0,920,4095,1.0,0,0,4,6,0,1914,0,98118,47.5484,-122.278,1460,4945
750000.0,5,3.5,2980,5809,2.0,0,2,3,8,0,2005,0,98029,47.5537,-121.996,2120,3416
385000.0,4,2.0,2340,9716,1.0,0,0,3,7,0,2009,0,98146,47.4842,-122.347,1180,13500
703300.0,3,2.0,1980,3525,1.5,0,0,4,8,390,1932,0,98117,47.6847,-122.368,1760,3760
425000.0,3,2.25,1870,9000,1.0,0,0,3,7,430,1978,0,98011,47.7373,-122.198,1870,8640
130000.0,3,1.0,1200,7000,2.0,0,0,1,7,0,1908,0,98116,47.5883,-122.384,3290,6000
535000.0,4,2.5,3250,6933,2.0,0,0,3,8,0,2009,0,98059,47.4956,-122.151,3030,5308
632000.0,3,2.25,2730,7521,2.0,0,2,3,9,0,1992,0,98011,47.7704,-122.196,2700,8204
410000.0,3,1.75,2160,4000,1.0,0,0,3,7,1080,1953,0,98144,47.5721,-122.309,1260,3200
193000.0,2,1.0,680,8640,1.0,0,0,4,5,0,1951,0,98188,47.4559,-122.289,1320,13140
658500.0,2,1.0,1410,5101,1.5,0,0,3,8,0,1927,0,98103,47.6872,-122.333,1410,4224
640500.0,3,1.0,1070,4505,1.0,0,2,4,7,0,1919,0,98136,47.5305,-122.384,1380,4505
286950.0,4,2.5,2080,9846,1.0,0,0,3,7,840,1984,0,98001,47.3338,-122.268,1890,7977
179950.0,3,1.0,920,4875,1.0,0,0,5,6,0,1969,0,98042,47.3648,-122.081,960,5200
415000.0,3,1.0,1520,9030,1.0,0,0,3,7,0,1956,0,98007,47.587,-122.134,1470,8712
290000.0,3,1.0,910,7620,1.0,0,2,3,7,0,1971,0,98106,47.5278,-122.343,1660,7620
395000.0,3,2.5,1630,15200,1.0,0,0,3,7,510,1988,0,98072,47.7454,-122.103,2050,15200
389950.0,3,2.5,1700,6396,2.0,0,0,3,7,0,2003,0,98065,47.5333,-121.87,1700,4444
514950.0,3,2.25,1310,1264,3.0,0,0,3,8,0,2014,0,98117,47.6987,-122.366,1330,2183
1735000.0,4,3.5,4010,9654,2.0,0,0,3,10,0,2007,0,98004,47.5891,-122.2,1870,9873
445000.0,3,2.5,2790,16173,2.0,0,0,3,10,0,1988,0,98023,47.3043,-122.343,2890,11632
900000.0,3,2.5,3400,16603,2.0,0,0,3,10,0,2000,0,98075,47.6012,-122.023,3400,12601
1300000.0,5,1.0,1670,6400,1.5,0,0,3,8,0,1919,0,98119,47.6542,-122.373,1910,2983
217000.0,3,1.0,1000,12000,1.0,0,0,3,7,0,1959,0,98023,47.3321,-122.346,1490,14940
690000.0,5,3.5,2690,4800,2.0,0,2,3,8,760,1919,1984,98118,47.5592,-122.269,2080,4900
269000.0,3,2.25,1950,8661,1.0,0,0,4,8,0,1966,0,98023,47.3127,-122.362,1950,8800
1500000.0,5,3.5,3520,5400,2.0,0,0,3,9,1120,2008,0,98119,47.6364,-122.363,1360,3600
333700.0,3,2.5,2230,5050,2.0,0,0,3,7,0,2006,0,98042,47.3359,-122.055,2260,5050
450000.0,3,2.25,1940,8312,1.0,0,1,4,7,720,1963,0,98166,47.4556,-122.346,2060,9503
1275000.0,6,5.25,6160,27490,2.0,0,0,3,11,2120,2007,0,98074,47.6094,-122.023,4225,9100
250000.0,3,1.0,1640,26127,2.0,0,0,3,6,0,1975,0,98019,47.7656,-121.905,1620,25788
1150000.0,5,4.25,4010,8252,2.0,0,0,3,10,0,2015,0,98075,47.5974,-122.013,3370,8252
375000.0,2,1.0,1810,8527,1.5,0,0,4,7,0,1943,0,98133,47.7275,-122.336,1490,6800
352499.0,2,2.25,1240,705,2.0,0,0,3,7,90,2009,0,98027,47.5321,-122.073,1240,750
499000.0,2,1.75,2040,114562,1.0,0,0,4,7,0,1968,0,98027,47.4985,-122.092,1850,94960
530000.0,3,2.5,1790,3078,2.0,0,0,3,8,0,2010,0,98027,47.5638,-122.094,1890,3078
1190000.0,3,1.5,2540,2700,2.0,0,0,4,8,910,1922,0,98119,47.637,-122.361,2520,5400
595000.0,4,2.5,1990,2175,2.0,0,0,3,8,310,2005,0,98107,47.6696,-122.371,1560,2087
353000.0,3,2.5,2550,6021,2.0,0,0,3,7,0,2002,0,98030,47.3828,-122.211,2080,6021
330000.0,3,1.75,1850,14986,2.0,0,0,3,6,0,1943,2005,98059,47.4837,-122.148,2660,10650
370000.0,4,3.0,2580,5511,2.0,0,0,3,8,0,1999,0,98058,47.4286,-122.185,2010,5600
280000.0,2,1.5,800,1196,2.0,0,0,3,8,0,2003,0,98103,47.6972,-122.341,1020,1087
256500.0,2,1.0,1120,9912,1.0,0,0,4,6,0,1980,0,98070,47.3735,-122.43,1540,9750
500000.0,2,1.0,1630,12059,1.0,0,0,3,7,360,1947,0,98125,47.7228,-122.314,1660,8800
280000.0,2,1.0,1310,6600,1.0,0,0,3,6,0,1942,0,98168,47.4834,-122.332,1240,6600
1490000.0,4,2.5,2420,18480,1.0,0,0,4,9,0,1967,0,98004,47.6214,-122.227,3330,19910
495000.0,3,2.75,1830,208216,2.0,0,0,3,8,0,1997,0,98070,47.4377,-122.464,1530,16988
140000.0,3,1.5,1200,2002,2.0,0,0,3,8,0,1966,0,98055,47.4659,-122.189,1270,1848
549000.0,3,2.0,2330,3600,1.5,0,0,4,7,750,1900,0,98122,47.6025,-122.303,1750,3600
449500.0,4,2.5,2410,55931,2.0,0,0,3,9,0,1989,0,98092,47.3109,-122.097,2780,55931
1900000.0,5,4.25,6510,16471,2.0,0,3,4,11,3260,1980,0,98040,47.5758,-122.242,4480,16471
520000.0,2,1.0,1120,6141,1.0,0,0,3,7,220,1946,0,98117,47.6924,-122.372,1500,7529
206000.0,2,1.0,810,7158,1.0,0,0,5,6,0,1944,0,98168,47.4882,-122.325,1090,7158
599950.0,3,3.25,1830,1804,3.0,0,0,3,8,0,2014,0,98117,47.6945,-122.377,1830,1804
480000.0,3,2.5,1940,10035,2.0,0,0,4,8,0,1994,0,98072,47.7438,-122.172,2810,8333
552000.0,2,1.0,1150,5000,1.0,0,0,4,7,100,1924,0,98115,47.6846,-122.317,1463,4320
210000.0,4,1.5,1130,7840,1.0,0,0,4,7,0,1970,0,98023,47.2986,-122.377,1690,7840
357000.0,5,2.75,1540,4000,1.0,0,0,3,7,400,1990,0,98106,47.533,-122.354,1630,4000
1210000.0,4,2.25,3270,6000,2.0,0,0,5,8,1090,1909,0,98122,47.6101,-122.286,2880,6000
142000.0,0,0.0,290,20875,1.0,0,0,1,1,0,1963,0,98024,47.5308,-121.888,1620,22850
435000.0,4,1.75,2520,7200,1.0,0,2,5,7,1260,1955,0,98056,47.4835,-122.192,2360,7300
415000.0,3,2.25,1445,1512,2.0,0,0,3,7,145,2004,0,98027,47.5341,-122.069,1445,1082
259950.0,4,2.0,1540,10212,1.5,0,0,5,7,0,1948,0,98022,47.2056,-121.999,1480,10212
423000.0,3,1.75,1100,10005,1.0,0,0,5,7,0,1964,0,98056,47.5374,-122.173,1340,9709
375000.0,3,1.75,2140,13598,1.5,0,0,4,7,520,1970,0,98014,47.7139,-121.321,930,10150
310000.0,3,2.5,1780,6771,1.0,0,0,3,7,550,1990,0,98106,47.5237,-122.353,1780,6771
290000.0,4,2.0,1560,8800,2.0,0,0,5,6,0,1942,1967,98168,47.4927,-122.312,1480,10000
255000.0,2,1.0,1260,7810,2.0,0,0,3,6,0,1945,0,98178,47.5003,-122.248,1260,7755
603500.0,4,2.5,4060,9734,1.0,0,4,3,9,1910,1977,0,98028,47.7678,-122.254,2750,10370
415000.0,3,1.75,1640,6435,1.0,0,0,3,7,450,1972,0,98034,47.7197,-122.217,1770,6930
552250.0,4,2.5,2580,5823,2.0,0,0,3,8,0,2002,0,98065,47.5374,-121.875,2380,5823
215000.0,3,1.0,960,7200,1.0,0,0,4,6,0,1958,0,98166,47.4583,-122.353,1060,7620
321000.0,4,2.5,1830,9601,2.0,0,0,3,7,0,2003,0,98038,47.3541,-122.015,1830,5892
725000.0,4,2.5,2750,13950,1.0,0,3,4,8,1370,1948,0,98146,47.4938,-122.364,2460,13950
850000.0,4,2.5,3180,11652,2.0,0,1,3,9,0,1977,0,98040,47.567,-122.212,3110,15183
408000.0,3,2.25,1950,7221,1.0,0,0,4,8,0,2006,0,98188,47.431,-122.285,2310,8125
549995.0,4,3.5,2970,6587,2.0,0,0,3,8,710,2014,0,98059,47.4776,-122.122,2970,5690
199990.0,3,1.0,1100,8560,1.0,0,0,3,6,0,1961,0,98023,47.329,-122.338,1120,8470
899000.0,4,2.5,3540,9349,2.0,0,0,3,10,0,2003,0,98052,47.7046,-122.107,3280,7546
449950.0,3,2.0,1560,4080,2.0,0,0,3,7,0,1923,1982,98115,47.6892,-122.319,1900,4080
490000.0,3,2.25,1500,1290,2.0,0,0,3,8,280,2006,0,98117,47.6785,-122.375,1460,1375
275000.0,4,2.5,2060,5742,2.0,0,0,3,7,0,1999,0,98030,47.3612,-122.185,1610,7298
475000.0,3,1.75,2020,8970,1.0,0,0,4,7,840,1981,0,98072,47.7571,-122.145,2140,8008
295000.0,3,2.0,1810,10530,1.0,0,2,3,8,0,1991,0,98022,47.1913,-122.012,1910,10450
247000.0,3,2.25,1640,7630,1.0,0,0,4,8,460,1968,0,98032,47.3739,-122.29,1930,7630
677000.0,4,2.0,2180,6000,1.5,0,0,3,8,120,1927,0,98144,47.5958,-122.306,1370,4500
252500.0,2,1.5,1280,8710,1.0,0,0,3,7,0,1967,0,98058,47.4472,-122.16,1520,9375
648000.0,4,2.5,2620,5450,2.0,0,0,3,9,0,2001,0,98074,47.6301,-122.019,2590,5371
298450.0,5,3.0,2100,9752,1.0,0,0,3,8,900,2007,0,98003,47.3341,-122.304,1270,10200
706000.0,4,2.5,2510,5436,2.0,0,0,3,8,0,2011,0,98053,47.6894,-122.016,2520,5436
462000.0,3,1.5,1710,4500,1.5,0,0,3,8,300,1928,0,98118,47.5366,-122.268,1860,6000
257000.0,3,1.75,1540,8223,1.0,0,0,4,7,470,1987,0,98042,47.3666,-122.089,1240,8113
328423.0,3,2.5,1730,3600,2.0,0,0,3,8,0,2014,0,98146,47.5019,-122.34,2030,3600
300000.0,3,2.5,1880,4200,2.0,0,0,3,7,0,2007,0,98038,47.366,-122.017,2090,4200
595000.0,3,2.5,3370,14402,2.0,0,2,3,9,0,2004,0,98045,47.5008,-121.776,3330,9691
402395.0,4,2.5,2669,5385,2.0,0,0,3,9,0,2014,0,98092,47.3262,-122.165,2669,4645
173000.0,2,1.0,820,10450,1.0,0,0,4,7,0,1965,0,98055,47.4261,-122.199,1240,11200
553000.0,2,2.0,1400,1512,2.0,0,0,3,8,460,2006,0,98107,47.6719,-122.392,1400,3500
675000.0,3,2.25,1990,10260,2.0,0,0,4,8,0,1987,0,98052,47.6801,-122.115,1990,10260
400000.0,3,1.0,1000,7800,1.0,0,0,4,6,140,1930,0,98125,47.7098,-122.283,1700,7800
1850000.0,5,2.25,2800,8442,2.0,1,4,3,9,0,1963,2001,98075,47.5784,-122.076,3220,9156
1500000.0,3,3.5,3530,3610,2.0,0,0,3,10,1160,2008,0,98103,47.6857,-122.339,1780,3610
1960000.0,4,4.0,4430,31353,2.0,0,0,3,12,0,1998,0,98005,47.6422,-122.157,3900,35237
250000.0,3,1.75,1590,7560,1.0,0,0,3,7,460,1984,0,98031,47.4016,-122.18,1500,7560
610000.0,3,1.75,1630,1500,3.0,0,0,3,8,0,2014,0,98103,47.6536,-122.354,1570,1335
240000.0,3,1.0,1340,7000,1.0,0,0,4,7,0,1978,0,98042,47.3742,-122.149,1850,7904
374500.0,3,1.5,1330,8636,1.0,0,0,4,7,0,1968,0,98034,47.7289,-122.203,1370,7475
247500.0,3,1.0,1660,11060,1.0,0,0,4,7,550,1962,0,98003,47.3311,-122.326,1890,11060
500000.0,4,2.75,2630,15000,1.0,0,0,4,7,940,1976,0,98072,47.7425,-122.089,1800,16500
195000.0,3,1.75,1580,7875,1.0,0,0,3,7,0,1979,0,98022,47.1958,-122.003,1560,8314
375000.0,4,2.0,1757,19370,1.0,0,2,5,7,0,1955,0,98198,47.3974,-122.312,1850,11125
570000.0,3,2.5,2400,6975,2.0,0,0,3,9,0,1993,0,98056,47.534,-122.179,2640,11172
550000.0,3,2.5,2080,2625,2.0,0,0,3,8,0,2006,0,98029,47.5469,-121.997,1760,2772
540000.0,4,2.25,1330,8400,1.5,0,0,3,8,0,1962,0,98005,47.6078,-122.169,2270,10146
286000.0,2,1.0,610,4000,1.0,0,0,4,6,0,1918,0,98136,47.5469,-122.391,870,5160
1300000.0,4,4.0,4270,6002,2.0,0,3,3,10,1090,2004,0,98029,47.5443,-121.994,4280,5942
520500.0,6,2.5,1880,14350,1.0,0,0,5,7,240,1955,0,98133,47.7556,-122.352,1510,9840
680000.0,4,2.5,2880,9202,1.0,0,0,3,8,1100,1977,0,98052,47.6658,-122.139,2500,10265
920000.0,4,3.0,3750,11025,2.0,0,0,3,10,0,1976,0,98074,47.6367,-122.059,2930,12835
383000.0,3,1.0,1800,5612,1.0,0,0,4,7,600,1942,0,98126,47.525,-122.378,1450,5250
332000.0,3,2.25,2270,8876,1.0,0,0,3,7,890,1977,0,98058,47.4653,-122.176,2150,7455
378510.0,2,1.0,770,5185,1.0,0,0,3,7,0,1947,0,98126,47.5459,-122.379,1260,6550
300000.0,4,2.25,2080,7700,1.0,0,0,3,7,630,1968,0,98058,47.4349,-122.17,1900,7980
620000.0,4,2.5,2690,32780,2.0,0,0,3,9,0,1998,0,98014,47.6612,-121.955,2840,36555
400000.0,4,2.0,2060,3060,2.0,0,0,3,7,0,1968,0,98118,47.5631,-122.285,1630,3766
650000.0,4,2.5,3180,5438,2.0,0,0,3,9,0,2003,0,98065,47.5416,-121.864,3030,5335
225800.0,4,1.0,1100,7110,1.0,0,0,4,7,220,1907,0,98030,47.3858,-122.227,1150,7110
300000.0,4,1.0,1370,8499,1.0,0,0,3,7,0,1949,0,98155,47.736,-122.301,1370,8187
649950.0,4,3.5,2440,3012,3.0,0,1,3,8,0,2005,0,98117,47.6923,-122.392,1860,4650
495000.0,2,2.0,1540,7110,1.0,0,0,3,7,580,1949,0,98117,47.6932,-122.395,1860,7065
160000.0,2,2.0,1040,4750,1.0,0,0,2,6,190,1950,0,98118,47.5293,-122.272,1350,5000
259900.0,3,1.75,1690,7953,1.0,0,0,3,7,0,1986,0,98030,47.3556,-122.175,1680,7425
442500.0,4,2.5,2170,14024,2.0,0,0,3,8,0,1992,0,98019,47.7346,-121.97,2240,14029
348000.0,3,2.0,2360,6145,1.0,0,0,3,8,0,2011,0,98030,47.3564,-122.198,2304,5880
299500.0,2,1.0,740,6300,1.0,0,0,3,6,0,1942,0,98126,47.5158,-122.376,740,6300
640000.0,2,2.25,1540,965,3.0,0,0,3,9,0,2007,0,98122,47.6181,-122.318,1410,964
680000.0,4,1.5,1880,6200,1.0,0,2,5,8,440,1954,0,98146,47.5035,-122.384,2070,6500
700000.0,4,2.5,3040,7200,2.0,0,0,3,9,0,2008,0,98177,47.7747,-122.366,2360,8245
243500.0,4,2.5,1980,7403,2.0,0,0,3,7,0,1988,0,98023,47.2897,-122.372,1980,7510
542500.0,4,2.25,1750,10160,1.0,0,0,3,8,430,1972,0,98005,47.5909,-122.158,2170,11165
575000.0,4,2.0,1650,5000,1.0,0,0,3,7,0,1955,0,98117,47.6781,-122.374,1690,2276
2532000.0,4,4.25,5040,16048,1.0,0,3,3,10,1620,1950,0,98105,47.6702,-122.26,3960,14000
545000.0,4,2.25,2050,9720,2.0,0,0,3,8,0,1967,0,98008,47.5911,-122.119,2310,9680
963990.0,4,3.25,3830,6765,2.0,0,0,3,9,0,2014,0,98053,47.685,-122.016,3830,6507
695000.0,4,2.5,2650,9990,2.0,0,0,3,10,0,1990,0,98029,47.5605,-122.016,2710,8012
760000.0,3,2.0,1810,4500,1.0,0,0,4,7,830,1906,0,98117,47.681,-122.359,1800,4500
309900.0,3,2.5,2020,26670,2.0,0,0,3,7,0,1987,0,98003,47.2597,-122.31,1680,10939
705000.0,5,3.0,2380,5000,2.0,0,0,5,7,0,1909,0,98107,47.6722,-122.389,1800,4650
485000.0,4,2.5,2100,8886,2.0,0,0,4,7,0,1964,0,98007,47.5947,-122.134,1840,9058
655000.0,2,1.75,1450,15798,2.0,1,4,3,7,220,1915,1978,98166,47.4497,-122.375,2030,13193
335000.0,3,2.0,1570,7200,1.0,0,0,4,7,0,1952,0,98155,47.7501,-122.314,1410,7434
290000.0,5,2.5,2780,9652,1.0,0,0,4,8,1390,1967,0,98001,47.3444,-122.271,1790,9652
400000.0,2,1.75,2110,9519,1.0,0,0,2,7,0,1948,0,98155,47.7504,-122.306,1480,9519
625000.0,3,1.75,1780,4500,1.0,0,0,4,7,860,1922,0,98117,47.6827,-122.362,1360,4000
290000.0,4,2.25,1900,10950,1.0,0,0,4,7,500,1959,0,98032,47.3582,-122.284,1700,11850
339999.0,3,2.5,2360,8093,2.0,0,0,3,8,0,1995,0,98092,47.3257,-122.17,1860,6762
623300.0,4,3.5,4170,4524,2.0,0,0,3,9,670,2007,0,98072,47.7726,-122.162,3510,5001
750000.0,3,1.75,2770,15232,1.0,0,0,3,8,1200,1976,0,98006,47.5706,-122.16,2340,11400
571000.0,3,2.5,1920,3867,2.0,0,0,3,8,0,2005,0,98029,47.5538,-121.994,2190,3841
310000.0,5,2.0,2900,11970,2.0,0,0,4,7,0,1969,0,98072,47.741,-122.095,1260,12398
417000.0,3,2.5,2040,11211,2.0,0,0,3,8,0,2000,0,98055,47.4867,-122.223,1830,11964
705000.0,2,2.0,1650,6840,1.5,0,0,5,7,0,1916,0,98103,47.6512,-122.338,1700,4560
556000.0,3,2.5,2750,35440,2.0,0,0,3,9,0,1994,0,98045,47.4745,-121.723,2710,35440
306000.0,4,2.5,2490,8124,2.0,0,0,3,7,0,2001,0,98092,47.3347,-122.17,2760,6300
550000.0,3,2.25,2120,18255,1.0,0,0,3,8,530,1984,0,98074,47.6279,-122.037,2120,12997
459900.0,3,1.75,2340,51836,1.5,0,0,3,8,830,1978,0,98027,47.4846,-122.035,2060,77536
610000.0,5,2.25,2520,11700,2.0,0,0,3,9,0,1977,0,98074,47.6322,-122.053,2530,12000
1059500.0,5,3.25,3230,3825,2.0,0,0,3,9,750,2014,0,98117,47.6785,-122.392,1480,5100
213500.0,2,1.5,2060,7713,1.5,0,0,4,7,0,1930,0,98030,47.3722,-122.185,1780,7713
1115500.0,4,3.5,2830,4000,1.5,0,0,3,7,990,1919,2014,98144,47.5842,-122.292,2340,4000
275000.0,3,2.5,2710,5733,2.0,0,0,3,7,0,2003,0,98092,47.3357,-122.171,2720,5733
1112750.0,5,3.5,3090,3600,2.0,0,0,3,9,1030,2000,0,98112,47.6217,-122.309,2240,3904
875000.0,3,1.5,1820,12686,1.0,0,0,4,7,0,1952,0,98004,47.5886,-122.195,3020,11550
559950.0,2,2.0,1870,4950,1.0,0,0,3,8,0,2006,0,98053,47.7195,-122.022,1670,4800
653000.0,4,2.5,2160,7000,2.0,0,0,4,9,0,1989,0,98029,47.5659,-122.013,2300,7440
240000.0,4,1.75,1420,5382,1.0,0,0,5,5,380,1942,0,98056,47.4946,-122.187,1150,5382
355000.0,2,2.5,1370,1140,2.0,0,0,3,8,290,2009,0,98133,47.7055,-122.342,1340,1050
303700.0,3,2.5,1981,5700,2.0,0,0,3,8,0,2010,0,98030,47.3668,-122.178,1981,5894
183000.0,3,1.5,1280,4366,2.0,0,0,4,6,0,1985,0,98002,47.335,-122.215,1280,4366
249000.0,4,2.25,1860,9576,1.0,0,0,3,7,460,1962,0,98032,47.3612,-122.284,1860,9576
417200.0,2,1.0,1000,4000,1.0,0,0,3,6,0,1910,0,98107,47.6742,-122.396,1490,5000
600000.0,3,2.75,3580,14217,2.0,0,3,4,10,1370,1989,0,98023,47.3244,-122.379,3990,14674
360000.0,4,2.5,3200,7282,2.0,0,0,3,9,0,2007,0,98188,47.4318,-122.286,3030,7290
179000.0,2,1.0,720,8914,1.0,0,0,3,6,0,1949,0,98188,47.4488,-122.274,1100,8916
360000.0,4,2.5,2080,4080,1.0,0,0,5,7,1040,1962,0,98144,47.572,-122.29,1340,4080
799900.0,4,2.5,3030,7800,2.0,0,0,3,9,1450,1991,0,98033,47.689,-122.196,2840,7435
625000.0,2,1.75,1460,1500,2.0,0,0,3,8,460,2008,0,98103,47.6853,-122.356,1440,4120
445000.0,4,3.25,1960,7200,2.0,0,0,3,7,0,1979,0,98034,47.7291,-122.218,1980,7529
350000.0,3,1.0,1010,11244,1.0,0,0,4,7,0,1947,0,98155,47.7467,-122.321,1220,11242
157500.0,2,1.0,670,4500,1.0,0,0,3,5,0,1905,0,98108,47.5271,-122.326,1210,4500
679000.0,4,3.5,3420,49223,2.0,0,0,3,9,0,2004,0,98010,47.3534,-121.992,3580,49223
500000.0,4,2.0,1700,8640,1.0,0,0,3,7,850,1955,2010,98006,47.5774,-122.153,1620,9000
875000.0,3,1.5,2440,5750,1.0,0,0,3,8,1120,1939,0,98115,47.6991,-122.296,2160,6820
255000.0,2,1.0,1360,9367,1.0,0,0,4,6,680,1924,0,98155,47.7689,-122.315,1360,7543
446000.0,4,2.25,2270,7800,1.0,0,0,3,7,980,1977,0,98034,47.7278,-122.192,1480,7280
747000.0,3,1.75,2560,4800,1.0,0,0,3,7,1280,1911,0,98112,47.6207,-122.295,1620,4800
656000.0,2,2.5,2270,1763,3.0,0,0,3,7,450,2009,0,98052,47.6757,-122.121,2180,1763
520000.0,2,1.0,1340,6380,1.0,0,0,3,7,450,1939,0,98115,47.697,-122.313,1380,6380
798800.0,3,2.75,2670,3738,1.0,0,0,3,10,950,2013,0,98056,47.5299,-122.203,2610,3734
841000.0,4,2.5,3080,13870,2.0,0,0,4,9,0,1981,0,98007,47.6197,-122.149,2920,12221
275000.0,2,1.0,910,4191,1.0,0,0,3,6,0,1910,0,98117,47.6929,-122.36,1480,6050
206000.0,3,1.0,970,9360,1.0,0,0,4,5,0,1942,0,98002,47.2808,-122.225,1050,11348
158000.0,3,2.0,1090,6090,1.0,0,0,3,7,150,1940,0,98118,47.5118,-122.259,1840,6090
279475.0,2,1.0,1060,10600,1.5,0,0,3,6,0,1968,0,98065,47.5375,-121.742,1560,21344
270000.0,3,1.5,1230,7500,1.0,0,0,3,7,0,1962,0,98198,47.4202,-122.331,1260,7800
305000.0,2,1.0,2160,12960,1.0,0,0,3,7,800,1968,0,98168,47.4702,-122.261,2070,12960
465000.0,3,1.75,2760,9137,1.0,0,0,3,7,1380,1960,0,98007,47.6079,-122.132,1980,9137
330000.0,6,3.25,2120,6893,1.0,0,0,4,7,1060,1983,0,98106,47.5508,-122.355,1380,6986
775000.0,4,2.5,3090,7112,2.0,0,0,3,9,0,2001,0,98052,47.705,-122.118,3050,6000
190000.0,3,1.0,1510,8760,1.0,0,0,4,6,0,1946,0,98002,47.3015,-122.216,1040,7828
800000.0,3,1.75,2080,75794,1.0,0,0,3,7,0,1958,0,98033,47.7018,-122.189,1870,11020
264950.0,4,1.0,1810,7500,1.0,0,0,2,7,400,1959,0,98168,47.4935,-122.333,1250,6255
500000.0,3,2.25,1360,1236,2.0,0,0,3,8,220,2006,0,98112,47.6198,-122.299,1620,1231
1691000.0,4,3.5,4020,13515,2.0,0,0,3,11,0,2001,0,98004,47.6462,-122.212,3930,13515
6885000.0,6,7.75,9890,31374,2.0,0,4,3,13,1030,2001,0,98039,47.6305,-122.24,4540,42730
423000.0,4,2.25,2200,9351,1.0,0,0,5,7,910,1962,0,98133,47.7448,-122.333,1910,8660
545000.0,3,1.75,1810,3000,1.5,0,0,4,7,0,1903,0,98107,47.6599,-122.363,1140,3000
324950.0,3,1.75,2050,6720,1.0,0,2,3,7,1000,1939,0,98178,47.5058,-122.235,2380,7260
1050000.0,4,2.5,3250,48037,1.0,0,2,3,8,1220,1985,0,98074,47.6326,-122.07,2970,48037
820000.0,4,2.5,3170,3862,3.0,0,0,3,8,0,2008,0,98034,47.6705,-122.145,2840,4181
630000.0,4,1.75,2950,9025,1.0,0,2,4,8,1170,1975,0,98034,47.7128,-122.223,2120,9600
199000.0,3,1.75,1320,17390,1.0,0,0,4,7,0,1956,0,98003,47.3257,-122.296,1550,19265
675000.0,3,1.75,1920,4500,1.0,0,0,5,7,960,1924,0,98107,47.6645,-122.357,1190,4000
463000.0,3,2.5,2190,17108,2.0,0,0,3,8,0,1991,0,98019,47.7321,-121.964,2400,14040
410000.0,2,1.0,800,4342,1.0,0,0,3,6,130,1927,0,98115,47.6997,-122.316,1210,4343
929000.0,5,3.25,4150,7100,2.0,0,0,3,10,0,2013,0,98074,47.6026,-122.06,3560,7214
161700.0,4,1.75,1720,7200,1.0,0,0,3,7,500,1974,0,98023,47.306,-122.375,1790,7200
600000.0,3,3.25,1690,1473,2.0,0,0,3,8,310,2008,0,98109,47.6397,-122.345,1670,2594
272000.0,4,2.25,1800,5555,2.0,0,0,3,7,0,2003,0,98038,47.3498,-122.052,1810,5669
520000.0,4,3.0,2190,5085,2.0,0,0,4,8,0,1992,0,98029,47.5693,-122.002,2130,5142
255000.0,4,2.5,2163,5882,2.0,0,0,3,7,0,2006,0,98001,47.2736,-122.251,1760,9600
900000.0,5,2.25,2510,35691,1.0,0,0,3,9,0,1967,0,98005,47.6435,-122.154,3160,35037
349950.0,4,2.0,1764,15600,1.0,0,0,5,7,0,1942,0,98058,47.4318,-122.181,1490,22387
307000.0,3,1.0,770,6552,1.0,0,0,3,6,100,1942,0,98146,47.5133,-122.372,920,7200
327500.0,3,2.25,2310,7200,2.0,0,0,3,8,0,1990,0,98031,47.4051,-122.193,1960,7201
550000.0,4,2.5,2060,9719,1.0,0,0,4,8,740,1960,0,98006,47.5549,-122.176,2050,9643
300000.0,3,1.75,1210,7000,1.0,0,0,3,7,0,1975,0,98058,47.4572,-122.169,1670,7000
319950.0,2,1.0,1070,5824,1.0,0,2,5,7,0,1949,0,98178,47.507,-122.242,2090,7980
618080.0,3,2.5,2030,6500,2.0,0,0,3,8,0,1988,0,98027,47.5654,-122.092,2030,8485
275000.0,3,2.0,1540,10410,1.0,0,0,4,7,0,1967,0,98198,47.3662,-122.315,1590,7725
227000.0,3,1.0,1280,7198,1.0,0,0,5,6,0,1916,1983,98022,47.2094,-121.996,1260,7198
328000.0,4,2.5,1990,3980,2.0,0,0,3,7,0,2002,0,98058,47.4445,-122.17,1990,4373
650000.0,3,2.25,2180,60112,2.0,0,0,3,8,0,1976,0,98053,47.6723,-122.082,2060,120225
695000.0,3,2.25,2600,220300,1.5,0,0,5,8,480,1977,0,98027,47.4562,-122.016,2760,215600
282000.0,4,1.75,1660,10725,1.0,0,0,3,7,700,1956,0,98168,47.5033,-122.3,1340,9023
470000.0,3,2.5,2150,8221,2.0,0,0,3,8,0,1992,0,98059,47.5085,-122.15,2490,7951
710000.0,5,3.25,3920,8572,2.0,0,0,3,9,0,2007,0,98065,47.5427,-121.887,3335,7258
449500.0,5,2.75,2040,7488,1.0,0,0,4,7,840,1969,0,98034,47.7289,-122.172,1530,7488
472800.0,3,2.25,1840,8400,1.0,0,0,3,8,550,1961,0,98006,47.5497,-122.172,2110,8400
405000.0,2,1.0,910,6490,1.0,0,0,3,7,0,1942,0,98115,47.6892,-122.306,1040,6490
361500.0,4,2.5,1980,7334,2.0,0,0,3,7,0,2003,0,98038,47.3528,-122.041,1850,7134
991500.0,4,3.0,3820,26895,2.0,0,2,3,11,0,1995,0,98072,47.7253,-122.092,3820,24751
425000.0,3,2.25,1670,107157,1.0,0,0,3,7,0,2007,0,98022,47.2743,-122.009,3310,108900
325000.0,1,1.0,1220,12426,1.0,0,4,4,6,0,1946,0,98198,47.4047,-122.331,2770,22270
275000.0,3,1.5,1320,7695,1.0,0,0,4,7,0,1959,0,98056,47.4908,-122.181,1370,8295
585000.0,3,2.5,2060,10839,2.0,0,0,3,8,0,1987,0,98029,47.5675,-122.016,2180,8126
605000.0,2,1.75,1760,5000,1.0,0,0,4,7,820,1927,0,98117,47.682,-122.372,1530,5000
335000.0,4,1.75,1950,13440,1.5,0,0,4,6,0,1931,0,98065,47.5232,-121.821,1300,7432
366000.0,3,2.5,2370,4375,2.0,0,0,3,8,0,2006,0,98038,47.354,-121.999,2380,4606
3065000.0,5,3.0,4150,7500,2.5,0,4,5,11,640,1909,0,98119,47.6303,-122.362,2250,4050
280000.0,1,0.75,420,6720,1.0,0,0,3,5,0,1922,0,98108,47.552,-122.311,1420,6720
278000.0,4,2.5,1940,6887,2.0,0,0,3,7,0,1990,0,98023,47.2911,-122.353,1870,6144
432500.0,3,2.0,1720,8145,2.0,0,0,5,7,0,1949,0,98155,47.7393,-122.325,1400,8138
202200.0,2,1.75,1330,2159,1.0,0,0,4,8,0,1979,0,98198,47.3822,-122.32,1220,3679
300000.0,3,1.0,2150,7007,1.0,0,0,3,6,0,1954,0,98177,47.7615,-122.362,1720,9000
707000.0,3,1.5,1980,4000,2.0,0,0,3,8,0,1919,0,98109,47.6364,-122.351,1980,3600
552500.0,4,1.0,1560,7980,1.0,0,0,4,7,390,1939,0,98146,47.5093,-122.387,1570,7980
192500.0,2,1.0,950,7692,1.0,0,0,3,6,0,1926,0,98168,47.4909,-122.298,1820,8221
435000.0,3,3.0,1440,1350,3.5,0,2,3,8,0,2005,0,98103,47.6525,-122.345,1440,1350
399950.0,3,1.5,2080,5244,1.0,0,0,3,7,890,1959,0,98125,47.7144,-122.293,1850,6982
428000.0,4,2.5,1950,5602,1.0,0,0,5,7,830,1966,0,98118,47.5437,-122.291,2000,6050
346500.0,3,1.0,1150,11802,1.0,0,0,4,7,0,1932,1958,98106,47.5624,-122.361,1880,6082
477590.0,3,3.25,2260,7701,2.0,0,0,3,8,500,2000,0,98146,47.5053,-122.377,1880,7529
515000.0,5,3.25,2740,9629,1.0,0,0,5,7,1350,1977,0,98011,47.7645,-122.197,2150,10500
380000.0,3,1.0,1260,7980,1.0,0,0,3,7,0,1951,0,98177,47.7013,-122.373,1760,7606
266490.0,3,2.5,1810,4113,2.0,0,0,3,7,0,2004,0,98042,47.3715,-122.126,1880,4465
240000.0,3,1.75,1420,6984,1.0,0,0,4,7,440,1980,0,98030,47.3748,-122.18,1430,7875
452000.0,3,2.5,1690,4000,2.0,0,0,3,7,0,2004,0,98053,47.6788,-122.034,1690,4000
283000.0,3,1.0,1740,5247,1.0,0,0,3,7,470,1947,0,98168,47.5049,-122.329,1070,5636
630000.0,4,2.5,2330,31705,2.0,0,0,4,8,0,1980,0,98052,47.6471,-122.03,2460,36600
295000.0,3,2.0,1380,8682,1.0,0,0,4,7,0,1966,0,98148,47.4238,-122.322,1410,10594
381500.0,2,1.0,900,2910,1.0,0,0,5,7,0,1924,0,98115,47.6859,-122.322,1320,2910
699950.0,3,3.25,2230,5460,1.0,0,1,4,8,800,1977,0,98136,47.53,-122.388,2070,5600
970000.0,4,3.25,4740,76230,2.0,0,0,3,10,0,1987,0,98075,47.5931,-122.071,3340,49206
435000.0,3,1.0,1120,9656,1.0,0,0,5,7,0,1955,0,98006,47.567,-122.139,1720,9908
470000.0,2,1.0,1190,5200,1.0,0,0,5,7,0,1912,0,98103,47.6939,-122.348,1550,5100
165000.0,3,1.0,1380,7334,1.0,0,0,3,7,400,1981,0,98055,47.4339,-122.192,1910,7859
616000.0,3,1.5,1740,9840,1.0,0,0,4,8,0,1963,0,98040,47.5748,-122.237,1930,9840
310000.0,3,1.0,1480,7830,1.0,0,0,3,7,0,1952,0,98133,47.7703,-122.336,1450,7830
780000.0,3,1.75,2340,10495,1.0,0,0,4,8,0,1967,0,98040,47.5386,-122.226,3120,11068
1250000.0,3,2.5,2710,13120,1.0,0,0,3,10,0,1959,0,98105,47.6718,-122.256,3130,13566
607000.0,4,2.5,2100,8220,1.0,0,0,4,8,800,1975,0,98052,47.6733,-122.145,2160,8348
205000.0,3,1.0,1050,8498,1.0,0,0,3,7,0,1958,0,98031,47.4038,-122.203,1340,8498
325000.0,3,1.75,1790,27427,1.0,0,0,3,7,660,1978,0,98065,47.532,-121.761,1610,16684
550000.0,1,1.5,1900,40600,1.5,0,0,5,9,450,1977,0,98027,47.4718,-122.009,2920,40427
530000.0,5,2.25,2140,7910,1.0,0,0,3,7,1070,1962,0,98007,47.6071,-122.137,1680,8700
723000.0,4,2.5,2700,4004,2.0,0,0,3,9,0,2004,0,98029,47.5521,-121.995,2260,4459
495000.0,4,2.0,2050,4000,1.5,0,0,5,7,840,1941,0,98144,47.5799,-122.306,1310,4000
410000.0,2,2.25,1660,2128,2.0,0,0,4,8,0,1974,0,98028,47.7528,-122.252,1640,2128
266000.0,4,2.25,1860,12693,1.0,0,0,3,8,720,1978,0,98023,47.3114,-122.395,1950,8740
325000.0,4,2.5,2610,7091,2.0,0,0,3,9,0,1987,0,98023,47.3017,-122.349,2610,7773
240000.0,4,2.5,2040,11841,2.0,0,0,3,7,0,1994,0,98042,47.3691,-122.074,1730,8808
299000.0,1,2.5,1980,7521,1.0,0,0,4,7,800,1979,0,98055,47.4343,-122.192,1980,8000
585000.0,2,1.0,1110,6000,1.0,0,0,3,7,100,1951,0,98118,47.5632,-122.282,1410,3500
432000.0,3,2.5,1660,15000,1.0,0,0,4,7,0,1970,0,98075,47.5803,-122.05,2060,15015
270000.0,5,2.5,2140,10320,1.0,0,0,4,7,810,1967,0,98031,47.3927,-122.194,2050,8964
804000.0,5,3.5,2770,9305,2.0,0,0,3,9,0,1985,0,98006,47.5628,-122.114,2520,9773
400000.0,3,2.0,1350,7216,1.0,0,0,3,7,0,1964,0,98177,47.7616,-122.365,1920,7600
299500.0,3,1.0,1280,6726,1.0,0,0,3,6,0,1958,0,98144,47.5724,-122.301,1630,5000
620000.0,3,1.75,1458,858,2.0,0,0,3,8,508,2014,0,98144,47.592,-122.293,1458,3000
460000.0,2,1.0,850,4650,1.0,0,0,3,7,0,1975,0,98117,47.6926,-122.365,980,4700
717500.0,3,1.0,2090,4000,1.5,0,2,3,8,200,1931,0,98199,47.6393,-122.392,2090,4000
308000.0,3,1.0,1010,8800,1.0,0,0,4,7,0,1954,0,98118,47.5483,-122.278,1400,4095
819000.0,3,2.75,3176,13391,2.0,0,3,4,9,450,1985,0,98198,47.3429,-122.33,3470,12779
555000.0,3,2.5,2480,8676,2.0,0,0,4,8,0,1989,0,98056,47.53,-122.172,2540,9496
238000.0,4,2.5,1690,7260,1.0,0,0,3,7,610,1979,0,98023,47.3001,-122.368,1690,7700
592100.0,4,2.75,2310,7851,1.0,0,0,4,8,520,1989,0,98006,47.5473,-122.187,2230,7359
765000.0,5,3.75,3580,14275,2.0,0,0,3,10,390,1999,0,98027,47.5322,-122.056,2740,14300
185000.0,2,1.0,1390,11340,1.0,0,0,4,7,0,1969,0,98168,47.4969,-122.3,1200,10224
895000.0,4,3.0,3500,13444,2.0,0,0,3,10,1140,1977,0,98040,47.5468,-122.231,3140,12935
430000.0,3,2.5,1690,1310,2.0,0,0,3,8,550,2004,0,98136,47.5404,-122.387,1640,1321
567500.0,3,2.5,3090,67082,2.0,0,0,3,9,0,1990,0,98038,47.4032,-122.023,3650,62290
330000.0,4,1.75,1550,50094,1.0,0,3,4,6,0,1967,0,98022,47.2194,-122.059,1720,50094
639500.0,4,2.25,2330,8994,2.0,0,0,3,8,0,1986,0,98052,47.7264,-122.104,2330,8396
541000.0,3,1.75,1410,4080,1.5,0,0,4,7,0,1927,0,98105,47.6695,-122.32,1820,4080
810000.0,4,2.25,2020,5600,1.0,0,2,4,8,810,1961,0,98115,47.6821,-122.267,2660,6050
370000.0,3,1.5,1360,1167,3.0,0,0,3,8,0,2008,0,98103,47.6962,-122.349,1360,1167
435000.0,3,2.25,1380,3015,2.0,0,0,3,7,0,2009,0,98052,47.6783,-122.157,1930,3612
510000.0,3,3.0,1320,1012,3.0,0,0,3,8,0,2009,0,98117,47.6904,-122.395,1320,1536
199000.0,3,1.0,1390,21262,1.0,0,0,3,7,0,1958,0,98058,47.4454,-122.185,1560,10800
660000.0,3,2.5,2400,6474,1.0,0,2,3,8,840,1964,0,98177,47.7728,-122.386,2340,10856
500000.0,4,2.0,2330,7778,1.0,0,0,3,7,1100,1961,0,98125,47.7109,-122.323,1250,8160
337000.0,3,2.25,1460,941,3.0,0,0,3,8,0,2006,0,98133,47.7145,-122.356,1490,1399
796000.0,4,3.25,2110,3000,2.0,0,0,3,8,0,2001,0,98115,47.6769,-122.328,1780,4000
525300.0,4,1.75,2520,7770,1.0,0,0,3,8,840,1965,0,98177,47.7721,-122.372,2340,7770
825000.0,5,3.5,4140,6770,2.0,0,0,3,9,1110,2004,0,98027,47.5381,-122.069,3960,5431
839000.0,3,1.0,1230,12305,1.0,0,0,3,7,0,1955,1990,98004,47.6095,-122.195,2100,7960
245000.0,3,2.5,1720,3407,2.0,0,0,3,7,0,1992,0,98031,47.4034,-122.188,1720,3407
599900.0,3,3.0,3030,35123,2.0,0,0,4,8,1270,1984,0,98027,47.4694,-122.006,2810,36205
475000.0,3,1.75,1520,8100,1.0,0,0,5,6,760,1945,0,98117,47.6966,-122.375,1040,8100
833000.0,4,1.75,2260,12238,1.0,0,0,3,9,0,1967,0,98005,47.5976,-122.178,2430,10204
1050000.0,4,3.25,3830,8331,2.0,0,0,3,9,0,2014,0,98053,47.6906,-122.019,4080,8425
855000.0,5,3.25,3420,5669,2.0,0,0,3,9,800,2003,0,98027,47.5366,-122.067,3310,6006
273000.0,3,2.5,1650,5994,2.0,0,0,4,7,0,1989,0,98030,47.3603,-122.19,1930,6666
212000.0,3,1.5,1060,9225,1.0,0,0,4,7,0,1955,0,98003,47.3217,-122.318,1270,9375
460500.0,4,2.5,2170,7533,2.0,0,0,3,8,0,1991,0,98059,47.5057,-122.149,2170,8728
344950.0,3,1.75,1870,7500,1.0,0,0,5,8,550,1978,0,98058,47.4428,-122.134,1870,7275
214000.0,3,1.5,1240,5200,1.0,0,0,5,6,0,1970,0,98042,47.3683,-122.079,1060,5200
617450.0,3,2.0,1580,14398,1.0,0,0,3,7,500,1981,0,98005,47.6328,-122.174,1650,14407
268500.0,3,2.25,1140,977,2.0,0,0,3,7,290,2008,0,98126,47.5439,-122.375,1140,976
719950.0,5,2.75,3240,6863,2.0,0,0,3,10,0,2013,0,98056,47.5033,-122.193,2360,6002
219950.0,2,1.0,940,8997,1.0,0,0,5,7,0,1955,0,98022,47.2005,-121.999,1110,9126
257000.0,2,1.0,770,7200,1.0,0,0,3,7,0,1951,0,98125,47.7143,-122.325,1320,7139
1031000.0,4,1.75,2110,6708,1.0,0,3,3,8,700,1941,0,98105,47.67,-122.274,2140,7006
575000.0,2,1.0,980,3663,1.0,0,0,5,7,0,1909,0,98105,47.6645,-122.288,1620,3706
1436000.0,4,3.5,4970,16582,2.0,0,3,4,11,1040,1992,0,98006,47.5496,-122.12,3580,13335
1442500.0,3,2.25,2630,9705,2.5,0,2,4,8,0,1987,0,98052,47.6485,-122.121,2640,14284
239950.0,3,2.5,1560,4800,2.0,0,0,4,7,0,1974,0,98001,47.2653,-122.285,1510,12240
620000.0,4,2.5,2730,9260,2.0,0,0,3,8,0,2008,0,98133,47.7222,-122.331,2730,7357
1655000.0,4,3.5,3080,4815,2.0,0,3,3,10,780,1937,2009,98199,47.6417,-122.411,2910,5350
589000.0,3,1.5,1390,5040,1.0,0,0,3,7,300,1947,0,98105,47.6611,-122.282,1910,4800
205000.0,3,1.0,1230,8750,1.0,0,0,3,6,0,1965,0,98003,47.3266,-122.334,1230,8750
1445000.0,4,3.5,3470,8580,2.0,0,0,3,11,970,2007,0,98199,47.6433,-122.403,1940,7920
300000.0,3,1.75,1500,8352,1.0,0,2,5,6,750,1943,0,98056,47.4883,-122.191,1500,8447
589950.0,5,3.0,2790,19439,1.0,0,3,5,7,1290,1973,0,98058,47.4088,-122.089,1620,19439
175000.0,2,1.75,1050,9800,1.5,0,0,4,6,0,1975,0,98019,47.7595,-121.473,1230,12726
460000.0,4,2.5,2110,35091,1.0,0,0,4,8,820,1985,0,98027,47.467,-122.014,2740,36427
799950.0,3,2.25,1860,1386,3.0,0,0,3,9,0,2014,0,98112,47.6368,-122.279,1680,3080
570000.0,3,2.5,3150,20189,2.0,0,0,3,10,0,1990,0,98058,47.447,-122.088,2920,20612
889000.0,4,3.5,4070,10976,2.0,0,0,3,10,0,2004,0,98075,47.5805,-121.97,4080,10106
358000.0,3,2.25,1610,6655,2.0,0,0,4,7,0,1985,0,98058,47.4296,-122.161,1780,7529
289950.0,3,2.5,1870,1436,2.0,0,0,3,7,0,2004,0,98059,47.4899,-122.166,1720,1852
1160000.0,4,3.5,4190,15724,2.0,0,2,3,11,0,1994,0,98027,47.5518,-122.096,3300,10113
229950.0,2,1.5,1160,1848,2.0,0,0,3,7,0,1972,0,98034,47.7366,-122.176,1160,1566
595500.0,4,2.5,2490,6537,2.0,0,0,3,8,0,2013,0,98065,47.5185,-121.884,2520,5848
385000.0,3,1.75,1890,9920,1.0,0,0,3,7,660,1944,0,98125,47.7327,-122.306,1380,9086
517000.0,2,1.0,1140,3750,1.0,0,0,4,7,0,1925,0,98103,47.6619,-122.343,1660,4000
200000.0,3,1.0,1050,5000,1.0,0,0,4,6,0,1967,0,98056,47.4923,-122.165,1050,5200
705000.0,4,1.75,1690,11739,1.0,0,0,4,8,0,1959,0,98040,47.552,-122.219,2300,11600
690000.0,5,3.5,2720,7598,2.0,0,0,3,8,860,1993,0,98115,47.6931,-122.283,2430,7728
505000.0,4,2.75,2200,9778,1.0,0,0,4,8,1100,1962,0,98006,47.5472,-122.176,2140,11321
294950.0,3,1.0,1160,8950,1.0,0,0,3,7,0,1968,0,98133,47.7499,-122.338,1210,8193
266000.0,2,1.0,700,5559,1.0,0,0,5,6,0,1949,0,98155,47.7492,-122.311,1230,8100
440000.0,4,2.5,2230,5650,2.0,0,0,3,7,0,2011,0,98056,47.5073,-122.168,1590,7241
560000.0,4,2.5,2940,6000,2.0,0,0,3,8,0,2000,0,98011,47.7533,-122.198,2510,6600
689000.0,4,2.5,2020,9600,2.0,0,0,4,7,0,1954,0,98136,47.5434,-122.395,2250,8550
319000.0,2,1.0,750,6380,1.0,0,0,3,7,0,1949,0,98125,47.7033,-122.308,1690,6495
490000.0,3,1.75,1920,5405,1.0,0,2,4,7,960,1947,0,98126,47.5583,-122.38,1190,5405
855000.0,4,3.0,3090,35074,2.0,0,0,3,9,0,1978,0,98005,47.6359,-122.159,3120,35150
1075000.0,4,3.0,3600,9200,1.0,0,4,4,9,1500,1976,0,98008,47.5866,-122.116,2700,9775
521000.0,3,1.75,1720,37363,1.0,0,0,4,8,370,1974,0,98053,47.6608,-122.035,2740,40635
936000.0,3,1.75,2960,12420,1.0,0,2,4,8,1480,1952,0,98116,47.5739,-122.406,2700,9106
545000.0,4,3.0,3160,10948,1.0,0,3,3,8,1230,1991,0,98070,47.3733,-122.422,2380,13623
366000.0,4,2.75,2020,8093,1.0,0,0,5,7,720,1961,0,98133,47.7685,-122.332,1920,8089
914154.0,3,3.5,2940,6431,2.0,0,0,3,10,0,2014,0,98075,47.5818,-122.047,2760,6695
429000.0,2,1.75,1350,6315,1.0,0,0,3,8,0,2005,0,98053,47.7141,-122.032,1665,5390
355300.0,3,2.5,1620,7410,1.0,0,0,5,7,0,1955,0,98133,47.7708,-122.335,1450,8121
735000.0,3,2.5,2540,6762,2.0,0,0,3,10,0,1998,0,98007,47.6239,-122.144,2870,6631
1052000.0,3,2.25,2880,6092,2.0,0,4,4,8,960,1983,0,98116,47.5878,-122.381,2880,5308
856600.0,4,2.25,2400,13430,1.0,0,0,4,9,0,1964,0,98005,47.5987,-122.178,2580,10077
499160.0,4,2.5,2628,11466,2.0,0,0,3,9,0,2014,0,98001,47.2904,-122.264,2849,10909
550000.0,3,2.0,1830,9152,1.0,0,0,5,8,0,1959,0,98006,47.5531,-122.181,1770,9220
288790.0,4,2.0,1390,745,3.0,0,0,3,7,0,2008,0,98027,47.5401,-122.026,1390,942
776500.0,4,1.5,2290,10372,1.0,0,0,3,7,780,1965,1987,98033,47.6888,-122.199,1900,8109
1485000.0,4,3.75,4030,10800,2.0,0,0,3,10,0,2006,0,98033,47.6821,-122.196,2160,7200
402500.0,3,2.25,2160,9540,2.0,0,0,3,8,0,1979,0,98028,47.7668,-122.243,1720,12593
744000.0,4,2.75,2830,13059,2.0,0,0,3,10,0,1998,0,98075,47.595,-121.986,3840,11596
354800.0,3,2.0,1370,78408,1.0,0,0,5,7,0,1964,0,98042,47.3867,-122.081,1620,9690
328950.0,4,1.75,2550,8976,1.0,0,0,5,7,1250,1978,0,98058,47.4286,-122.179,2220,9477
711777.0,4,1.75,2220,6731,1.0,0,0,4,7,1110,1953,0,98116,47.5691,-122.391,1600,6350
247800.0,3,2.5,1580,2170,2.0,0,0,3,7,0,2003,0,98118,47.5418,-122.289,1610,1917
690000.0,3,2.0,1760,6428,1.0,0,0,4,7,780,1942,0,98199,47.6388,-122.397,1760,6004
835000.0,4,2.75,4030,10240,2.0,0,2,3,8,720,1943,1994,98177,47.7168,-122.365,2490,7680
722500.0,4,2.5,2460,9296,2.0,0,0,3,9,0,1978,0,98007,47.6125,-122.152,2730,9900
1010000.0,4,3.5,3500,4080,2.0,0,2,3,9,910,2004,0,98115,47.6834,-122.292,2430,5100
285000.0,3,1.0,950,10723,1.0,0,0,4,6,0,1959,0,98059,47.4899,-122.133,1520,10723
237000.0,3,1.0,1130,10650,1.0,0,0,3,7,0,1954,0,98188,47.4363,-122.286,1320,10650
375000.0,3,1.75,1380,5060,1.0,0,0,3,7,0,1986,0,98133,47.7059,-122.341,1030,5060
549000.0,4,2.25,2420,59800,1.0,0,0,4,8,1070,1985,0,98074,47.6206,-122.056,2160,17598
424950.0,4,2.5,2760,5564,2.0,0,0,3,7,0,2001,0,98056,47.4814,-122.189,2670,5626
709000.0,3,2.75,2780,7200,1.5,0,0,4,8,910,1913,0,98118,47.5632,-122.27,1700,7200
560000.0,4,2.25,1950,9800,1.0,0,0,3,8,620,1968,0,98033,47.666,-122.178,2170,9800
250000.0,1,1.0,1100,4373,1.0,0,0,2,6,280,1947,0,98166,47.4653,-122.338,1100,7500
699000.0,3,3.5,3200,10344,2.0,0,0,3,10,0,2007,0,98011,47.7636,-122.216,2550,20152
517500.0,4,2.5,1520,3370,2.0,0,0,3,8,0,1994,0,98029,47.5696,-122.004,1860,4486
299999.0,3,2.25,1350,1234,2.0,0,0,3,7,190,2007,0,98106,47.5565,-122.363,1420,1234
342500.0,3,2.5,1810,5192,2.0,0,0,3,8,0,1993,0,98038,47.3724,-122.042,1810,6200
583800.0,3,2.5,2480,6600,2.0,0,0,3,8,0,2002,0,98053,47.6313,-122.008,2310,6656
850830.0,3,2.5,2070,13241,1.5,0,0,5,9,800,1910,0,98102,47.6415,-122.315,2200,4500
415000.0,4,2.5,2544,4071,2.0,0,0,3,9,0,2013,0,98030,47.341,-122.179,2358,4179
2140000.0,4,3.75,5150,453895,2.0,0,3,3,11,790,1997,0,98053,47.6795,-121.991,2500,215186
288000.0,3,1.75,1660,10440,1.0,0,0,3,7,620,1978,0,98045,47.4448,-121.77,1240,10380
550000.0,3,2.0,1390,2688,1.5,0,0,5,7,0,1915,0,98117,47.6783,-122.366,1440,2900
840000.0,3,2.5,2060,9715,2.0,0,0,3,8,0,1924,2006,98115,47.6961,-122.316,1240,7072
1700000.0,5,2.75,3810,9360,2.0,0,0,3,10,0,2014,0,98004,47.6039,-122.194,2110,9870
375000.0,1,1.0,1090,5250,1.0,0,0,3,6,110,1927,0,98117,47.6999,-122.391,2160,5250
3200000.0,3,3.25,4560,13363,1.0,0,4,3,11,1800,1995,0,98004,47.6205,-122.214,4060,13362
230000.0,6,3.0,2180,7220,2.0,0,0,3,7,0,1980,0,98003,47.3046,-122.305,2260,7344
588000.0,4,2.25,2510,19550,1.0,0,0,4,9,700,1977,0,98034,47.7041,-122.241,2450,19250
354000.0,3,2.0,1010,21340,1.0,0,0,3,8,0,1980,0,98074,47.6223,-122.043,1700,13045
1321500.0,3,3.0,2230,12968,2.0,0,0,3,9,0,1990,0,98004,47.6271,-122.197,2260,10160
700000.0,4,2.75,3350,7857,2.0,0,2,3,9,0,2004,0,98065,47.5398,-121.859,3870,7886
207000.0,2,1.5,1068,1158,2.0,0,0,3,7,0,1990,0,98028,47.753,-122.244,1078,1278
273000.0,3,2.25,1830,7651,2.0,0,0,3,8,0,1986,0,98092,47.2642,-122.219,2160,8442
665000.0,3,2.5,1730,3000,2.0,0,0,3,8,0,1996,0,98103,47.6532,-122.34,1730,1774
494000.0,4,2.25,1790,42000,1.0,0,0,3,7,620,1983,0,98045,47.4819,-121.744,2060,50094
835000.0,6,2.0,3560,5120,2.5,0,2,3,9,0,1900,0,98122,47.6056,-122.311,2130,5120
360000.0,2,1.0,840,7414,1.0,0,0,4,6,0,1928,0,98033,47.6771,-122.172,1740,9784
830000.0,2,1.5,2130,35679,1.0,0,0,4,7,0,1963,0,98033,47.6638,-122.171,2670,35679
389000.0,2,1.75,1160,4848,2.0,0,1,4,7,0,1949,0,98118,47.542,-122.265,1990,7440
910000.0,3,2.0,2700,6120,1.0,0,0,4,8,1350,1962,0,98115,47.6731,-122.327,1700,4590
697000.0,4,2.75,3650,48351,1.5,0,0,4,8,0,1978,0,98077,47.7632,-122.089,2820,53143
420000.0,2,1.0,860,3880,1.0,0,0,4,6,0,1916,0,98117,47.6862,-122.391,1230,4260
292050.0,5,3.0,2840,7199,1.0,0,0,3,7,1130,2003,0,98178,47.5065,-122.275,2210,10800
625000.0,5,1.0,3240,5324,2.0,0,0,3,9,0,2007,0,98065,47.523,-121.875,3240,6036
369950.0,3,1.75,1640,4860,1.0,0,0,3,8,440,1965,0,98125,47.7125,-122.32,1480,7200
650000.0,4,3.0,3720,57499,1.0,0,0,3,9,1840,2003,0,98014,47.6469,-121.897,2560,26372
370000.0,2,1.0,2360,105850,1.0,0,2,2,6,1180,1947,0,98022,47.2495,-121.97,2640,386812
299500.0,3,1.0,1190,9600,1.0,0,0,3,7,0,1981,0,98045,47.4805,-121.762,1360,10140
420000.0,3,3.5,1900,2133,2.0,0,0,3,8,380,2009,0,98126,47.5675,-122.369,1530,3264
135000.0,1,1.0,790,13062,1.0,0,0,3,6,0,1942,0,98168,47.4919,-122.311,1240,7137
247300.0,2,2.0,1140,1118,2.0,0,0,3,7,100,2009,0,98144,47.596,-122.311,1140,1118
429950.0,3,1.5,2010,9480,1.0,0,0,3,8,440,1951,0,98125,47.7102,-122.281,1920,8791
590000.0,4,3.5,3100,15842,2.0,0,0,3,8,700,1996,0,98028,47.7466,-122.242,2200,19400
848000.0,5,1.75,2290,4320,2.0,0,0,3,7,310,1928,0,98105,47.664,-122.31,2870,4320
302000.0,5,1.75,2360,8642,1.5,0,0,5,7,300,1926,0,98133,47.7617,-122.335,1950,8491
290000.0,2,1.0,770,4800,1.0,0,0,3,7,0,1943,0,98136,47.527,-122.383,1390,4800
480000.0,4,1.75,1920,9380,1.0,0,0,3,7,0,1964,0,98008,47.6344,-122.118,1580,8580
750000.0,4,2.75,3190,9023,2.0,0,0,3,9,0,2005,0,98075,47.5898,-121.989,3159,5615
698000.0,4,2.5,2990,7231,2.0,0,0,3,9,0,2001,0,98075,47.5623,-122.032,3160,8339
700000.0,4,2.5,2580,15031,2.0,0,0,3,9,0,1999,0,98052,47.6895,-122.094,3030,10361
438500.0,3,2.0,1490,3072,1.0,0,0,5,7,720,1912,0,98144,47.5772,-122.307,1320,3072
324950.0,4,1.75,2320,9240,1.0,0,0,3,7,1160,1959,2014,98178,47.4909,-122.257,2130,7320
485500.0,4,2.5,1800,4500,2.0,0,0,3,8,0,1999,0,98075,47.5998,-122.014,1800,4500
740000.0,5,3.75,3990,18897,2.0,0,0,3,8,900,1937,2010,98125,47.7228,-122.31,2080,9793
716000.0,3,1.5,1140,4800,1.5,0,0,3,7,0,1915,0,98109,47.6368,-122.354,1260,4800
253000.0,3,2.0,1290,7372,1.0,0,0,5,7,0,1990,0,98042,47.3658,-122.085,1290,7366
380000.0,5,1.75,1320,38125,1.0,0,0,4,7,200,1947,0,98198,47.3937,-122.323,2360,15070
1200000.0,4,3.0,2150,8119,2.0,0,0,3,8,0,1953,2004,98039,47.6335,-122.236,1590,8119
709000.0,4,1.75,2170,4600,1.0,0,0,3,7,900,1950,0,98117,47.6894,-122.384,1750,4000
571000.0,3,2.5,2140,2867,2.0,0,0,3,8,180,2005,0,98027,47.5357,-122.073,2280,2836
719000.0,3,1.75,1800,5816,1.0,0,0,5,7,900,1947,0,98199,47.6529,-122.407,1650,5816
397500.0,3,2.5,1860,44093,1.0,0,0,3,7,0,1978,0,98055,47.4381,-122.188,1900,6130
450000.0,6,2.25,3550,11780,1.0,0,0,4,8,590,1948,0,98125,47.7218,-122.312,2360,8850
1355000.0,5,3.75,4960,13990,2.0,0,2,3,11,1200,2001,0,98006,47.5491,-122.137,5200,18116
227000.0,2,1.0,1040,9100,1.0,0,0,4,7,0,1937,0,98133,47.7407,-122.347,1950,13228
371000.0,3,1.5,1420,4500,1.0,0,0,3,7,0,1959,0,98103,47.694,-122.332,1540,6375
1309500.0,4,2.5,2680,12215,1.0,1,4,3,9,1090,1956,0,98166,47.4396,-122.353,2960,19964
600000.0,4,2.5,2600,6536,2.0,0,0,3,9,0,1999,0,98056,47.5232,-122.191,2640,6185
675000.0,3,2.5,2550,4954,1.5,0,0,4,7,700,1924,0,98144,47.5758,-122.287,1700,4954
400000.0,3,1.0,1100,5100,2.0,0,0,4,7,0,1900,0,98117,47.679,-122.386,1540,5100
955990.0,5,3.25,3830,6507,2.0,0,0,3,9,0,2014,0,98053,47.6843,-122.016,3950,6723
360000.0,4,2.25,2620,8100,1.0,0,0,4,7,1070,1964,0,98166,47.4564,-122.351,1650,8100
275000.0,3,1.75,1840,14005,1.0,0,0,3,8,0,1983,0,98023,47.3124,-122.345,2170,7992
190000.0,3,2.25,1590,11745,1.0,0,0,3,7,500,1978,0,98001,47.3553,-122.28,1540,12530
330000.0,3,2.5,2238,7209,2.0,0,0,3,8,0,2011,0,98023,47.2966,-122.353,2456,7212
338000.0,2,1.0,690,6400,1.0,0,0,3,6,0,1943,0,98126,47.5287,-122.367,1000,6400
920000.0,4,1.5,1850,3600,2.0,0,0,3,8,190,1929,0,98112,47.6376,-122.307,1970,3600
510000.0,3,2.5,2540,40106,2.0,0,0,3,10,0,1991,0,98074,47.6037,-122.043,3190,71797
1328000.0,4,2.25,3260,4640,2.0,0,0,5,9,900,1907,0,98112,47.6272,-122.312,3240,5800
525000.0,2,2.75,1310,1268,3.5,0,0,3,8,0,2007,0,98103,47.6534,-122.355,1350,1288
900000.0,3,1.0,1330,77972,1.0,0,0,3,7,0,1928,1954,98033,47.6891,-122.159,1340,17689
360000.0,4,2.0,1920,7803,1.0,0,0,3,7,840,1962,0,98155,47.758,-122.325,1940,8147
199000.0,3,1.0,1390,12145,1.0,0,0,4,7,0,1964,0,98042,47.4225,-122.15,1030,10800
550000.0,3,1.75,1880,45738,1.0,0,0,4,8,470,1980,0,98072,47.7662,-122.114,2340,38556
470000.0,4,2.75,2150,9820,1.0,0,0,4,8,930,1979,0,98011,47.7758,-122.2,2060,9830
350000.0,3,2.5,2440,18674,2.0,0,0,4,8,0,1994,0,98042,47.3672,-122.126,2530,10603
185000.0,3,1.0,1320,7155,1.0,0,0,4,6,0,1961,0,98002,47.2857,-122.22,1070,8100
470000.0,3,3.25,1740,1693,2.0,0,0,3,8,380,2007,0,98116,47.558,-122.382,1130,1626
245000.0,3,1.0,1370,6000,1.0,0,0,3,7,0,1955,0,98146,47.4879,-122.339,1370,9520
370000.0,2,1.0,780,1133,2.0,0,0,3,7,0,2009,0,98144,47.5924,-122.295,1130,1270
533380.0,4,2.75,2790,6685,2.0,0,0,3,8,0,2014,0,98045,47.4838,-121.773,2790,6444
302000.0,4,1.5,1790,10200,1.0,0,0,4,8,580,1963,0,98030,47.3774,-122.225,1540,6600
998000.0,4,2.5,3030,6820,2.0,0,0,3,9,500,1947,2000,98105,47.6695,-122.266,2070,6820
292500.0,4,2.5,1860,8709,2.0,0,0,3,8,0,1994,0,98092,47.3289,-122.17,1990,6825
745000.0,3,1.75,1490,9800,1.0,0,0,4,7,350,1947,0,98004,47.584,-122.198,2310,9800
474950.0,3,2.0,2250,222156,1.0,0,0,3,7,0,1987,0,98065,47.542,-121.792,2110,121968
817500.0,3,3.25,3230,7639,2.0,0,0,3,10,0,1999,0,98074,47.6338,-122.063,3230,7772
267000.0,3,2.5,1580,12250,2.0,0,0,3,8,0,1993,0,98198,47.3771,-122.315,1560,9900
387846.0,4,1.75,2520,15205,1.0,0,0,4,7,480,1954,0,98028,47.7642,-122.264,1680,10000
529219.0,4,2.25,1990,7610,1.0,0,0,4,8,700,1966,0,98008,47.6236,-122.103,1820,8198
355000.0,3,1.0,1210,6650,1.0,0,0,3,6,0,1959,0,98008,47.6214,-122.12,990,7590
429000.0,3,2.5,1920,15124,2.0,0,0,3,8,0,1995,0,98045,47.5015,-121.773,1920,16477
285000.0,3,1.75,1560,9514,1.0,0,0,4,7,0,1967,0,98031,47.4088,-122.21,1550,9600
270000.0,4,2.5,1900,8282,1.0,0,0,3,7,0,1968,1997,98022,47.2089,-122.003,1420,8350
1130000.0,4,3.5,4300,8406,2.0,0,1,3,11,720,1987,0,98040,47.5396,-122.214,2770,10006
825000.0,3,2.5,3760,5260,2.0,0,0,3,9,530,2002,0,98029,47.5489,-122.007,3080,5312
320000.0,3,1.5,1650,9380,1.0,0,0,5,7,520,1978,0,98058,47.4525,-122.162,1720,8856
184900.0,2,1.0,1230,5000,1.0,0,0,5,6,0,1911,0,98022,47.2064,-121.988,1230,5413
295000.0,4,2.25,1830,5720,2.0,0,0,3,7,0,2003,0,98030,47.3604,-122.179,1960,5754
1800000.0,4,3.5,4460,16953,1.0,0,0,3,9,1910,1962,1994,98039,47.6338,-122.232,1980,13370
530000.0,4,4.5,4060,10800,2.0,0,0,3,10,0,2007,0,98188,47.4241,-122.29,1830,9768
600000.0,4,2.75,2810,17674,1.0,0,0,4,8,1170,1978,0,98052,47.6745,-122.144,2400,11240
600000.0,2,2.5,1830,1988,2.0,0,0,3,9,300,2011,0,98116,47.5779,-122.409,1800,2467
495000.0,4,1.5,1810,7998,1.0,0,0,3,8,600,1960,0,98125,47.726,-122.297,1830,7763
717000.0,3,2.5,2480,5137,2.0,0,0,3,9,0,2000,0,98052,47.684,-122.164,2480,6023
335000.0,3,1.0,980,9903,1.0,0,0,4,7,0,1966,0,98028,47.7746,-122.239,1830,9903
380000.0,5,3.0,3450,9914,2.0,0,0,3,9,0,2004,0,98023,47.2813,-122.345,2860,9721
770000.0,3,2.5,3680,35617,1.0,0,0,3,10,1290,1985,0,98052,47.7213,-122.12,3570,35633
580000.0,5,2.5,2720,5000,1.5,0,0,4,7,1190,1939,0,98117,47.6827,-122.376,1210,5000
450000.0,2,1.0,950,4560,1.5,0,0,3,7,0,1925,0,98112,47.6288,-122.3,2040,4560
675000.0,4,2.5,2620,6114,2.0,0,0,3,9,0,2011,0,98029,47.5603,-122.013,2620,5808
317000.0,3,1.75,1530,7650,1.0,0,0,4,8,0,1977,0,98058,47.4435,-122.128,1850,6804
218450.0,2,1.0,840,7425,1.0,0,0,4,6,0,1952,0,98166,47.4749,-122.339,1300,11674
249000.0,4,2.0,1280,7560,1.0,0,0,5,6,0,1959,0,98058,47.45,-122.175,1250,7690
1035000.0,4,4.0,4090,51908,2.0,0,0,3,11,0,1991,0,98077,47.7226,-122.039,4290,41655
381156.0,2,1.0,1320,3090,1.0,0,0,4,7,0,1908,0,98118,47.5517,-122.276,1270,4120
114975.0,2,1.0,740,6250,1.0,0,0,3,6,0,1942,0,98146,47.506,-122.335,980,6957
950000.0,4,1.75,2210,19025,1.0,0,0,4,7,750,1952,0,98004,47.5927,-122.203,2640,14999
465000.0,5,1.5,1830,9000,1.0,0,2,3,7,800,1955,0,98155,47.7488,-122.292,2610,11175
405000.0,2,3.0,1410,1240,2.0,0,0,3,8,270,2006,0,98136,47.5221,-122.39,1410,1273
405000.0,4,2.5,2620,8960,1.0,0,0,5,7,1100,1955,0,98133,47.7642,-122.335,1880,8960
555000.0,3,1.0,1250,4590,1.5,0,0,3,6,280,1903,0,98115,47.6757,-122.327,1830,4080
275000.0,4,2.0,1480,15000,1.0,0,0,4,7,0,1957,0,98055,47.4312,-122.196,1450,8768
410000.0,5,2.75,2910,5802,2.0,0,0,3,7,0,2006,0,98038,47.3591,-122.036,2910,5000
235000.0,3,1.75,1520,12246,1.0,0,0,4,6,0,1971,0,98010,47.3434,-122.049,1460,12246
352500.0,4,2.5,2300,219106,1.0,0,0,4,7,460,1958,0,98038,47.4044,-121.963,2120,123710
785000.0,3,2.0,1600,9638,1.0,0,0,5,7,0,1952,0,98040,47.5753,-122.224,1800,11400
450000.0,3,1.75,1160,6120,1.0,0,0,3,7,120,1941,0,98115,47.6926,-122.287,1530,6120
350000.0,3,1.0,1010,9360,1.0,0,0,3,6,0,1981,0,98033,47.6874,-122.168,1470,9360
727500.0,3,2.0,2660,5000,1.5,0,3,3,8,720,1910,0,98116,47.5829,-122.382,2270,5000
1037000.0,5,3.75,4570,10194,2.0,0,0,3,11,0,2006,0,98034,47.718,-122.161,2040,7560
370000.0,4,2.5,2320,9264,2.0,0,0,3,8,0,1994,0,98188,47.4449,-122.274,2320,9129
568000.0,3,2.5,2320,57063,1.0,0,0,4,9,530,1979,0,98074,47.6163,-122.056,3290,7314
510000.0,1,1.0,680,6600,1.0,0,0,3,5,200,1916,0,98199,47.6567,-122.392,1170,5500
810000.0,3,2.0,1760,16928,1.0,0,0,3,7,0,1953,0,98004,47.6363,-122.202,3430,10059
350000.0,3,1.0,1540,9800,1.0,0,0,4,7,0,1950,0,98155,47.7604,-122.329,1560,9450
391000.0,3,2.0,1490,9000,1.0,0,0,4,8,0,1977,0,98006,47.5455,-122.184,2190,9000
609900.0,4,2.5,3190,7399,2.0,0,0,3,10,0,2006,0,98038,47.3558,-122.004,3250,7323
700000.0,3,1.75,2100,5000,1.5,0,0,3,8,0,1916,0,98117,47.6776,-122.36,1830,4200
400000.0,3,1.0,1240,4000,1.5,0,0,3,8,0,1928,2000,98106,47.5467,-122.359,1200,17707
353900.0,3,1.75,1560,5760,1.0,0,0,5,6,780,1927,0,98106,47.5272,-122.359,1320,7680
340000.0,3,2.0,1570,14992,1.0,0,0,3,8,0,2001,0,98014,47.6965,-121.922,1640,15000
535365.0,4,2.75,2790,6969,2.0,0,0,3,8,0,2012,0,98045,47.4836,-121.769,2620,6307
175000.0,3,1.75,1430,4920,1.0,0,0,2,6,0,1957,0,98118,47.5388,-122.275,1550,5646
265000.0,3,1.0,1020,8610,1.0,0,0,5,7,0,1959,0,98056,47.4974,-122.169,1070,5940
500000.0,4,2.25,2030,8517,1.0,0,0,4,8,650,1961,0,98006,47.5495,-122.174,2230,8824
745000.0,4,2.5,3170,5100,2.0,0,0,3,9,0,2012,0,98056,47.5187,-122.208,1580,5100
183000.0,3,1.0,1170,7320,1.0,0,0,3,7,0,1962,0,98188,47.4685,-122.282,2040,7320
440000.0,3,2.5,1910,66211,2.0,0,0,3,7,0,1997,0,98024,47.5385,-121.911,2330,67268
424950.0,5,3.5,2760,3846,2.5,0,0,3,8,0,2013,0,98056,47.5047,-122.17,2760,4587
1138990.0,5,3.5,4280,6530,2.0,0,3,3,10,0,2014,0,98075,47.5941,-121.973,3960,6863
302000.0,2,1.0,890,5000,1.0,0,0,4,6,0,1947,0,98118,47.5526,-122.287,1160,5000
210000.0,3,1.0,1040,8125,1.0,0,0,3,7,0,1956,0,98003,47.3171,-122.316,1200,9375
643000.0,3,1.5,1780,214315,1.0,0,0,3,7,0,1954,0,98077,47.7631,-122.028,2740,133419
665000.0,3,2.5,3136,54450,1.5,0,0,5,8,0,1910,0,98070,47.3999,-122.472,2300,54450
459950.0,4,2.5,2800,6567,2.0,0,0,3,9,0,2006,0,98038,47.3555,-122.002,3400,5900
399000.0,4,2.5,2800,4687,2.0,0,0,3,9,0,2005,0,98038,47.3594,-122.04,2750,4750
425000.0,4,2.5,2270,4400,2.0,0,0,3,7,0,2006,0,98065,47.5381,-121.888,2090,4400
598500.0,3,3.0,1560,2091,3.0,0,0,3,8,0,2006,0,98103,47.6604,-122.352,1530,2091
725000.0,4,2.5,2700,25870,2.0,0,0,4,8,0,1992,0,98033,47.6934,-122.161,1540,20720
686000.0,4,2.25,2130,10650,2.0,0,0,4,8,0,1977,0,98006,47.5567,-122.159,3380,10050
291000.0,3,2.25,1480,7200,1.0,0,0,3,7,290,1975,0,98023,47.3037,-122.375,1830,7200
278000.0,2,2.25,1610,1968,2.0,0,0,4,7,0,1979,0,98056,47.5184,-122.196,1950,1968
320000.0,4,1.75,1660,6200,1.0,0,0,4,6,830,1948,0,98108,47.56,-122.316,1780,5968
385000.0,4,1.75,2080,8215,2.0,0,0,4,7,0,1948,0,98155,47.737,-122.305,1550,8215
475000.0,3,2.25,1190,1200,3.0,0,0,3,8,0,2008,0,98103,47.6542,-122.346,1180,1224
670000.0,3,1.0,1710,6195,1.0,0,0,3,7,300,1946,0,98105,47.6706,-122.265,1610,6195
2340000.0,4,2.5,4500,35200,1.0,0,0,3,13,0,1988,0,98006,47.5477,-122.126,4760,35200
525000.0,3,2.0,1540,7800,1.0,0,0,3,8,0,2004,0,98125,47.7041,-122.288,1510,7800
870300.0,4,2.5,2350,3150,1.5,0,0,4,8,660,1910,0,98103,47.6605,-122.335,1750,3150
430000.0,3,1.0,940,12521,1.5,0,0,4,7,0,1949,0,98133,47.7169,-122.331,1920,9046
349950.0,4,3.5,2796,3520,2.5,0,0,3,8,0,2013,0,98001,47.3427,-122.278,2040,5195
199000.0,3,2.5,1750,6725,1.0,0,0,3,7,420,1993,0,98038,47.352,-122.058,1670,7744
265000.0,3,2.25,1450,13439,1.0,0,0,4,7,270,1963,0,98003,47.2811,-122.299,1520,12348
493000.0,4,1.75,2030,18295,1.5,0,0,4,7,0,1975,0,98034,47.7326,-122.179,1970,7307
1800000.0,3,3.0,2790,13295,2.0,1,4,4,10,420,1933,1989,98006,47.5466,-122.197,3140,11949
438400.0,2,1.0,1340,8100,1.0,0,0,4,7,0,1953,0,98177,47.7218,-122.37,1700,8100
375000.0,3,2.0,3120,42247,1.0,0,0,4,7,970,1980,0,98042,47.3925,-122.137,2100,43416
535000.0,3,1.0,1090,3000,1.5,0,0,4,8,0,1929,0,98117,47.6889,-122.375,1570,5080
349950.0,5,2.0,1880,4179,1.0,0,0,3,7,940,1952,2000,98118,47.5536,-122.283,1350,5150
420000.0,3,2.25,2000,8030,1.0,0,0,4,8,1000,1963,0,98008,47.6188,-122.114,2070,8250
420000.0,4,2.5,2030,8100,1.0,0,0,3,7,880,1973,0,98034,47.7404,-122.186,1770,8071
441000.0,3,2.0,1720,15000,1.0,0,0,3,9,0,2011,0,98014,47.6927,-121.92,1900,15337
284000.0,3,1.5,1500,10018,1.0,0,0,4,7,0,1957,0,98058,47.468,-122.163,1500,10937
850000.0,5,2.5,2800,11325,1.0,0,0,4,8,1400,1970,0,98005,47.6166,-122.172,2510,13700
573300.0,2,1.75,1290,6600,1.0,0,2,3,7,420,1951,0,98136,47.531,-122.39,2380,7370
298000.0,4,2.5,2420,3825,2.0,0,0,3,8,0,2003,0,98042,47.3687,-122.126,1880,4250
625000.0,4,1.5,2190,13660,1.0,0,3,3,8,0,1952,0,98177,47.7658,-122.37,2520,20500
545000.0,3,2.5,3550,136343,2.0,0,0,3,10,0,1977,0,98014,47.6223,-121.869,3080,215186
249950.0,4,1.0,1330,7980,1.5,0,0,3,6,0,1952,0,98168,47.492,-122.333,1570,8588
485000.0,3,1.75,2200,7706,2.0,0,2,3,7,0,1908,1988,98198,47.3878,-122.326,1170,70973
800000.0,2,2.5,2395,6143,1.0,0,0,3,8,0,2003,0,98053,47.7114,-122.029,2170,6162
1100000.0,4,2.5,3830,13800,1.0,0,4,4,9,1800,1969,0,98006,47.5671,-122.157,3460,9875
365500.0,4,2.5,2030,4499,2.0,0,0,3,8,0,2003,0,98058,47.4511,-122.119,2030,4539
419625.0,4,2.5,2680,11590,2.0,0,0,4,9,0,1988,0,98058,47.4395,-122.163,2580,8225
540000.0,5,3.0,3610,9775,2.0,0,0,3,8,0,2003,0,98038,47.3545,-122.011,2800,8582
670000.0,4,3.0,2500,5000,1.5,0,0,4,7,1040,1926,0,98103,47.6895,-122.331,1720,4500
674000.0,3,3.25,2320,6744,2.0,0,0,3,9,390,2014,0,98125,47.7132,-122.293,1700,6744
230000.0,3,2.25,1830,11331,1.0,0,0,3,7,580,1965,0,98001,47.2899,-122.287,2240,16433
255000.0,3,2.25,1830,7770,1.0,0,0,4,7,430,1977,0,98042,47.3925,-122.161,1960,7272
700000.0,4,3.5,5360,25800,1.0,0,0,3,9,2090,1971,0,98074,47.6099,-122.054,2650,21781
320000.0,2,2.25,1550,1827,2.0,0,0,3,8,0,2008,0,98106,47.5394,-122.368,1420,1826
705000.0,4,1.5,1780,3120,1.5,0,3,3,8,0,1926,0,98118,47.5589,-122.264,1710,3600
300000.0,3,1.0,1010,6300,1.0,0,0,3,7,0,1957,0,98133,47.7304,-122.352,1480,7480
199999.0,3,1.0,960,10815,1.0,0,0,5,5,0,1900,0,98010,47.3091,-122.006,1330,10815
483945.0,2,1.75,1480,5120,1.0,0,0,4,6,640,1951,0,98116,47.558,-122.392,1090,5120
577288.0,4,2.75,2870,7200,2.0,0,0,3,9,0,2008,0,98108,47.5688,-122.317,2030,5400
235000.0,2,1.0,1020,7920,1.0,0,0,3,6,0,1939,0,98108,47.5558,-122.31,1530,6900
650000.0,4,2.5,2770,5612,2.0,0,0,3,7,0,2001,0,98053,47.686,-122.036,2770,5177
115000.0,2,1.0,790,7252,1.0,0,0,3,5,0,1930,0,98146,47.5048,-122.365,1260,11470
450000.0,3,2.5,2480,5647,2.0,0,0,3,7,0,2002,0,98065,47.5355,-121.88,2510,5018
576000.0,4,2.5,3340,6924,2.0,0,0,3,8,0,2009,0,98059,47.495,-122.149,3030,6119
485000.0,4,1.0,1600,4300,1.5,0,0,4,7,0,1916,0,98103,47.6648,-122.343,1610,4300
780000.0,3,3.5,3190,6776,2.0,0,0,3,10,0,1998,0,98074,47.6348,-122.064,3230,7189
599000.0,4,2.5,2120,3640,2.0,0,0,3,8,0,2005,0,98029,47.5521,-121.996,2190,3640
419950.0,3,2.5,3120,6000,2.0,0,0,3,9,0,2007,0,98038,47.3473,-122.03,2670,6000
449500.0,6,4.0,2280,5275,1.0,0,0,3,7,1010,1998,0,98108,47.5556,-122.294,1760,6642
339989.0,3,2.5,2060,4200,2.0,0,0,3,8,0,2014,0,98038,47.3706,-122.018,2370,4200
479000.0,2,2.25,1330,1380,2.0,0,0,3,8,270,2005,0,98116,47.577,-122.41,1580,4802
435000.0,4,2.75,2160,8148,1.0,0,0,3,7,750,1978,0,98125,47.7261,-122.306,2060,8100
336000.0,3,3.0,1790,13350,1.0,0,0,3,7,600,1988,0,98178,47.4958,-122.262,1740,10624
435000.0,3,2.5,2530,16102,2.0,0,0,3,9,0,1989,0,98038,47.371,-122.055,2370,14957
310000.0,3,2.0,1290,886,3.0,0,0,3,7,0,2004,0,98125,47.7161,-122.295,1270,1152
280000.0,3,2.5,1580,7918,2.0,0,0,3,7,0,1994,0,98055,47.4431,-122.19,1650,7916
439000.0,3,2.25,1480,7565,1.0,0,0,3,7,260,1977,0,98034,47.7288,-122.191,1660,7565
269000.0,3,2.5,1730,6653,1.0,0,0,4,7,370,1990,0,98042,47.3588,-122.088,1730,7061
925000.0,4,1.75,2440,11793,1.0,0,4,3,8,1020,1950,0,98115,47.6807,-122.267,2500,8028
479000.0,3,2.5,1260,889,3.0,0,0,3,8,0,2008,0,98109,47.6277,-122.345,1340,1324
420000.0,4,2.25,2270,12000,1.0,0,0,4,7,910,1979,0,98072,47.7559,-122.148,2500,10120
550700.0,2,2.25,1190,1499,2.0,0,0,3,9,90,2004,0,98105,47.6666,-122.285,1430,1332
291500.0,3,1.0,880,9238,1.5,0,0,5,6,0,1946,0,98155,47.7494,-122.319,1170,9238
544800.0,5,2.75,3190,5857,2.0,0,0,3,9,0,2004,0,98058,47.4575,-122.119,3100,5857
561000.0,3,2.0,2000,7000,2.0,0,0,3,7,0,1916,1986,98136,47.5452,-122.393,1840,7000
299950.0,2,1.0,890,5200,1.0,0,0,4,6,0,1941,0,98126,47.5311,-122.373,950,5200
1039000.0,4,1.0,3410,5000,2.0,0,0,5,8,1220,1910,0,98144,47.5807,-122.291,2550,5000
273000.0,3,2.25,1230,11601,1.0,0,0,4,7,320,1992,0,98022,47.1955,-121.991,1820,8465
538000.0,3,2.5,2250,11632,2.0,0,0,3,8,0,1988,0,98056,47.5272,-122.169,2360,11632
350000.0,2,1.75,1740,6620,1.5,0,0,3,8,0,2002,0,98065,47.526,-121.828,1560,5400
434000.0,4,3.0,2010,8171,2.0,0,0,3,8,0,1973,0,98011,47.7688,-122.218,2090,8203
783000.0,4,2.75,2080,5000,1.0,0,0,5,8,610,1940,0,98199,47.6422,-122.403,1970,5000
359000.0,2,2.75,1370,1140,2.0,0,0,3,8,290,2009,0,98133,47.7052,-122.343,1370,1090
467000.0,4,2.75,2170,5024,2.0,0,0,3,8,0,2012,0,98059,47.495,-122.145,2460,5024
530000.0,3,3.5,2320,3174,2.0,0,0,3,9,260,1997,0,98033,47.6897,-122.175,2320,3187
435000.0,3,2.5,2300,9521,2.0,0,0,3,8,0,2003,0,98019,47.7447,-121.976,3020,10042
340000.0,3,2.25,1900,8125,1.0,0,0,3,7,360,1969,0,98058,47.4564,-122.162,1480,8284
580000.0,3,2.25,1580,8506,2.0,0,0,3,7,0,1987,0,98033,47.686,-122.185,2253,8515
700000.0,3,2.5,2190,7982,2.0,0,0,3,8,0,2004,0,98033,47.6869,-122.187,2090,8888
1465000.0,4,2.5,2800,4000,2.0,0,0,3,9,0,2011,0,98103,47.6695,-122.339,1770,4200
629950.0,3,2.5,1680,1620,2.0,0,0,3,9,560,2014,0,98119,47.6425,-122.374,1610,1618
225000.0,2,2.5,1360,2693,2.0,0,0,3,6,0,2003,0,98038,47.3492,-122.025,1360,2693
725000.0,3,1.75,1690,8489,1.0,0,0,4,7,0,1959,0,98004,47.6079,-122.192,1850,8536
295000.0,3,2.25,1980,8000,1.0,0,0,4,9,420,1974,0,98023,47.3149,-122.378,2360,8000
800000.0,5,1.75,1930,501376,2.0,0,0,3,7,0,1930,0,98014,47.6294,-121.911,1710,87120
340000.0,3,1.75,2140,13260,1.0,0,0,3,7,900,1948,0,98146,47.5074,-122.353,1640,13260
2175000.0,4,3.0,4750,21701,1.5,0,0,5,11,0,1976,0,98004,47.6454,-122.218,3120,18551
1050000.0,3,2.5,3470,12076,2.0,0,3,3,10,910,1988,0,98040,47.5319,-122.238,3590,17677
660000.0,3,2.5,1780,1729,2.0,0,0,3,8,700,2008,0,98103,47.6594,-122.355,1780,1741
430000.0,1,1.0,630,1362,1.0,0,0,3,7,0,1943,0,98109,47.6342,-122.342,1090,1376
650000.0,3,1.75,1550,5000,1.0,0,0,3,7,300,1911,2011,98107,47.6722,-122.372,1110,5000
1079000.0,4,3.25,4800,12727,2.0,0,0,3,10,0,2011,0,98059,47.5311,-122.134,4750,13602
287000.0,3,1.0,1250,26862,1.0,0,0,3,7,0,1965,0,98058,47.426,-122.154,1530,24463
405000.0,3,2.5,2070,4697,2.0,0,0,3,7,0,2002,0,98065,47.5307,-121.875,2230,4437
449500.0,4,3.0,2580,7299,2.0,0,0,3,8,0,1998,0,98058,47.4646,-122.15,2250,6165
199000.0,2,1.0,720,7200,1.0,0,0,5,6,0,1943,0,98058,47.4763,-122.177,970,8027
282000.0,4,1.0,1200,11111,1.5,0,0,3,7,0,1949,0,98155,47.7529,-122.306,1350,9113
359900.0,4,2.25,2470,7698,2.0,0,0,3,8,0,1983,0,98058,47.4406,-122.141,2330,7986
560000.0,4,3.0,2720,7570,2.0,0,0,3,9,0,2008,0,98133,47.7113,-122.349,1770,5705
990000.0,4,2.5,3140,11049,2.0,0,0,3,10,0,1988,0,98004,47.5817,-122.192,2750,11049
603000.0,3,1.0,1790,5250,1.0,0,0,3,7,390,1943,0,98105,47.6627,-122.276,1790,5250
177000.0,3,1.75,1150,8079,1.0,0,0,4,7,0,1983,0,98030,47.3766,-122.18,1540,7399
428750.0,3,1.0,1620,30736,1.5,0,0,4,7,0,1911,1977,98006,47.5719,-122.119,2440,28826
400000.0,4,1.5,1390,7200,1.0,0,0,3,7,250,1965,0,98133,47.7224,-122.332,1630,7702
825000.0,4,3.25,3200,4477,2.0,0,0,3,9,810,2006,0,98199,47.664,-122.402,1830,4920
340000.0,2,1.0,690,5200,1.0,0,0,3,6,0,1918,0,98136,47.556,-122.395,1380,5700
450000.0,4,1.75,1640,1480,1.0,0,0,4,7,820,1912,0,98105,47.6684,-122.314,1420,2342
383000.0,5,2.0,2280,5750,1.0,0,0,4,8,1140,1951,0,98116,47.5672,-122.39,1780,5750
320000.0,3,1.0,1330,9540,1.0,0,0,4,7,0,1971,0,98077,47.758,-122.075,1250,10350
580000.0,3,1.75,1970,5100,1.0,0,0,3,7,840,1908,1965,98117,47.6831,-122.379,1250,4080
345000.0,3,2.0,1610,15005,1.0,0,0,4,7,0,1986,0,98014,47.6886,-121.911,1610,15479
5110800.0,5,5.25,8010,45517,2.0,1,4,3,12,2020,1999,0,98033,47.6767,-122.211,3430,26788
630000.0,5,2.0,2330,6783,1.0,0,0,3,7,1020,1956,0,98115,47.6955,-122.295,1930,6783
592500.0,4,1.5,2080,4400,1.5,0,0,3,7,0,1925,0,98122,47.606,-122.299,1680,4400
785000.0,4,2.5,2290,13416,2.0,0,0,4,9,0,1981,0,98007,47.6194,-122.151,2680,13685
120000.0,3,1.0,1260,7500,1.0,0,0,3,6,0,1954,0,98198,47.4191,-122.33,1260,7500
424950.0,2,1.5,1000,1188,3.0,0,0,3,8,0,2005,0,98115,47.6823,-122.327,2300,3500
750000.0,3,2.75,2520,5401,1.0,0,0,4,7,1160,1946,0,98119,47.6452,-122.373,1800,5036
784000.0,3,3.5,3950,111078,1.5,0,0,3,9,1490,1989,0,98052,47.697,-122.072,2480,88500
289950.0,3,2.25,1740,9370,1.0,0,0,3,7,350,1992,0,98198,47.391,-122.316,1740,7555
346900.0,4,2.5,1970,5106,2.0,0,0,3,8,0,1999,0,98055,47.449,-122.205,2230,5109
354901.0,3,2.5,1490,1709,3.0,0,0,3,8,0,2004,0,98125,47.7173,-122.299,1364,1709
294000.0,4,2.5,2040,7800,2.0,0,0,3,7,0,2003,0,98168,47.473,-122.293,1860,10954
535000.0,3,3.0,2640,5978,2.0,0,0,3,9,0,2012,0,98045,47.4759,-121.735,2680,6060
270000.0,3,1.0,1500,13500,1.0,0,0,4,7,0,1968,0,98059,47.4666,-122.072,1350,13680
460000.0,5,4.5,3100,7260,2.0,0,0,3,8,0,1963,2000,98059,47.5004,-122.162,1650,7700
365000.0,4,2.5,2140,7350,2.0,0,0,3,8,0,1985,0,98058,47.4483,-122.124,2120,8395
280500.0,4,2.5,1890,6962,2.0,0,0,3,8,0,1997,0,98092,47.3328,-122.187,2170,6803
965000.0,4,2.25,3160,34560,1.0,0,0,4,10,0,1981,0,98072,47.7337,-122.132,3530,38045
400000.0,3,2.0,1650,5027,1.5,0,0,3,7,0,2009,0,98065,47.515,-121.874,2430,6000
456700.0,3,1.75,2820,8879,1.0,0,0,5,7,1280,1920,1957,98146,47.5094,-122.376,1640,7850
700000.0,4,3.5,4490,5099,2.0,0,0,3,9,1100,2006,0,98065,47.5394,-121.861,4290,5537
254000.0,2,1.0,1060,8187,1.0,0,0,4,6,0,1952,0,98133,47.7508,-122.349,1260,8188
330000.0,3,2.5,1870,4657,2.0,0,0,3,8,0,2000,0,98055,47.4615,-122.214,2290,4795
590000.0,3,1.75,2180,6120,1.0,0,2,3,8,800,1949,0,98199,47.6501,-122.405,2020,6122
437000.0,4,2.5,1890,8505,1.0,0,0,3,8,600,1980,0,98052,47.6796,-122.115,1720,9600
327000.0,2,1.0,1140,7435,1.0,0,0,3,7,0,1952,1990,98125,47.73,-122.31,1320,9385
315000.0,2,1.0,1010,7338,2.0,0,0,4,7,0,1981,0,98056,47.5123,-122.19,1220,7719
330000.0,4,1.0,1360,13372,1.0,0,0,3,7,0,1955,0,98028,47.7622,-122.263,1540,10283
375000.0,3,1.75,1590,14766,1.0,0,0,3,8,0,1963,0,98007,47.5902,-122.147,2040,10190
561500.0,4,2.25,2310,9800,1.0,0,0,3,8,530,1968,0,98033,47.6657,-122.178,2310,9800
481500.0,3,2.25,1840,10500,2.0,0,0,3,7,0,1993,0,98034,47.7326,-122.234,1840,7374
220000.0,3,1.75,1230,8917,1.0,0,0,4,7,0,1966,0,98058,47.4528,-122.172,1420,7938
1600000.0,3,3.25,3790,19000,2.0,0,4,3,10,0,1985,0,98177,47.724,-122.373,2740,18628
464000.0,3,2.5,2460,5400,1.0,0,0,4,8,940,2001,0,98056,47.5231,-122.202,1745,5400
295000.0,3,2.5,1920,7229,2.0,0,0,3,8,0,1993,0,98003,47.2659,-122.31,2310,8009
327000.0,2,2.0,1490,1627,2.0,0,0,3,8,300,2009,0,98126,47.5455,-122.375,1400,1498
247500.0,3,2.0,1530,8749,1.0,0,0,3,7,0,1995,0,98023,47.2974,-122.372,1750,8749
840000.0,4,3.25,3500,5960,2.0,0,0,3,9,0,2010,0,98053,47.6944,-122.022,3390,6856
500000.0,4,1.0,1160,20100,1.0,0,0,4,6,340,1913,0,98056,47.5175,-122.201,1670,10200
500000.0,2,1.0,1120,3220,1.0,0,0,4,7,0,1923,0,98103,47.6588,-122.344,1440,3220
205000.0,3,1.0,1610,8579,1.0,0,0,4,7,600,1962,0,98058,47.4563,-122.171,1610,8579
585000.0,5,3.5,3180,40946,1.0,0,3,3,7,1490,1968,0,98075,47.5833,-122.073,2430,29620
1569500.0,5,4.5,5620,5800,3.0,0,3,3,11,920,1999,0,98199,47.6482,-122.412,2360,5800
987000.0,3,2.0,2160,15788,1.0,0,0,3,8,0,1951,0,98004,47.6227,-122.207,2260,9787
499950.0,4,1.75,1520,7700,1.0,0,0,4,7,0,1967,0,98034,47.7356,-122.191,1520,7500
585000.0,4,1.75,1760,5356,1.0,0,0,4,7,840,1950,0,98115,47.679,-122.288,1680,5184
287500.0,4,2.5,2570,9000,1.0,0,0,4,8,980,1979,0,98023,47.2986,-122.372,2120,8571
378800.0,5,2.5,2740,5400,2.0,0,0,3,8,0,2005,0,98031,47.4036,-122.205,2900,5476
500000.0,4,2.25,2060,44431,2.0,0,0,3,7,0,1988,0,98077,47.744,-122.046,2160,45657
235000.0,4,1.75,1450,8891,1.5,0,0,3,7,270,1962,0,98168,47.478,-122.278,1450,9013
301500.0,3,1.0,1410,7419,1.0,0,0,3,7,360,1969,0,98056,47.534,-122.173,1800,8000
355000.0,4,2.0,1770,8890,1.0,0,0,5,6,0,1949,0,98166,47.4589,-122.353,1010,7620
450000.0,3,1.75,1830,5488,1.0,0,2,4,7,820,1939,0,98115,47.6914,-122.309,1200,5488
600000.0,2,1.0,2120,6897,1.0,0,0,4,7,1060,1923,0,98118,47.5566,-122.278,1900,4462
355000.0,2,2.25,930,747,2.0,0,0,3,8,300,2007,0,98144,47.5844,-122.316,940,6000
900000.0,4,2.0,1980,7200,2.0,0,3,3,8,280,1910,0,98119,47.6318,-122.369,2490,4200
259900.0,3,2.0,1490,7770,1.0,0,0,4,7,0,1990,0,98042,47.3686,-122.09,1540,7366
375000.0,3,2.5,1530,1131,3.0,0,0,3,8,0,2009,0,98103,47.6993,-122.346,1530,1445
309000.0,3,1.0,1300,7200,1.0,0,0,4,7,0,1952,0,98146,47.5063,-122.369,1740,7100
345000.0,3,1.75,1520,7439,1.0,0,0,4,7,0,1969,0,98055,47.457,-122.208,1650,7500
865000.0,3,2.25,2670,150270,2.0,0,0,3,9,0,1985,0,98072,47.7601,-122.134,3080,81054
360000.0,3,2.25,2130,8466,1.0,0,0,3,7,840,1983,0,98055,47.4537,-122.211,2250,9682
545000.0,4,3.5,1880,1341,3.0,0,0,3,8,230,2007,0,98122,47.6053,-122.306,1740,1883
405500.0,2,2.75,1350,1252,2.0,0,0,3,8,230,2006,0,98136,47.522,-122.39,1410,1265
1762000.0,3,2.25,3060,16000,2.0,0,0,3,10,0,1988,0,98039,47.6189,-122.23,3510,13162
379900.0,3,2.5,2190,5071,2.0,0,0,3,8,0,2004,0,98038,47.3506,-122.04,2300,5654
249000.0,3,2.5,1850,7200,1.0,0,0,3,7,350,1979,0,98023,47.3063,-122.384,2140,7500
500000.0,3,1.5,2210,6500,1.0,0,0,4,7,1180,1912,0,98136,47.5434,-122.388,1750,6370
618000.0,3,2.5,2340,3630,2.0,0,0,3,9,0,1998,0,98122,47.6059,-122.307,1820,5120
1325000.0,4,3.25,2850,4800,2.5,0,0,5,10,150,1905,0,98112,47.6292,-122.312,2850,4800
725995.0,4,2.5,3190,7869,2.0,0,2,3,9,0,2001,0,98065,47.5317,-121.866,2630,6739
370000.0,4,2.5,2130,4750,2.0,0,0,3,8,0,2009,0,98058,47.4324,-122.184,2130,4071
1298000.0,4,2.25,2860,5658,2.0,0,3,3,10,730,1933,0,98199,47.6395,-122.409,2700,5221
550500.0,2,1.5,930,7400,1.0,0,2,4,7,100,1909,0,98116,47.5691,-122.408,1920,4152
215000.0,3,2.0,1470,2052,1.5,0,0,3,7,0,1986,0,98003,47.3084,-122.331,1390,2052
680000.0,3,2.5,2620,14248,2.0,0,0,4,8,790,1977,0,98004,47.6281,-122.194,2620,12343
209950.0,4,1.0,1630,8400,1.0,0,0,3,6,0,1962,0,98023,47.3052,-122.362,1190,8989
1481000.0,4,3.5,5220,15411,2.0,0,3,3,11,1670,2006,0,98075,47.592,-122.085,3110,14124
230000.0,3,2.25,1490,8722,2.0,0,0,3,7,0,1997,0,98030,47.3648,-122.185,1510,8061
556000.0,4,2.5,2230,7200,1.0,0,0,4,7,1010,1957,0,98005,47.589,-122.156,1920,7200
250000.0,4,2.0,1850,7560,1.0,0,0,4,7,310,1978,0,98032,47.3666,-122.277,1620,7658
740000.0,2,1.75,2080,4800,1.0,0,0,5,7,1000,1923,0,98117,47.6896,-122.362,1310,4800
282500.0,4,1.0,1170,34925,1.0,0,0,4,6,0,1942,0,98065,47.5305,-121.841,1610,28108
585000.0,3,1.75,1840,7350,1.0,0,0,3,8,470,1974,0,98033,47.6729,-122.166,1920,8518
289950.0,4,1.75,1500,8400,1.0,0,0,3,7,300,1956,0,98188,47.4531,-122.273,1780,9913
649500.0,4,3.0,3150,6599,2.0,0,0,3,9,0,2008,0,98056,47.5279,-122.199,2680,9430
189650.0,2,1.75,1100,7600,1.0,0,0,3,6,0,1980,0,98198,47.4136,-122.318,1230,7350
263400.0,4,2.0,1360,60548,1.0,0,0,3,6,400,1960,0,98001,47.2718,-122.265,1930,28800
799990.0,4,3.5,2540,5808,2.0,0,0,5,8,720,1910,1986,98117,47.6857,-122.376,1520,5461
285000.0,3,2.25,1840,9040,1.0,0,0,3,8,470,1979,0,98023,47.3144,-122.339,1870,8992
600000.0,4,2.5,2360,13500,1.0,0,0,4,8,580,1973,0,98052,47.6315,-122.103,2780,12400
462500.0,3,2.25,2350,51400,1.0,0,0,3,7,960,1977,0,98077,47.7417,-122.053,2350,51400
175409.0,4,1.5,1450,5530,1.0,0,0,4,6,0,1969,0,98042,47.3613,-122.087,1060,5200
680000.0,4,2.75,2330,3920,2.0,0,0,3,9,0,2005,0,98029,47.5525,-121.99,2410,4063
287000.0,3,2.25,1490,9600,1.0,0,0,4,7,320,1987,0,98019,47.7378,-121.977,1590,10104
395000.0,5,2.5,2070,9600,1.0,0,0,3,7,800,1962,0,98146,47.4997,-122.364,1950,7800
670000.0,4,2.25,2040,7031,2.0,0,0,3,8,0,2012,0,98033,47.7016,-122.17,1670,7031
384000.0,3,2.5,1540,1564,2.0,0,0,3,7,240,1998,0,98144,47.586,-122.313,1540,2875
625000.0,3,2.5,2280,4757,2.0,0,0,3,8,0,2003,0,98075,47.5901,-122.018,2280,4534
890000.0,3,3.25,4030,12765,2.0,0,0,4,9,1230,1975,0,98005,47.6331,-122.166,2670,13447
257000.0,3,1.75,1397,18000,1.0,0,0,3,7,0,1965,2014,98092,47.3388,-122.166,1950,31294
706000.0,5,2.5,2890,15891,2.0,0,0,3,9,0,1990,0,98059,47.5286,-122.16,2590,10556
207500.0,3,1.0,1640,9750,1.0,0,0,3,7,0,1968,0,98042,47.3256,-122.141,1200,9750
619100.0,3,1.75,1870,7030,1.0,0,0,3,7,0,1977,0,98033,47.6999,-122.17,1820,7500
407500.0,2,1.0,770,2971,1.0,0,2,3,7,0,1923,0,98102,47.6358,-122.322,1440,4000
800000.0,4,2.75,4600,322188,1.0,0,4,3,10,2200,1989,0,98045,47.4626,-121.739,3740,114562
305000.0,3,2.5,2460,5027,2.0,0,0,3,8,0,2002,0,98042,47.372,-122.102,2740,5000
700000.0,3,2.5,3110,123710,2.0,0,0,3,8,680,1995,0,98038,47.3879,-122.002,2420,92782
490000.0,4,3.0,2330,3497,2.0,0,0,3,9,410,2003,0,98108,47.554,-122.308,2330,5242
440000.0,3,1.75,2000,11880,2.0,0,0,3,8,0,1979,0,98075,47.5882,-122.052,1820,15120
950000.0,3,3.0,4040,14338,2.0,0,0,3,10,1010,1986,0,98077,47.7268,-122.06,3360,14142
350000.0,4,1.75,2420,8400,1.0,0,0,5,7,800,1964,0,98056,47.5017,-122.165,1660,8400
481015.0,3,2.25,1550,5511,2.0,0,0,3,8,0,1987,0,98033,47.6946,-122.185,1620,5511
485000.0,4,3.0,3110,18843,2.0,0,0,3,9,0,1995,0,98058,47.4619,-122.154,3080,14735
555000.0,2,1.5,1780,4750,1.0,0,0,4,7,700,1947,0,98117,47.6859,-122.395,1690,5962
525000.0,3,3.0,1730,1074,3.5,0,0,3,8,0,2006,0,98107,47.6692,-122.392,1370,1185
485000.0,3,2.5,2340,59058,1.0,0,0,3,8,0,1985,0,98038,47.4052,-122.028,2700,37263
327000.0,4,1.75,1840,5100,1.0,0,0,4,5,0,1933,0,98056,47.5209,-122.205,2160,5400
251000.0,3,1.75,1350,10125,1.0,0,0,3,8,0,1967,0,98003,47.3334,-122.298,1520,9720
874000.0,3,2.5,1350,941,3.0,0,0,3,9,0,2007,0,98119,47.6265,-122.364,1640,1369
475000.0,3,1.5,1480,13457,1.0,0,0,3,7,0,1959,0,98007,47.5914,-122.136,2100,10517
435000.0,3,2.0,2660,16677,1.0,0,0,3,9,450,1990,0,98038,47.3689,-122.055,2660,11355
270000.0,2,1.5,840,867,2.0,0,0,3,7,0,2005,0,98115,47.6955,-122.304,840,1322
1520000.0,6,3.5,3720,11690,2.0,0,0,3,10,0,2003,0,98040,47.5699,-122.226,3030,11686
699950.0,3,2.25,2190,107593,2.0,0,0,4,8,0,1983,0,98077,47.7731,-122.08,2570,47777
521000.0,3,3.25,1460,1254,3.0,0,0,3,8,0,2000,0,98103,47.6535,-122.353,1400,1255
450000.0,3,2.0,1290,1213,3.0,0,0,3,8,0,2001,0,98103,47.6609,-122.344,1290,3235
515000.0,2,1.0,1060,4960,1.0,0,0,3,7,0,1926,0,98103,47.6896,-122.331,1420,4960
450000.0,3,1.0,1350,10000,1.0,0,0,4,7,0,1954,0,98006,47.5741,-122.133,1450,10000
1679000.0,5,4.25,4830,11466,2.0,0,0,3,10,1110,2014,0,98040,47.5774,-122.222,2180,11017
785950.0,4,3.0,2530,4560,1.5,0,0,3,7,990,1925,2014,98112,47.6287,-122.3,1640,4560
560000.0,3,2.5,2280,12498,2.0,0,0,4,9,0,1987,0,98029,47.5688,-122.014,2330,8844
721000.0,2,1.5,1790,4250,1.0,0,0,3,7,870,1915,2014,98112,47.6367,-122.301,1910,4250
531800.0,3,2.5,1930,5344,2.0,0,0,3,7,0,2004,0,98053,47.6783,-122.032,2410,5080
515000.0,5,2.5,1690,2402,1.5,0,0,3,7,700,1930,0,98117,47.6903,-122.38,1200,4005
800000.0,3,1.0,1700,4400,1.5,0,0,4,8,0,1906,0,98122,47.612,-122.292,1610,4180
419000.0,2,2.25,1180,1253,2.0,0,0,3,8,340,2008,0,98122,47.6124,-122.309,1310,1963
459000.0,2,2.0,1480,804,3.0,0,0,3,8,0,2008,0,98122,47.602,-122.308,1380,1751
1020000.0,3,2.25,1670,4800,1.5,0,3,3,8,0,1903,0,98119,47.6356,-122.367,2300,4800
305100.0,3,2.0,1590,35988,1.0,0,0,4,8,0,1974,0,98058,47.4365,-122.106,2780,23789
774950.0,4,2.5,3410,179419,2.0,0,0,3,10,0,2004,0,98010,47.3602,-121.986,3350,175421
425000.0,3,2.75,1360,542322,1.0,0,2,4,7,220,1955,0,98022,47.2069,-122.024,1700,60548
756000.0,4,2.5,2730,10753,2.0,0,0,3,9,0,1991,0,98006,47.5414,-122.133,3090,10740
156000.0,2,1.75,590,6138,1.0,0,0,2,5,0,1947,0,98118,47.545,-122.278,1360,7112
510000.0,5,3.25,3400,4499,2.0,0,0,3,8,660,2005,0,98065,47.5385,-121.88,3400,6163
295000.0,4,2.5,2350,8906,2.0,0,0,3,7,0,1993,0,98031,47.4205,-122.215,2000,8165
530000.0,4,2.5,3020,6788,2.0,0,0,3,7,0,2002,0,98065,47.5346,-121.881,2640,5325
529000.0,3,2.0,1530,3400,1.0,0,0,3,7,540,1907,2014,98112,47.6204,-122.296,1880,4212
645000.0,3,2.0,2130,4000,2.0,0,0,3,7,0,1908,0,98115,47.6741,-122.323,2010,4000
1149000.0,4,3.75,3180,9889,2.0,0,0,3,9,680,2012,0,98033,47.6853,-122.204,2910,8558
231500.0,2,1.0,1000,7615,1.0,0,0,4,6,0,1943,0,98056,47.49,-122.191,1060,8000
250800.0,3,1.75,1290,4000,1.0,0,0,3,6,120,1943,0,98106,47.5309,-122.354,1140,4000
288000.0,3,1.0,1190,7560,1.0,0,0,5,6,0,1958,0,98058,47.452,-122.177,1190,7560
545000.0,3,2.25,1780,191228,2.0,0,2,3,8,0,1988,0,98045,47.4575,-121.748,2440,87120
671500.0,3,2.5,1770,1714,3.0,0,0,3,8,0,2012,0,98103,47.6532,-122.348,1720,3360
428950.0,2,1.0,1760,4441,1.0,0,0,3,8,450,1950,0,98126,47.5311,-122.381,1350,5748
276000.0,3,1.75,2240,9200,1.0,0,0,4,7,800,1968,0,98001,47.2635,-122.284,1740,9600
372000.0,4,2.5,2520,9604,2.0,0,0,3,9,0,1990,0,98031,47.3893,-122.216,2540,9793
850000.0,2,2.0,2640,13939,1.0,0,1,5,8,1000,1963,0,98006,47.5647,-122.165,2880,14810
500000.0,3,1.75,1540,10800,1.0,0,0,5,6,770,1947,0,98040,47.5763,-122.222,2020,10800
520000.0,3,2.5,1480,1165,3.0,0,0,3,8,0,2006,0,98144,47.6199,-122.3,1480,1231
245000.0,3,2.5,1530,8500,1.0,0,0,5,7,500,1996,0,98038,47.3592,-122.046,1850,8140
370000.0,3,2.25,2110,13300,2.0,0,0,4,8,0,1985,0,98038,47.3725,-122.06,2470,14000
250000.0,3,1.75,1200,5478,1.0,0,0,5,6,0,1955,0,98056,47.4959,-122.174,1270,6855
554729.0,4,2.5,2020,4350,2.0,0,0,5,9,290,1943,0,98199,47.6503,-122.41,1620,5800
399950.0,4,2.5,3200,7545,2.0,0,0,3,7,0,2003,0,98038,47.3666,-122.03,2840,7137
438500.0,3,2.25,3050,10689,2.0,0,0,4,9,0,1988,0,98092,47.3326,-122.201,2697,10925
375000.0,3,2.5,1930,6180,1.0,0,0,3,7,600,1961,0,98155,47.7481,-122.327,1940,6180
234000.0,3,1.5,1140,10300,1.5,0,0,4,6,0,1967,0,98045,47.4452,-121.77,1250,9975
650100.0,2,1.0,1750,60872,1.0,0,0,4,7,570,1973,0,98075,47.5946,-122.006,2480,5425
810000.0,4,3.0,3990,7838,2.0,0,0,3,9,0,2003,0,98053,47.6857,-122.046,3370,6814
315000.0,3,1.0,890,5200,1.0,0,0,3,7,0,1957,0,98118,47.559,-122.277,1420,6000
450000.0,4,2.5,2820,15233,1.0,0,2,4,9,1000,1972,0,98003,47.3426,-122.321,2560,11998
295450.0,3,2.0,2030,17120,1.0,0,2,4,8,140,1966,0,98092,47.2953,-122.185,1870,13662
609000.0,3,2.5,2630,10131,2.0,0,0,3,9,0,1989,0,98028,47.7695,-122.259,2800,10123
275000.0,3,2.0,1910,8050,1.0,0,0,4,7,910,1980,0,98030,47.37,-122.17,1780,7344
715000.0,3,2.5,3050,6000,1.0,0,3,3,8,1330,1984,0,98177,47.7701,-122.389,2340,7200
565000.0,3,1.75,1130,5111,1.0,0,0,4,7,200,1942,0,98199,47.6379,-122.4,1360,4424
299950.0,2,1.75,1460,10506,1.0,0,0,3,7,0,1983,0,98031,47.4048,-122.178,1460,8153
392800.0,3,2.0,1080,11856,1.0,0,0,5,7,0,1986,0,98033,47.6955,-122.175,1220,9247
270000.0,4,1.75,1560,4290,2.0,0,0,3,7,0,1994,0,98108,47.5292,-122.323,1250,6000
344900.0,4,1.75,1820,7700,1.0,0,0,4,7,720,1955,0,98177,47.7545,-122.357,1700,8500
300000.0,3,1.0,1260,5000,1.0,0,0,4,6,0,1968,0,98014,47.6492,-121.915,1180,7500
1955000.0,3,1.75,3330,12566,1.0,1,4,4,8,1390,1960,0,98040,47.5287,-122.22,3730,16560
294500.0,3,2.5,1760,2688,2.0,0,0,3,7,0,2005,0,98059,47.4903,-122.166,1760,2329
560000.0,4,1.0,1360,5814,1.5,0,0,2,6,0,1900,0,98122,47.6038,-122.314,1010,5814
465250.0,5,2.0,1940,7642,1.5,0,0,3,7,0,1957,0,98177,47.7751,-122.38,1940,8724
725000.0,5,2.5,3210,12000,1.0,0,0,4,8,1380,1968,0,98007,47.6205,-122.148,2450,12000
1485000.0,4,3.25,3730,7200,2.0,0,0,3,10,920,2006,0,98033,47.6824,-122.199,2490,7200
480000.0,3,2.5,2410,4656,2.0,0,0,3,7,0,2009,0,98065,47.5203,-121.874,2410,4840
525000.0,4,2.75,3030,6625,2.0,0,0,3,8,0,2011,0,98059,47.4815,-122.152,3030,9620
550000.0,2,1.0,980,4800,1.0,0,0,4,7,0,1910,0,98103,47.6569,-122.348,1570,2640
785000.0,3,3.0,1950,1983,3.0,0,0,3,9,340,2009,0,98004,47.6078,-122.202,2040,2131
525000.0,3,3.0,2470,36445,2.0,0,0,4,8,0,1980,0,98027,47.4661,-121.997,2310,35350
240500.0,3,1.75,1460,10584,1.0,0,0,3,7,470,1997,0,98168,47.492,-122.317,1220,12012
600000.0,4,3.5,4300,70407,2.0,0,0,3,10,1590,1992,0,98058,47.4472,-122.092,3520,26727
1080000.0,3,2.5,3720,11610,2.0,0,0,3,11,0,1982,0,98074,47.636,-122.049,3530,11877
255000.0,4,1.75,1650,7200,1.0,0,0,3,7,550,1977,0,98031,47.3944,-122.187,1620,7374
745000.0,4,2.5,3130,10860,2.0,0,0,3,10,0,1990,0,98075,47.56,-122.04,3130,10860
179950.0,2,1.0,1100,7323,1.0,0,0,3,7,320,1982,0,98023,47.2874,-122.37,1410,7227
675000.0,3,1.75,2130,4400,1.0,0,0,3,7,700,1922,0,98102,47.6417,-122.325,1710,3300
842000.0,3,1.0,1620,4774,1.5,0,0,3,7,0,1920,0,98103,47.659,-122.339,1880,4560
630000.0,2,1.0,1050,8382,1.0,0,0,3,7,0,1959,0,98040,47.5627,-122.221,2400,9525
2250000.0,3,4.25,5150,7800,2.5,0,2,3,11,980,1954,0,98112,47.6288,-122.282,4270,7800
990000.0,3,2.5,2160,6000,1.5,0,0,4,8,280,1939,0,98105,47.6582,-122.28,2300,6000
700000.0,4,1.5,2470,6000,1.5,0,0,3,7,990,1940,0,98199,47.6365,-122.391,2140,4000
349950.0,5,2.5,2250,7176,1.0,0,0,3,7,940,1983,0,98055,47.4486,-122.194,1550,9081
475000.0,3,1.0,1270,8000,1.0,0,0,4,6,0,1959,0,98008,47.6175,-122.118,1210,7875
315000.0,3,2.0,1060,5750,1.0,0,0,3,7,0,1981,0,98126,47.5523,-122.372,1080,5750
625000.0,3,2.25,1920,8412,1.0,0,2,3,8,460,1977,0,98006,47.5578,-122.132,2490,8700
275000.0,3,1.5,1180,10277,1.0,0,0,3,6,0,1983,0,98045,47.488,-121.787,1680,11104
865000.0,4,3.25,3400,99170,1.0,0,0,4,8,1400,1980,0,98072,47.7293,-122.099,3460,47920
390000.0,3,1.0,1200,10800,1.0,0,0,4,7,0,1955,0,98006,47.5771,-122.144,1370,9950
210000.0,3,1.75,1260,6223,1.0,0,0,3,7,440,1983,0,98042,47.3574,-122.158,1260,6553
413000.0,5,2.5,2900,8711,1.0,0,0,3,8,1250,1977,0,98011,47.7752,-122.197,2340,8869
282500.0,3,2.25,1670,7150,2.0,0,0,4,7,0,1990,0,98042,47.3603,-122.088,1570,7040
265953.0,3,1.75,1470,13068,1.0,0,0,4,7,0,1975,0,98092,47.3096,-122.197,2090,16988
603000.0,4,2.25,2110,11155,2.0,0,0,3,9,0,1975,0,98074,47.6386,-122.058,2660,11900
485000.0,3,2.25,2440,47916,2.0,0,0,3,8,350,1991,0,98053,47.6347,-121.958,2150,24000
499000.0,3,2.5,1690,4851,2.0,0,0,3,7,0,2004,0,98053,47.6795,-122.034,2330,4851
510000.0,4,2.5,1840,7800,1.0,0,2,3,8,600,1972,0,98177,47.7762,-122.384,2010,9100
713500.0,5,2.75,2920,9163,1.0,0,0,4,8,1400,1976,0,98006,47.5668,-122.169,2250,9163
744000.0,3,2.5,2670,12187,2.0,0,0,3,8,0,1986,0,98052,47.6677,-122.15,2400,8999
718500.0,3,2.0,2910,6600,2.0,0,0,4,7,990,1900,1988,98118,47.5576,-122.281,1370,5500
225000.0,3,2.5,2000,9202,2.0,0,0,4,7,0,1992,0,98038,47.3516,-122.057,1750,7827
165000.0,4,1.0,1000,7134,1.0,0,0,3,6,0,1943,0,98178,47.4897,-122.24,1020,7138
260000.0,2,1.0,1410,5650,1.5,0,0,3,6,0,1918,0,98118,47.5159,-122.258,1430,5650
467000.0,2,2.5,1140,1181,3.0,0,0,3,8,0,2007,0,98107,47.6713,-122.383,1220,1189
170000.0,2,1.0,1500,18540,1.0,0,0,3,8,0,1950,0,98168,47.4727,-122.281,1700,9355
555000.0,5,2.5,2450,5047,2.0,0,0,3,8,0,2007,0,98011,47.7724,-122.168,2450,4478
2000000.0,3,3.25,2610,16387,2.0,1,4,3,9,0,2006,0,98125,47.7175,-122.278,2590,12958
635000.0,4,2.5,4260,36360,1.5,0,0,4,8,160,1935,0,98155,47.764,-122.302,2430,17888
439950.0,2,1.75,1210,3000,1.0,0,0,5,7,300,1906,0,98117,47.6789,-122.365,1260,3000
199129.0,3,1.0,860,33664,1.0,0,0,4,6,0,1955,0,98001,47.295,-122.275,1290,18287
610000.0,4,3.0,2110,5000,1.5,0,2,4,7,470,1930,0,98136,47.5195,-122.391,1380,5000
286000.0,4,1.5,1600,5750,2.0,0,0,4,6,0,1902,0,98118,47.5437,-122.28,1690,5750
279000.0,4,2.0,1980,10051,1.0,0,0,3,7,0,1969,2003,98092,47.3231,-122.103,1520,10125
255000.0,3,2.0,1490,7599,1.0,0,0,3,7,0,1990,0,98042,47.3687,-122.088,1560,7710
323000.0,3,1.75,1950,15037,1.0,0,0,3,7,0,1989,0,98014,47.6892,-121.913,1760,15181
569000.0,5,3.0,3670,10583,1.0,0,0,5,8,1610,1952,0,98155,47.7589,-122.277,2720,13865
732000.0,3,2.5,1960,3060,2.0,0,0,3,8,0,2010,0,98117,47.6764,-122.389,1220,3060
470000.0,2,1.0,900,5512,1.0,0,0,3,7,0,1947,0,98115,47.6877,-122.289,1270,5512
3070000.0,3,2.5,3930,55867,1.0,1,4,4,8,1600,1957,0,98034,47.7022,-122.224,2730,26324
395000.0,4,2.0,1980,15354,1.0,0,0,3,7,0,1977,0,98053,47.638,-121.968,1420,12300
229500.0,3,1.75,1770,33224,1.0,0,0,4,8,0,1968,0,98092,47.3377,-122.194,1690,22069
330000.0,4,1.75,2440,7350,1.0,0,0,3,8,830,1978,0,98032,47.3743,-122.285,2180,7680
305000.0,2,1.0,960,8276,1.0,0,0,3,5,0,1939,0,98027,47.5322,-122.033,1620,6000
366000.0,3,1.75,1520,8625,1.0,0,0,3,8,0,1976,0,98011,47.7687,-122.223,2080,9200
294570.0,3,1.0,1140,8400,1.0,0,0,4,7,0,1960,0,98059,47.5022,-122.144,1400,9000
700000.0,3,2.0,1940,4500,1.0,0,3,3,7,850,1926,0,98107,47.6659,-122.359,1700,4500
762400.0,3,1.75,2430,14607,1.0,0,1,3,8,1200,1949,1970,98040,47.5588,-122.211,2750,17425
926500.0,4,2.75,2900,17802,1.0,0,2,3,9,1150,1981,0,98034,47.7004,-122.229,2900,15720
354000.0,4,2.5,2340,5420,2.0,0,0,3,8,0,2003,0,98038,47.3773,-122.029,2420,6252
260000.0,3,1.0,1690,13184,1.0,0,0,4,7,0,1959,0,98166,47.476,-122.343,1130,13451
399000.0,3,2.0,1940,16300,1.0,0,0,3,7,800,1978,0,98155,47.774,-122.283,1940,11250
360000.0,6,1.75,2230,10080,1.0,0,0,3,7,840,1969,0,98034,47.7089,-122.201,2110,8475
455000.0,4,2.25,1740,8449,1.0,0,0,4,7,570,1958,0,98008,47.6079,-122.123,1980,11175
452500.0,4,2.5,2460,6454,2.0,0,0,3,7,0,2006,0,98065,47.5381,-121.89,2320,4578
310000.0,4,1.5,1220,9600,1.0,0,0,3,6,0,1980,0,98014,47.6462,-121.909,1180,9000
208000.0,3,1.0,920,7314,1.0,0,0,3,6,0,1960,0,98002,47.2892,-122.22,1010,7420
179500.0,3,1.0,1180,32214,1.0,0,0,3,7,0,1952,0,98092,47.3313,-122.198,2300,13714
295000.0,2,1.0,800,6500,1.0,0,0,4,6,0,1953,0,98133,47.7621,-122.358,1220,7000
390000.0,3,1.75,1870,40250,1.0,0,0,5,7,0,1959,0,98038,47.4038,-122.036,1870,40250
696000.0,3,2.5,1670,8023,1.0,0,0,5,7,500,1960,0,98008,47.615,-122.117,1960,8964
523950.0,3,2.25,1420,1282,3.0,0,0,3,8,0,2006,0,98103,47.6533,-122.346,1530,1280
699000.0,3,2.5,2740,18455,2.0,0,1,4,10,1230,1977,0,98040,47.5585,-122.215,2840,16438
763776.0,4,2.5,2750,16139,2.0,0,0,3,9,0,1989,0,98075,47.5843,-122.06,2810,13093
708000.0,5,3.25,3060,11778,2.0,0,0,3,8,0,2004,0,98034,47.7212,-122.222,1840,10403
875000.0,4,2.0,2520,6000,1.0,0,0,3,8,1120,1921,2007,98103,47.6767,-122.35,1580,3720
354000.0,3,1.5,1060,5750,1.0,0,2,4,7,0,1981,0,98126,47.5512,-122.371,1060,5750
625000.0,4,2.25,3230,9935,2.0,0,0,3,8,0,1986,0,98028,47.7685,-122.257,2820,9722
237000.0,3,1.0,920,5546,1.0,0,0,2,6,0,1928,0,98125,47.7114,-122.284,1300,5546
500000.0,4,2.5,2590,9354,2.0,0,0,4,9,0,1993,0,98011,47.7703,-122.193,2730,9264
437000.0,3,2.25,1980,8775,1.0,0,0,3,7,690,1959,0,98177,47.7753,-122.359,1550,9240
760000.0,4,3.5,3720,13591,2.0,0,3,3,10,0,2004,0,98065,47.536,-121.858,4210,14282
345000.0,2,1.0,1350,4494,1.0,0,0,3,7,430,1949,0,98126,47.5315,-122.38,1470,5225
850000.0,4,3.5,2640,5900,2.0,0,2,3,8,0,1937,1998,98136,47.5421,-122.383,1700,5900
250000.0,2,1.0,670,4640,1.0,0,0,3,6,0,1943,0,98106,47.53,-122.351,870,4501
460000.0,3,2.25,1620,7350,1.0,0,0,3,7,450,1969,0,98034,47.7248,-122.179,1800,7350
1749000.0,4,2.5,3910,22710,1.5,0,0,3,8,0,1908,2003,98004,47.6295,-122.217,2920,16544
695000.0,4,2.5,2960,10760,2.0,0,0,3,9,0,1987,0,98029,47.5677,-122.013,2480,9528
830000.0,3,2.5,2760,11287,2.0,0,3,3,10,760,1991,0,98028,47.739,-122.264,2760,13719
423000.0,4,2.0,1970,6480,1.5,0,0,5,7,840,1920,0,98108,47.5511,-122.312,1500,6480
1285000.0,4,3.5,3440,3800,3.0,0,0,3,9,0,2014,0,98112,47.6408,-122.307,1760,3800
369500.0,3,2.0,1108,1128,3.0,0,0,3,7,0,2009,0,98115,47.6961,-122.318,1285,1253
249950.0,3,1.5,1450,6875,1.0,0,0,4,7,0,1961,0,98198,47.4205,-122.316,1270,8000
533000.0,5,2.75,1800,3780,1.5,0,0,3,7,400,1926,0,98103,47.6831,-122.343,1400,3780
224000.0,3,1.75,1500,11968,1.0,0,0,3,6,0,2014,0,98010,47.3095,-122.002,1320,11303
355000.0,4,2.75,2050,4000,2.0,0,0,3,8,0,2014,0,98001,47.3522,-122.275,2050,4000
699000.0,4,2.5,3280,27441,2.0,0,0,3,9,0,1996,0,98053,47.6711,-122.012,3200,26960
450000.0,4,1.75,1740,12204,1.0,0,0,3,7,470,1961,0,98155,47.7675,-122.277,2190,12204
463800.0,3,1.5,980,7770,1.0,0,0,4,7,0,1968,0,98033,47.6923,-122.201,1470,7350
2400000.0,3,2.25,3000,11665,1.5,1,4,3,11,0,2001,0,98075,47.5884,-122.086,3000,15959
254950.0,2,1.0,700,8100,1.0,0,0,3,6,0,1949,0,98155,47.7492,-122.311,1230,8100
461000.0,3,2.5,1690,3026,2.0,0,0,3,7,0,2002,0,98053,47.6885,-122.043,1650,3161
500000.0,4,2.5,2230,26989,1.0,0,1,4,8,830,1962,0,98166,47.4285,-122.345,2570,17702
613200.0,3,2.75,2050,3320,1.5,0,0,4,7,470,1927,0,98105,47.6719,-122.301,1760,4150
552900.0,4,3.5,3828,18900,2.5,0,0,3,9,0,2014,0,98001,47.2851,-122.277,2120,18900
667000.0,3,1.75,1770,3880,1.0,0,0,3,8,470,1963,0,98117,47.6846,-122.392,1430,3880
659950.0,3,2.5,1610,1246,2.0,0,1,3,9,530,2014,0,98119,47.6423,-122.375,1610,1249
570000.0,3,2.5,1910,4941,2.0,0,0,3,8,0,1999,0,98075,47.5989,-122.016,1910,4941
337000.0,4,2.5,2610,5240,2.0,0,0,3,8,0,2004,0,98038,47.345,-122.042,2480,5240
389000.0,3,1.0,1330,3740,1.5,0,0,3,6,0,1903,0,98118,47.5502,-122.274,1330,5053
750000.0,3,1.75,1700,8400,1.0,0,0,3,8,240,1947,0,98199,47.6534,-122.415,2010,7000
399950.0,4,2.5,2350,5100,2.0,0,0,3,8,0,2003,0,98038,47.3507,-122.007,2190,5100
640000.0,3,1.0,1210,3720,2.0,0,0,4,8,0,1930,0,98112,47.6317,-122.301,1560,6000
685000.0,4,2.0,2260,10800,1.0,0,0,3,9,0,1978,0,98007,47.6124,-122.153,2650,9900
340000.0,3,1.0,1450,9586,2.0,0,0,3,7,0,1950,0,98155,47.7443,-122.326,1500,8592
937500.0,4,4.0,5545,871200,2.0,0,0,3,11,1940,2003,0,98014,47.676,-121.882,3420,871200
1350000.0,4,1.75,2000,3728,1.5,0,0,4,9,180,1926,0,98112,47.643,-122.299,1950,3728
649950.0,3,2.75,1670,1350,3.0,0,0,3,9,320,2014,0,98116,47.5764,-122.408,1520,4800
409000.0,2,1.0,890,3271,1.0,0,0,4,6,0,1918,0,98116,47.5631,-122.381,1190,5175
299000.0,5,2.5,2220,9360,1.0,0,0,4,7,1110,1968,0,98058,47.4341,-122.169,1780,7704
425000.0,3,2.5,2650,144183,1.0,0,0,3,8,0,1967,0,98042,47.4212,-122.144,1940,41210
415000.0,3,2.75,2600,64626,1.5,0,0,3,8,0,2009,0,98014,47.7185,-121.405,1740,64626
272000.0,4,2.0,1780,19843,1.0,0,0,3,7,0,1963,0,98058,47.4414,-122.154,2210,13500
481000.0,3,2.0,2580,15653,1.5,0,0,3,9,0,1990,0,98166,47.4561,-122.361,1920,9840
750000.0,3,2.5,2350,715690,1.5,0,0,4,9,0,1979,0,98022,47.1622,-121.971,1280,325393
601002.0,4,2.5,2050,8094,1.0,0,0,3,8,1000,1976,0,98052,47.6614,-122.138,1990,9020
551000.0,4,1.75,2040,6348,1.0,0,0,3,7,1020,1962,0,98103,47.6964,-122.336,1770,5047
383000.0,3,1.75,1410,7215,1.0,0,0,3,7,0,1967,0,98034,47.7343,-122.193,1550,7600
449000.0,2,1.0,1250,4576,1.0,0,0,3,6,210,1925,0,98118,47.5387,-122.266,1550,5000
840000.0,4,2.5,3420,8405,2.0,0,0,3,10,0,2000,0,98074,47.6328,-122.064,3230,8460
343566.0,2,1.0,1100,4200,1.0,0,0,3,7,0,1954,0,98136,47.5312,-122.392,1240,4000
222000.0,3,1.75,1370,8280,1.0,0,0,4,7,0,1980,0,98031,47.4096,-122.172,1850,7820
358000.0,2,2.5,1278,987,2.0,0,0,3,7,276,2007,0,98136,47.5532,-122.381,1220,1287
808000.0,8,3.75,3460,4600,2.0,0,0,3,7,600,1987,0,98105,47.6617,-122.289,2170,3750
490000.0,3,2.25,1410,7740,1.0,0,0,5,6,0,1923,0,98126,47.523,-122.371,1220,7740
1135000.0,4,3.25,2960,4296,2.0,0,0,3,9,770,2007,0,98119,47.6526,-122.372,2150,6000
300000.0,3,2.5,1800,3253,2.0,0,0,3,7,0,2001,0,98108,47.5401,-122.292,1800,3081
232000.0,4,2.0,1440,5911,1.0,0,0,5,5,0,1943,0,98056,47.5072,-122.181,1500,11089
681716.0,4,2.5,3150,7277,2.0,0,0,3,9,0,2006,0,98056,47.5159,-122.202,3030,8643
594000.0,4,2.75,2720,4613,2.0,0,0,3,9,0,2005,0,98028,47.7352,-122.223,2830,4836
870000.0,3,2.5,3210,8630,2.0,0,0,4,10,680,1990,0,98033,47.6939,-122.189,2630,8630
780000.0,4,2.5,2270,13449,1.0,0,0,4,9,960,1975,0,98040,47.5416,-122.232,2810,13475
700000.0,2,1.0,1620,9855,1.0,0,4,3,8,300,1948,0,98136,47.5264,-122.384,1820,7700
715000.0,3,1.5,1670,5060,2.0,0,2,5,7,0,1925,0,98126,47.5671,-122.379,1670,5118
350000.0,1,1.0,900,6380,1.0,0,0,3,6,0,1947,0,98125,47.7019,-122.311,1830,6380
399000.0,3,1.0,1460,8290,1.0,0,0,3,8,0,1959,0,98125,47.7246,-122.3,1470,8290
275000.0,3,2.5,3020,5868,2.0,0,0,3,7,0,2003,0,98092,47.3361,-122.175,2710,5470
950000.0,4,1.75,3100,21303,1.0,0,1,4,9,0,1962,0,98075,47.5847,-122.081,3480,9697
420000.0,3,1.0,1320,5500,1.0,0,0,3,7,0,1955,0,98116,47.5705,-122.398,1480,5250
339000.0,3,1.0,1100,4128,1.0,0,0,4,7,380,1942,0,98126,47.5296,-122.379,1510,4538
475000.0,3,2.25,1380,1621,2.0,0,0,3,8,240,2007,0,98117,47.678,-122.375,1460,1403
236000.0,3,1.75,1560,10919,1.0,0,0,3,7,0,1975,0,98023,47.2917,-122.366,1730,10919
598950.0,3,2.5,1480,1531,3.0,0,0,3,8,0,2014,0,98107,47.669,-122.402,1530,1321
855000.0,4,3.25,2630,2550,2.0,0,0,3,10,600,2006,0,98117,47.6775,-122.385,1810,2600
338000.0,4,2.5,2370,10631,2.0,0,0,3,8,0,1999,0,98003,47.3473,-122.302,2200,8297
505000.0,2,1.0,1070,8130,1.0,0,0,3,7,0,1942,0,98117,47.697,-122.37,1360,7653
699950.0,2,2.5,2390,7489,1.0,0,0,3,8,0,2007,0,98053,47.7243,-122.032,2170,7489
248000.0,3,1.75,1330,9831,1.0,0,0,3,7,0,1987,0,98001,47.3304,-122.277,1330,7500
920000.0,4,3.75,4030,503989,2.0,0,0,3,10,0,2008,0,98045,47.4807,-121.795,2110,71874
1575000.0,5,3.75,4220,9240,2.0,0,2,5,11,800,1991,0,98040,47.5895,-122.229,3380,9240
306000.0,5,2.0,1460,169448,1.5,0,0,3,6,0,1910,0,98030,47.3714,-122.177,2250,6059
320000.0,4,1.5,1890,43560,1.0,0,0,4,8,0,1974,0,98092,47.3267,-122.166,2376,5820
706000.0,3,2.75,1900,6400,1.0,0,0,5,7,490,1942,0,98105,47.6697,-122.281,1350,6400
639900.0,4,2.5,3380,75794,2.0,0,0,3,10,0,1997,0,98001,47.3511,-122.266,3710,17913
615000.0,3,2.25,1760,1146,3.0,0,0,3,9,0,2014,0,98122,47.6073,-122.304,1346,3472
664000.0,2,1.75,1720,5785,1.0,0,0,3,6,860,1948,2002,98118,47.5554,-122.274,1680,5184
530000.0,4,2.5,2940,35996,2.0,0,0,3,9,0,1995,0,98042,47.3401,-122.067,2890,35089
245000.0,2,1.0,860,6120,1.0,0,0,3,7,0,1948,0,98155,47.7503,-122.328,1100,6860
200000.0,2,0.75,780,55764,1.0,0,0,4,4,0,1945,0,98058,47.442,-122.105,1620,30847
324950.0,4,2.5,2229,5723,2.0,0,0,3,7,0,2012,0,98032,47.3693,-122.286,2738,5742
338900.0,3,2.25,1936,9495,1.0,0,0,3,8,0,2013,0,98030,47.3714,-122.197,1410,12770
277500.0,4,2.0,1700,12048,2.0,0,0,3,7,0,1990,0,98030,47.3748,-122.186,1960,7650
950000.0,4,3.25,3820,15293,2.0,0,0,3,10,0,2003,0,98074,47.6097,-122.017,2790,7142
722080.0,3,3.25,3680,7650,2.0,0,0,3,9,1340,1988,0,98074,47.6272,-122.033,2280,8515
1400000.0,5,4.25,4230,6907,2.0,0,0,3,10,780,2008,0,98033,47.6866,-122.205,2650,8076
550000.0,3,1.5,1730,5750,1.0,0,0,3,7,480,1947,0,98116,47.5645,-122.397,1370,5750
380000.0,2,1.0,1040,7372,1.0,0,0,5,7,200,1939,0,98126,47.5285,-122.378,1930,5150
360000.0,4,2.5,2340,13445,2.0,0,0,3,8,0,1990,0,98042,47.374,-122.125,2340,11188
775000.0,3,1.75,1640,18730,1.5,0,0,4,7,0,1946,0,98004,47.5975,-122.196,1670,12154
615000.0,3,1.75,2110,56192,1.0,0,0,3,7,630,1978,0,98072,47.7701,-122.138,2570,46609
1338750.0,3,2.75,2730,38869,1.5,1,4,3,9,790,1963,2001,98146,47.4857,-122.361,2630,28188
515000.0,3,1.75,1600,20873,1.0,0,0,3,8,0,1955,0,98006,47.5632,-122.182,2640,18364
394475.0,2,1.0,830,4000,1.0,0,0,3,6,0,1955,0,98117,47.6929,-122.379,950,4000
370000.0,3,1.0,1170,1105,1.0,0,0,3,7,0,1965,0,98126,47.5448,-122.375,1380,1399
701000.0,4,2.5,3340,5314,2.0,0,0,3,10,0,2010,0,98065,47.5167,-121.885,3220,5500
260000.0,3,1.75,1100,10968,1.0,0,0,5,7,0,1984,0,98042,47.363,-122.08,1400,7799
653450.0,3,2.5,2070,49658,1.0,0,0,4,8,530,1980,0,98075,47.5936,-122.013,2620,35160
463000.0,2,1.0,1150,4400,1.0,0,0,4,7,0,1905,0,98112,47.6226,-122.292,1240,4400
620000.0,5,1.75,2000,8713,1.0,0,2,3,7,1000,1962,0,98008,47.5882,-122.117,2040,8449
422250.0,3,1.75,1650,7145,2.0,0,0,5,8,350,1977,0,98155,47.7733,-122.324,1760,7206
550000.0,3,2.25,1230,875,3.0,0,0,3,8,0,2013,0,98199,47.6521,-122.4,1760,5664
620000.0,4,1.75,2350,18800,1.0,0,2,3,8,0,1959,0,98005,47.5904,-122.177,3050,14640
472000.0,3,1.5,1740,9038,1.0,0,0,4,7,0,1955,0,98007,47.5897,-122.136,1390,9770
515000.0,3,2.5,3370,19585,2.0,0,0,3,7,170,1951,0,98133,47.7388,-122.339,1730,9430
648000.0,4,2.5,3290,6203,2.0,0,0,3,9,0,2008,0,98065,47.5441,-121.86,2990,6835
690000.0,5,3.25,3370,7313,2.0,0,0,4,8,1230,1988,0,98029,47.5632,-122.015,2990,7806
560000.0,3,1.75,1930,6000,1.0,0,0,3,8,800,1956,0,98119,47.6516,-122.375,1870,6000
420000.0,3,2.5,2720,8622,2.0,0,0,3,8,0,2002,0,98059,47.4954,-122.163,1950,8603
794154.0,4,2.0,2210,8556,1.0,0,1,4,8,1000,1954,0,98199,47.6498,-122.396,2190,7975
360000.0,3,1.75,1500,7200,1.0,0,0,3,7,0,1957,0,98133,47.7748,-122.337,1650,7392
405000.0,3,2.0,1640,7201,1.0,0,0,3,8,0,1948,0,98125,47.7216,-122.289,1750,7201
499000.0,3,1.75,1750,12325,1.0,0,0,4,7,280,1968,0,98052,47.6832,-122.118,1820,9750
229900.0,4,1.75,1550,9899,1.0,0,0,4,7,0,1967,0,98030,47.3583,-122.183,1500,11272
2450000.0,4,4.25,4250,6552,2.0,0,3,4,10,1380,2008,0,98144,47.5747,-122.283,3640,8841
572000.0,5,2.25,2340,9225,2.0,0,0,3,8,0,1973,0,98052,47.6369,-122.098,2140,9348
510000.0,6,4.5,3300,7561,2.0,0,0,3,8,0,1980,0,98052,47.6795,-122.104,2470,7561
206000.0,3,1.0,1320,9239,1.0,0,0,4,7,0,1968,0,98092,47.312,-122.183,1320,8415
415885.0,3,1.0,1310,4163,1.0,0,0,4,7,0,1964,0,98126,47.5301,-122.381,1120,4166
195000.0,3,1.5,1190,8726,1.0,0,0,3,7,0,1956,0,98146,47.4887,-122.343,1390,8741
453000.0,3,2.0,1430,9583,1.0,0,0,4,7,0,1964,0,98034,47.7206,-122.197,1890,11100
527000.0,4,2.5,2830,6163,2.0,0,0,3,9,0,2000,0,98056,47.5227,-122.19,2730,6202
675000.0,3,1.5,1460,6480,1.0,0,2,4,7,480,1940,0,98117,47.6962,-122.397,2180,6912
474900.0,3,2.25,1800,43647,1.0,0,0,4,8,0,1976,0,98072,47.7757,-122.132,2480,25608
329500.0,3,1.0,1810,13068,1.0,0,0,4,7,450,1941,0,98070,47.4482,-122.462,1400,13068
495000.0,4,2.5,2020,7200,1.0,0,0,5,7,1010,1968,0,98034,47.7289,-122.201,1620,7275
339000.0,4,2.5,1740,6000,1.0,0,0,4,7,0,1952,0,98178,47.5026,-122.236,1190,6000
290000.0,4,1.75,2090,12750,1.0,0,0,3,8,730,1967,0,98166,47.4792,-122.357,2040,12300
670000.0,4,2.25,2370,9636,1.0,0,0,3,8,710,1976,0,98033,47.6497,-122.194,2350,9588
285000.0,3,1.75,1020,5000,1.0,0,0,5,6,0,1954,0,98118,47.5332,-122.29,1360,5000
410000.0,3,1.75,1660,6250,1.0,0,0,3,7,830,1980,0,98116,47.5859,-122.385,1660,5750
184000.0,3,1.0,1100,8680,1.0,0,0,3,6,0,1962,0,98023,47.3072,-122.363,1100,9220
812500.0,4,2.75,2810,10300,1.0,0,0,4,9,1000,1978,0,98006,47.5626,-122.149,2710,9900
196000.0,3,1.5,1000,18568,1.0,0,0,3,6,0,1989,0,98001,47.2976,-122.271,1610,17420
287000.0,2,1.0,950,6350,1.0,0,0,3,7,0,1951,0,98106,47.528,-122.352,1080,7620
190000.0,2,2.5,1100,1737,2.0,0,0,3,8,0,2006,0,98055,47.4499,-122.189,1610,2563
825000.0,4,3.5,3620,6499,2.5,0,0,3,9,0,2003,2009,98177,47.7326,-122.36,2330,7200
357562.0,2,1.75,1210,1032,2.0,0,0,3,8,0,2014,0,98029,47.5522,-121.999,1210,1090
384950.0,3,2.5,1860,3690,2.0,0,0,3,7,0,2000,0,98028,47.776,-122.239,1870,4394
405000.0,3,2.25,1660,8307,1.0,0,0,4,8,0,1961,0,98133,47.7575,-122.352,2510,7800
425000.0,2,2.0,1280,4095,2.0,0,0,4,8,0,1918,0,98136,47.5501,-122.393,1470,5500
590000.0,5,3.0,3480,6625,2.0,0,0,3,8,0,2012,0,98059,47.4815,-122.153,2800,9400
625000.0,4,3.25,2730,54014,1.0,0,0,3,9,1170,2007,0,98059,47.5133,-122.11,2730,111274
486000.0,4,2.5,3560,12047,2.0,0,0,3,10,0,1988,0,98023,47.3019,-122.341,3420,11250
575000.0,2,1.0,1490,6000,1.0,0,0,3,7,400,1946,0,98112,47.6296,-122.3,1590,6000
308000.0,2,1.0,1080,6250,1.0,0,2,4,7,0,1942,1968,98118,47.5128,-122.251,2100,6875
312620.0,3,2.5,1260,11877,1.0,0,0,3,7,0,1975,0,98045,47.4442,-121.762,1430,9790
315000.0,6,2.0,1750,17685,1.0,0,0,4,5,0,1943,0,98056,47.5096,-122.178,1750,9209
450000.0,4,1.75,1520,5250,1.0,0,0,3,6,0,1949,0,98199,47.6581,-122.39,1530,5250
460000.0,2,1.0,880,3300,1.0,0,0,4,7,0,1909,0,98107,47.6566,-122.36,1960,5500
660000.0,3,2.25,2280,6150,2.0,0,2,3,8,0,1984,0,98136,47.5423,-122.385,1920,6150
346000.0,3,1.75,1590,9636,1.5,0,0,4,6,0,1953,0,98155,47.754,-122.321,1800,9975
460000.0,3,2.25,2080,50965,1.0,0,0,3,8,490,1979,0,98077,47.7506,-122.063,2270,51836
975000.0,4,2.5,3020,4950,1.5,0,0,4,9,1000,1921,0,98112,47.6467,-122.304,2300,5450
660000.0,3,2.0,2880,5100,1.5,0,0,4,7,800,1926,0,98117,47.6805,-122.385,1820,5100
760000.0,5,2.0,3920,5250,1.5,0,0,5,7,1360,1910,0,98144,47.5798,-122.294,1830,4240
905000.0,5,3.5,3100,10200,1.0,0,4,3,9,1440,1970,0,98008,47.6134,-122.112,2700,10455
455000.0,3,2.75,2720,31314,3.0,0,2,3,8,0,1986,0,98042,47.3689,-122.163,2290,15188
333000.0,4,2.5,2690,5505,2.0,0,0,3,8,0,2004,0,98042,47.3666,-122.119,2690,5505
955000.0,5,2.25,2510,9887,2.0,0,0,3,8,0,1972,0,98040,47.5339,-122.223,2510,10006
635000.0,3,2.5,1960,7200,1.0,0,0,4,8,980,1940,0,98118,47.5655,-122.27,1440,7200
660000.0,2,1.0,1670,8195,1.0,0,0,3,7,0,1954,1975,98033,47.6627,-122.192,1980,7500
392800.0,2,1.0,740,4275,1.0,0,0,5,6,0,1924,0,98115,47.688,-122.308,1900,4275
620000.0,5,1.0,2230,16800,1.5,0,3,4,7,530,1923,0,98136,47.5161,-122.395,2730,18400
284000.0,3,1.75,1800,23103,1.0,0,0,3,7,0,1968,0,98014,47.6517,-121.906,1410,18163
220000.0,3,2.25,1470,7518,1.0,0,0,3,7,310,1985,0,98003,47.2725,-122.3,1720,8300
200000.0,4,2.5,1720,9600,1.0,0,0,3,7,600,1961,0,98092,47.2917,-122.188,1520,9400
412000.0,4,1.5,1960,5000,1.0,0,0,3,7,980,1912,0,98106,47.5688,-122.363,1300,5000
680000.0,4,2.5,2440,6581,2.0,0,0,3,8,0,2014,0,98133,47.7321,-122.334,1480,7432
440250.0,3,1.5,1850,8124,1.0,0,0,4,7,0,1948,0,98177,47.7275,-122.359,1530,8123
735000.0,3,1.75,2250,11520,1.0,0,1,3,8,0,1956,0,98028,47.7619,-122.268,2730,12445
992000.0,3,2.25,2950,15207,1.0,0,0,4,10,880,1966,0,98040,47.5571,-122.216,2950,22000
289999.0,3,2.0,1490,9285,1.0,0,0,3,8,0,1995,0,98092,47.3248,-122.169,2040,6681
438000.0,2,1.0,1630,9255,1.0,0,0,3,7,0,1941,0,98133,47.7222,-122.332,1800,8000
253000.0,4,2.5,2230,4541,2.0,0,0,3,7,0,2006,0,98042,47.3848,-122.1,2800,4860
200000.0,1,1.5,1010,1157,2.0,0,0,3,8,60,2007,0,98126,47.5492,-122.372,1360,1688
537000.0,4,2.5,1990,2660,2.0,0,0,3,8,0,2012,0,98034,47.732,-122.178,1990,2665
1308000.0,5,2.5,3200,7863,1.0,0,3,5,8,1600,1959,0,98199,47.6398,-122.39,2640,7680
368000.0,3,1.75,2120,11340,1.0,0,3,4,7,1060,1966,0,98198,47.4109,-122.329,1830,8650
570000.0,3,1.75,2580,40392,1.0,0,0,3,9,1190,1986,0,98072,47.7637,-122.134,2460,46173
492000.0,3,1.75,2770,39927,1.0,0,0,4,8,1190,1978,0,98027,47.4669,-122.003,2420,36384
499950.0,3,2.5,2580,23925,2.0,0,0,3,9,0,2001,0,98023,47.2978,-122.376,1660,8460
250000.0,3,2.5,2070,8400,2.0,0,0,4,8,0,1990,0,98002,47.3099,-122.206,2070,9239
465000.0,3,2.0,1840,40438,2.0,0,0,3,7,0,1994,0,98045,47.4853,-121.709,1380,44049
325000.0,3,1.0,1590,8160,1.0,0,1,3,7,500,1954,0,98198,47.4013,-122.321,1540,10500
675000.0,4,3.0,2780,5000,1.5,0,0,5,7,1070,1919,0,98116,47.5721,-122.381,1150,5000
645000.0,3,2.5,1740,13750,2.0,0,0,4,9,0,1975,0,98008,47.6264,-122.092,2540,14300
720000.0,4,1.75,2620,11041,1.5,0,0,4,9,0,1962,0,98005,47.5975,-122.174,2230,11041
692500.0,3,2.25,3420,9900,1.0,0,0,3,9,1710,1963,2004,98028,47.7412,-122.256,2290,10700
380000.0,5,3.25,3800,15500,1.0,0,0,3,7,1310,1965,0,98032,47.3862,-122.28,2000,13980
390000.0,5,1.75,2250,8970,1.0,0,0,4,7,750,1966,0,98034,47.7217,-122.188,1940,8710
310000.0,3,2.5,1670,4220,2.0,0,0,3,7,0,2002,0,98038,47.3834,-122.028,1670,4238
509000.0,2,1.5,1930,3521,2.0,0,0,3,8,0,1989,0,98007,47.6092,-122.146,1840,3576
660000.0,4,1.75,1870,10450,1.0,0,0,3,8,250,1978,0,98005,47.5938,-122.154,2060,10450
530000.0,3,3.25,1510,1125,3.0,0,0,3,8,0,2006,0,98107,47.6711,-122.39,1390,1174
740000.0,3,2.5,2350,3798,2.0,0,0,3,8,0,2013,0,98029,47.543,-122.01,2020,3532
690000.0,4,2.5,2740,8120,2.0,0,0,3,9,0,1999,0,98074,47.6123,-122.006,2780,8344
1215000.0,4,3.75,3820,53574,1.0,0,0,3,10,0,1994,0,98072,47.7337,-122.121,3140,54014
3300000.0,3,3.25,4220,41300,1.0,1,4,4,11,1760,1958,1987,98008,47.6083,-122.11,3810,30401
762500.0,4,2.25,3130,41382,2.0,0,0,3,9,0,1986,0,98053,47.6683,-122.034,3130,54886
170000.0,2,1.0,1240,9900,1.0,0,0,3,7,300,1950,0,98168,47.4862,-122.326,1050,9375
255500.0,2,1.0,1440,43560,1.0,0,0,4,7,290,1965,0,98027,47.4916,-122.082,1870,56628
265000.0,4,1.5,1740,12728,1.0,0,0,4,7,560,1964,0,98003,47.2808,-122.3,1830,11125
441000.0,3,1.5,1540,7200,1.0,0,0,3,7,0,1968,0,98011,47.7357,-122.195,1560,7500
592500.0,4,2.5,2240,12032,1.0,0,0,3,9,0,1983,0,98074,47.6143,-122.017,2520,12368
267000.0,4,1.75,2000,7350,1.0,0,0,3,7,900,1963,0,98003,47.3428,-122.303,1720,7350
705000.0,2,2.5,2200,188200,1.0,0,3,3,8,0,2007,0,98022,47.2458,-122.002,2700,84942
480000.0,3,2.25,1950,8892,2.0,0,0,3,8,0,1983,0,98052,47.7213,-122.11,1900,8750
310000.0,3,2.0,2010,12950,1.0,0,0,3,8,0,1953,0,98034,47.7222,-122.229,1490,10181
513000.0,4,2.5,1930,8040,1.0,0,0,3,7,550,1978,0,98034,47.7283,-122.218,2080,7200
365000.0,4,2.5,2420,8404,2.0,0,0,3,8,0,2013,0,98042,47.372,-122.13,2440,4822
160000.0,3,1.75,1610,7392,1.0,0,0,4,7,0,1964,0,98001,47.3413,-122.28,1450,7392
175000.0,2,1.0,1300,44431,1.0,0,0,5,6,0,1958,0,98001,47.327,-122.267,1470,14850
234000.0,3,1.0,1040,8128,1.0,0,0,3,6,0,1983,0,98019,47.7425,-121.981,1520,7500
400000.0,3,1.0,1060,12690,1.0,0,0,3,7,0,1969,0,98033,47.6736,-122.167,1920,10200
530000.0,3,2.25,2010,11817,2.0,0,0,4,8,0,1986,0,98029,47.5665,-122.023,2190,10168
480000.0,4,2.25,3250,34293,2.0,0,0,4,9,0,1983,0,98042,47.3496,-122.094,3110,35982
262500.0,5,2.25,1950,8086,1.0,0,0,3,7,820,1980,0,98003,47.3179,-122.331,1670,8550
399000.0,4,3.0,3060,5000,2.0,0,0,3,8,0,2001,0,98042,47.3786,-122.126,3060,5668
550000.0,3,1.75,1840,9401,1.0,0,0,3,8,0,1971,0,98075,47.5847,-122.075,2850,14323
1250000.0,4,2.5,3700,21755,1.0,0,4,3,11,1080,1988,0,98006,47.5662,-122.108,3480,13786
347500.0,4,2.5,2156,3562,2.0,0,0,3,9,0,2012,0,98030,47.3591,-122.201,1708,3539
1698000.0,4,3.5,3950,6240,2.0,0,0,3,11,0,2015,0,98112,47.6221,-122.29,2040,6240
596000.0,4,2.25,2270,10000,1.0,0,0,5,8,550,1974,0,98006,47.5599,-122.142,2270,10148
430000.0,3,1.5,1810,349351,1.5,0,0,3,7,0,2002,0,98010,47.3392,-121.897,2480,339332
712000.0,4,2.5,3400,247421,2.0,0,0,3,9,0,2001,0,98010,47.3623,-121.971,3180,222156
95000.0,2,1.0,800,8550,1.0,0,0,3,7,0,1947,0,98198,47.4075,-122.294,1490,8550
330000.0,5,2.5,2620,12763,1.0,0,0,3,7,1220,1979,0,98034,47.72,-122.213,2390,9156
635000.0,4,2.5,2080,11176,1.0,0,0,5,8,0,1954,0,98125,47.7107,-122.289,1390,7928
1095000.0,3,2.5,2550,5100,2.0,0,0,3,9,0,2014,0,98115,47.6757,-122.326,1250,4080
580000.0,2,1.0,1650,9780,1.0,0,0,3,7,700,1943,0,98199,47.6549,-122.394,1650,5458
399963.0,4,2.5,2620,4050,2.0,0,0,3,8,0,2014,0,98146,47.5017,-122.34,2030,3944
208000.0,2,1.0,1160,5750,1.0,0,0,4,6,0,1924,0,98065,47.5322,-121.829,1160,8250
284000.0,3,1.75,1430,4850,1.0,0,0,3,7,500,1978,0,98108,47.5472,-122.303,1430,4850
588000.0,3,2.0,1860,4777,2.0,0,0,5,7,0,1908,0,98115,47.6892,-122.311,1580,3822
525000.0,2,1.0,1510,3360,1.0,0,0,3,7,630,1924,0,98122,47.6135,-122.297,1330,3360
330000.0,4,2.0,1820,9450,1.0,0,0,3,7,720,1962,0,98155,47.7607,-122.329,1540,9450
289950.0,4,3.0,2040,5050,1.0,0,0,3,8,550,1993,0,98092,47.3266,-122.175,2020,6118
1058000.0,4,2.0,2290,11137,1.0,0,0,4,8,0,1955,0,98004,47.5887,-122.201,2300,10463
470000.0,4,2.5,1990,30083,2.0,0,0,3,8,0,1998,0,98155,47.7678,-122.272,2220,11627
385000.0,3,1.0,1470,11398,1.0,0,0,3,8,0,1950,0,98155,47.746,-122.296,1710,11407
788600.0,4,2.75,3500,7200,2.0,0,0,3,9,0,2005,0,98053,47.6818,-122.025,3920,7666
211000.0,3,1.0,1410,47916,1.0,0,0,3,7,0,1981,0,98019,47.7149,-121.96,1810,215622
550000.0,3,2.25,2160,37000,1.5,0,0,4,7,400,1933,0,98052,47.7297,-122.139,2540,37000
699999.0,2,2.0,1460,1085,2.0,0,0,3,8,510,2014,0,98112,47.6205,-122.299,1580,1202
293000.0,3,1.75,1420,13187,1.0,0,0,4,7,0,1974,0,98059,47.4608,-122.065,1620,13824
599000.0,4,4.75,3700,11000,1.0,0,0,4,7,1860,1962,0,98028,47.768,-122.251,1720,11564
455000.0,3,2.25,2180,6850,1.0,0,0,3,7,430,1973,0,98034,47.7246,-122.217,1740,7016
359000.0,3,2.0,3085,7280,1.0,0,0,4,7,1525,1959,0,98056,47.4956,-122.181,1480,7900
439000.0,4,2.0,1560,7500,1.0,0,0,4,7,0,1968,0,98034,47.7281,-122.181,1730,7500
357000.0,3,2.0,2460,53882,1.0,1,4,3,7,0,1955,0,98198,47.3811,-122.325,2660,32625
480000.0,3,2.5,1640,7847,2.0,0,0,3,8,0,1987,0,98029,47.5684,-122.018,1870,6079
699000.0,5,2.5,3340,24755,2.0,0,0,3,10,0,2002,0,98038,47.4565,-122.066,3420,23274
635000.0,4,2.25,2350,46173,2.0,0,0,4,8,0,1980,0,98053,47.6657,-122.067,2390,36567
485000.0,3,2.5,2430,5867,2.0,0,0,3,7,0,2011,0,98065,47.5162,-121.872,2620,5866
375000.0,3,1.75,1430,10574,2.0,0,0,3,7,0,1981,0,98011,47.7668,-122.218,1900,10450
985000.0,3,1.75,1670,5400,2.0,0,0,5,8,0,1912,0,98112,47.635,-122.284,2100,5400
299950.0,3,2.5,1780,4650,2.0,0,0,3,7,0,2011,0,98038,47.386,-122.047,3050,3848
805000.0,5,2.5,3320,7266,2.0,0,0,3,9,0,2000,0,98075,47.5862,-122.054,3060,10269
419000.0,4,2.5,3010,9155,2.0,0,0,3,9,0,2005,0,98038,47.3542,-122.027,3010,5762
780000.0,4,2.0,2600,4800,1.0,0,2,3,8,1200,1953,0,98119,47.637,-122.371,2050,3505
400000.0,2,1.0,700,8120,1.0,0,0,3,7,0,1927,0,98115,47.6962,-122.321,1130,5599
309600.0,4,1.75,1275,20000,1.0,0,0,4,6,0,1991,0,98070,47.3796,-122.49,1660,20000
554000.0,5,2.25,1870,11411,1.0,0,0,4,8,700,1961,0,98155,47.7445,-122.289,2420,10793
575000.0,3,1.75,2680,8625,1.0,0,0,5,8,1090,1974,0,98027,47.5316,-122.056,2620,14275
450000.0,3,1.0,1140,4500,1.0,0,0,3,6,300,1907,0,98144,47.5897,-122.314,1150,3000
333000.0,4,1.75,1880,9880,1.0,0,0,4,8,0,1967,0,98058,47.4551,-122.151,1880,9600
215000.0,4,1.0,1130,7400,1.0,0,0,4,7,0,1969,0,98003,47.3437,-122.316,1540,7379
300000.0,5,3.0,1940,6355,1.0,0,0,3,8,740,2007,0,98168,47.498,-122.322,1940,5033
269950.0,3,2.5,2244,4079,2.0,0,0,3,7,0,2012,0,98001,47.2606,-122.254,2077,4078
495000.0,5,3.0,2440,4750,1.0,0,0,3,9,990,2006,0,98108,47.5485,-122.302,1420,5940
273000.0,3,1.0,1500,6250,1.0,0,0,3,6,610,1945,0,98126,47.5365,-122.368,1210,6250
860000.0,5,2.25,1960,8592,1.0,0,0,4,8,670,1958,0,98004,47.6066,-122.192,1720,8592
514500.0,4,2.5,2990,9614,1.0,0,2,4,9,1250,1976,0,98003,47.3424,-122.329,3370,12085
369950.0,4,2.5,2050,4502,2.0,0,0,3,7,0,2005,0,98059,47.5002,-122.15,2480,4504
240000.0,3,1.5,1890,9000,1.0,0,0,3,7,700,1959,0,98188,47.4425,-122.272,2060,9000
715000.0,4,2.5,1860,3840,1.5,0,0,3,7,690,1928,2014,98117,47.6886,-122.359,1400,3840
290000.0,3,2.0,1700,6498,1.0,0,0,3,7,0,1986,0,98038,47.3781,-122.044,1700,6654
310000.0,3,2.25,1590,3056,2.0,0,0,3,7,0,2001,0,98108,47.5432,-122.293,1540,2890
387500.0,4,1.0,1370,7140,2.0,0,0,3,6,0,1942,0,98146,47.512,-122.376,1090,6300
315000.0,5,1.75,1850,14800,1.5,0,0,3,6,90,1937,0,98168,47.4935,-122.321,1250,14800
625000.0,3,2.5,2330,3141,2.0,0,0,3,8,0,2003,0,98116,47.5622,-122.392,1980,5265
410000.0,4,2.25,2150,27345,2.0,0,0,5,8,0,1976,0,98059,47.469,-122.121,2200,11923
550500.0,3,1.75,2540,8280,1.0,0,0,3,7,1270,1949,0,98177,47.7219,-122.358,1950,8280
565000.0,5,2.25,2130,4360,1.0,0,2,3,8,890,1959,0,98199,47.6586,-122.395,1830,5000
295000.0,2,1.0,670,7952,1.0,0,0,4,6,0,1942,0,98146,47.5124,-122.372,1080,9525
473975.0,3,2.5,2330,3610,2.0,0,0,3,8,0,1999,0,98074,47.6022,-122.021,1830,2948
320000.0,4,2.5,2300,3825,2.0,0,0,3,7,0,2012,0,98042,47.3594,-122.082,2110,3825
1275000.0,4,3.5,5844,10766,2.0,0,1,3,11,0,2007,0,98023,47.3293,-122.364,3413,10766
294950.0,2,1.0,1060,7868,1.0,0,0,3,7,0,1952,0,98155,47.7414,-122.295,1530,10728
379900.0,4,2.5,3181,5831,2.0,0,0,3,8,0,2014,0,98003,47.2716,-122.297,2056,24393
640000.0,2,1.75,1760,4400,1.0,0,0,4,7,880,1930,0,98103,47.65,-122.34,1330,4180
545000.0,3,2.5,2140,40173,2.0,0,0,4,8,0,1990,0,98027,47.4786,-122.066,2380,43016
580000.0,5,2.5,2500,11900,1.0,0,0,3,7,1100,1963,0,98007,47.5915,-122.132,2820,11900
1230000.0,3,1.75,2200,14630,1.5,0,1,3,8,0,1948,2003,98004,47.6074,-122.213,2850,15803
698000.0,6,2.5,2680,11250,1.0,0,0,5,7,1340,1967,0,98033,47.6553,-122.19,2200,9875
305000.0,4,2.0,1780,5043,1.0,0,0,3,7,910,1993,0,98133,47.7045,-122.342,1350,5044
625000.0,3,2.5,2440,4800,2.0,0,0,3,10,0,2014,0,98106,47.5595,-122.365,1180,5480
845000.0,4,2.5,2940,7675,2.0,0,0,3,9,0,2004,0,98052,47.7054,-122.129,3120,6574
1380000.0,5,4.25,4050,18827,1.0,0,2,4,10,1900,1979,0,98040,47.5323,-122.237,3600,25120
1570000.0,4,2.25,2890,18226,3.0,1,4,3,10,0,1984,0,98056,47.5169,-122.209,2870,11151
905000.0,4,2.75,2730,4268,2.0,0,1,3,9,0,2009,0,98199,47.6397,-122.395,2340,5000
436000.0,2,1.0,1240,8100,1.5,0,2,3,7,0,1925,0,98125,47.7326,-122.288,2790,8100
1295000.0,4,3.5,3790,90169,2.0,0,0,3,11,0,1998,0,98053,47.6587,-122.022,3410,46951
305000.0,6,2.0,1900,8240,1.0,0,0,2,7,700,1964,0,98125,47.7037,-122.296,1900,8240
1820000.0,4,4.5,6640,53330,2.0,0,0,3,12,0,1993,0,98077,47.7283,-122.046,4620,68625
453500.0,4,1.75,2000,6032,1.0,0,2,3,7,700,1959,0,98146,47.5132,-122.389,1930,6032
1240000.0,5,4.0,4410,14380,2.0,0,0,3,11,0,2006,0,98052,47.6463,-122.121,2720,11454
789900.0,3,2.5,3420,25150,1.0,0,0,4,10,1670,1987,0,98006,47.5706,-122.152,2900,19604
865000.0,4,2.5,2260,13600,1.0,0,0,4,8,490,1974,0,98040,47.5436,-122.233,2630,13995
330000.0,3,2.25,2300,35287,2.0,0,0,3,8,0,1977,0,98022,47.2477,-121.937,1760,47916
475000.0,3,1.75,2490,7210,1.0,0,0,3,7,1200,1972,0,98034,47.726,-122.198,1610,7210
750000.0,3,3.25,4610,81935,2.0,0,0,4,9,0,1984,0,98074,47.6217,-122.021,2900,43500
700000.0,4,2.5,3010,46173,2.0,0,0,3,9,0,1996,0,98053,47.6471,-121.964,2590,49222
2187730.0,4,4.5,4240,13162,2.0,0,0,3,10,0,2004,0,98039,47.6193,-122.229,3010,12163
193000.0,3,1.0,960,10761,1.0,0,0,4,6,0,1962,0,98002,47.2819,-122.224,960,10761
555700.0,3,2.0,1810,12420,1.0,0,0,4,7,0,1957,0,98008,47.5888,-122.127,2230,12330
400000.0,3,2.5,1950,18533,2.0,0,0,3,8,0,1988,0,98024,47.5647,-121.903,1810,18401
275000.0,3,1.5,1510,16200,1.0,0,0,3,7,0,1970,0,98031,47.3926,-122.167,1650,13950
436000.0,3,2.25,1770,8000,1.0,0,0,4,7,420,1976,0,98072,47.7358,-122.17,1850,7875
545400.0,3,2.0,2850,19200,1.0,0,3,3,8,510,2004,0,98023,47.3378,-122.348,2860,18240
250000.0,1,1.0,780,1033,1.0,0,0,3,7,0,1922,1985,98122,47.6155,-122.306,1040,1319
657000.0,4,2.5,2180,3375,1.5,0,0,4,7,760,1926,0,98117,47.6846,-122.361,1560,3375
471000.0,4,2.5,2330,9928,2.0,0,0,3,8,0,1998,0,98045,47.4836,-121.783,2430,8175
330000.0,4,1.75,1520,14417,1.0,0,0,4,7,0,1968,0,98065,47.526,-121.809,1600,10716
355000.0,4,2.5,1780,15000,2.0,0,0,2,7,0,1993,0,98058,47.4239,-122.153,2005,9680
180250.0,2,0.75,900,9600,1.0,0,0,3,6,0,1941,0,98166,47.4604,-122.339,1250,14280
837000.0,5,2.75,2940,5225,2.0,0,0,3,8,180,2010,0,98052,47.6879,-122.107,3090,6261
439000.0,4,2.0,1800,5465,1.0,0,0,3,7,900,1942,0,98118,47.561,-122.272,1400,5400
955000.0,4,3.25,3720,6765,2.0,0,0,3,9,0,2012,0,98053,47.688,-122.018,3100,6790
460000.0,3,2.5,2390,47480,2.0,0,0,3,9,0,2007,0,98058,47.4517,-122.084,1720,44866
1075000.0,5,3.5,3230,7560,2.0,0,0,3,10,0,2007,0,98052,47.6467,-122.118,3230,8580
750000.0,5,2.25,2020,8400,1.0,0,0,4,7,1010,1963,0,98040,47.5763,-122.219,1890,9233
296000.0,4,1.5,1370,9750,1.0,0,0,3,7,300,1953,0,98168,47.4718,-122.323,1540,9789
1197000.0,4,2.5,3940,4407,2.0,0,0,4,8,1320,1921,0,98112,47.6374,-122.299,1790,4407
570000.0,3,2.0,1890,29185,1.0,0,0,3,7,420,1949,2013,98006,47.5621,-122.168,2580,11600
599950.0,6,3.0,2020,4129,1.0,0,0,3,7,790,1994,0,98105,47.6648,-122.324,2080,4080
815000.0,4,2.75,3488,9614,2.0,0,0,3,10,0,1998,0,98074,47.6055,-122.013,3600,10891
343500.0,3,2.0,1660,7509,1.0,0,0,3,7,0,2002,0,98059,47.4872,-122.144,2380,8598
465000.0,4,2.5,1930,9653,1.0,0,0,4,9,0,1968,0,98023,47.3367,-122.335,2100,10454
305000.0,4,2.5,2230,6487,2.0,0,0,3,7,0,2003,0,98092,47.3287,-122.169,2230,6882
575000.0,4,2.0,1810,4400,2.0,0,0,3,8,110,1909,0,98122,47.6132,-122.292,1470,4400
1430800.0,4,2.5,2910,7364,2.0,0,0,3,10,0,2003,0,98033,47.6906,-122.213,2480,8400
336000.0,3,2.0,1060,11765,1.0,0,0,4,6,0,1951,0,98125,47.7333,-122.302,1500,9151
590000.0,3,3.25,1290,1230,2.0,0,2,3,9,200,2008,0,98119,47.6367,-122.37,1710,1797
442500.0,3,1.5,2710,47419,1.5,0,0,3,7,540,1980,0,98053,47.6522,-121.966,2130,48144
332888.0,2,2.5,1050,1029,2.0,0,0,3,8,100,2007,0,98122,47.6018,-122.299,1350,3600
269950.0,3,1.75,1400,7735,1.0,0,0,4,7,0,1989,0,98038,47.357,-122.04,1530,7754
306950.0,1,1.0,730,5005,1.0,0,0,4,5,0,1945,0,98117,47.6992,-122.364,1630,5667
270000.0,3,2.0,1510,10215,1.0,0,0,4,7,0,1995,0,98022,47.2078,-122.003,1370,8902
450000.0,3,1.75,2290,44866,1.0,0,0,3,8,900,1981,0,98077,47.7398,-122.041,2410,44866
275000.0,3,1.0,1190,27215,1.0,0,0,5,7,0,1943,1989,98059,47.4978,-122.115,1450,56628
720168.0,4,2.25,2120,3794,2.0,0,0,4,7,700,1926,0,98117,47.6893,-122.359,1420,3840
305000.0,3,1.0,1580,7424,1.0,0,0,3,7,570,1962,0,98058,47.4607,-122.171,1710,7772
299950.0,2,1.5,1390,1756,3.0,0,0,3,7,0,2005,0,98133,47.7274,-122.357,1340,1756
1310000.0,4,2.25,3750,5000,2.0,0,0,5,8,1310,1924,0,98115,47.6747,-122.303,2170,4590
530000.0,3,2.5,2640,13775,1.0,0,0,3,8,1090,1978,0,98005,47.5875,-122.177,2120,12432
440000.0,3,2.5,1830,6807,2.5,0,0,5,7,0,1954,0,98155,47.7613,-122.322,1340,6807
205000.0,3,1.0,860,7467,1.0,0,0,3,6,0,1944,0,98178,47.4947,-122.237,1280,7467
440500.0,3,2.5,1600,3172,2.0,0,0,3,7,0,2002,0,98053,47.6868,-122.042,1690,3698
240415.0,3,1.75,1120,10187,1.0,0,0,3,7,0,1968,0,98198,47.3694,-122.311,1900,8736
435000.0,4,2.5,2060,10125,2.0,0,0,4,7,500,1979,0,98028,47.764,-122.262,1760,9876
442250.0,3,2.5,2170,8169,2.0,0,0,3,8,0,2003,0,98059,47.4833,-122.139,2240,6733
335000.0,3,1.0,990,6315,1.0,0,0,3,7,0,1970,0,98034,47.7116,-122.214,1450,6702
371000.0,4,2.5,2550,4770,2.0,0,0,3,8,0,2005,0,98038,47.3526,-122.0,2380,4590
360000.0,3,1.0,1660,9600,1.0,0,0,3,7,0,1963,0,98034,47.708,-122.216,2020,9600
1035000.0,4,2.5,2910,9131,2.0,0,0,3,10,0,2014,0,98033,47.6826,-122.186,1880,11212
315000.0,3,2.5,2200,5954,2.0,0,0,3,7,0,2004,0,98042,47.3709,-122.125,2200,5046
279000.0,2,2.75,1770,10534,1.0,0,0,3,8,560,2003,0,98001,47.2773,-122.276,1600,17400
1850000.0,5,3.25,3680,6060,2.0,0,0,5,9,1050,1925,0,98112,47.6341,-122.304,3050,5850
335000.0,2,2.25,1420,1246,2.0,0,0,3,8,0,2007,0,98106,47.5394,-122.368,1420,1826
1110000.0,4,3.25,3520,19354,1.0,0,2,4,9,1510,1978,0,98006,47.5572,-122.147,2630,19354
295000.0,3,1.5,850,2500,1.0,0,0,3,7,0,1986,0,98106,47.5677,-122.36,850,5000
432000.0,3,1.75,1470,6250,1.0,0,3,4,7,400,1939,0,98155,47.7394,-122.288,2630,7050
139500.0,2,1.5,1230,1561,2.0,0,0,3,7,0,1983,0,98042,47.3768,-122.149,1660,2243
210000.0,3,1.0,1070,8179,1.0,0,0,3,6,0,1949,0,98146,47.5015,-122.349,1050,8177
445000.0,4,1.75,1250,7400,1.0,0,0,5,6,0,1959,0,98008,47.62,-122.12,990,7600
825000.0,2,1.0,1240,42247,1.0,0,1,4,7,0,1915,0,98056,47.5169,-122.201,1550,12459
419950.0,3,1.75,1770,16909,1.0,0,0,5,8,0,1977,0,98058,47.4458,-122.134,1960,9100
640000.0,3,2.25,1980,10115,1.0,0,0,3,8,0,1959,0,98005,47.6384,-122.174,2800,10143
224000.0,4,1.5,1600,9289,1.0,0,0,4,7,0,1959,0,98002,47.3107,-122.212,1540,9918
387000.0,2,1.5,1010,948,3.0,0,0,3,8,0,1999,0,98103,47.6529,-122.355,1330,1318
745000.0,5,3.0,2400,10126,2.0,0,3,3,8,0,1981,0,98126,47.5726,-122.373,2250,3946
324000.0,3,2.5,1920,5322,2.0,0,0,3,8,0,1999,0,98031,47.4095,-122.195,1920,5000
379000.0,4,1.5,1280,5460,1.5,0,0,5,7,200,1920,0,98118,47.5348,-122.268,1470,5934
469000.0,4,1.75,2960,11347,1.0,0,0,4,8,1390,1946,0,98166,47.4738,-122.353,1660,8911
210000.0,3,2.0,1440,10111,1.0,0,0,3,7,0,1963,0,98001,47.345,-122.283,1580,10200
269950.0,3,2.25,1610,7187,2.0,0,0,3,7,0,1988,0,98042,47.3764,-122.117,1640,7194
560000.0,3,3.5,2270,4088,2.0,0,0,3,8,390,1996,0,98136,47.5356,-122.384,1760,5425
425000.0,3,1.5,1300,19163,1.0,0,0,3,7,0,1964,0,98052,47.6686,-122.153,1590,9744
826000.0,3,1.5,1890,5000,1.5,0,0,3,9,0,1929,0,98109,47.6312,-122.353,2560,5000
550000.0,4,2.5,2470,7539,2.0,0,0,3,9,0,2006,0,98028,47.7407,-122.226,2580,7539
269950.0,3,2.5,1520,8720,1.0,0,0,3,7,440,1981,0,98058,47.4267,-122.157,1720,7551
615000.0,5,3.5,2950,7980,2.0,0,3,3,9,600,2005,0,98065,47.5339,-121.858,2950,7980
650000.0,2,1.5,1900,4450,1.0,0,0,5,7,400,1916,0,98144,47.5834,-122.293,2130,5000
350500.0,2,2.5,1770,4950,1.0,0,0,3,7,0,2003,0,98038,47.3497,-122.025,1770,4500
870000.0,4,4.25,3010,4887,2.0,0,3,4,10,1070,1951,1996,98115,47.6933,-122.272,2540,9375
475000.0,6,3.0,3470,117612,1.5,0,0,3,7,0,1924,0,98028,47.7663,-122.234,2120,17100
255000.0,4,1.75,960,8863,1.0,0,0,5,6,380,1949,0,98118,47.5372,-122.289,1720,8249
324950.0,3,1.5,1460,8710,1.0,0,0,3,7,0,1955,0,98166,47.4561,-122.357,1400,8645
272000.0,3,2.5,1980,6608,2.0,0,0,3,8,0,1994,0,98092,47.2642,-122.213,2150,7495
679000.0,4,2.5,3680,7236,2.0,0,0,3,10,0,2006,0,98038,47.3543,-122.005,3310,7180
975000.0,5,3.5,5470,35071,2.0,0,0,3,11,880,1976,0,98005,47.6368,-122.159,3600,35074
296000.0,3,1.75,1360,10742,1.0,0,0,5,7,400,1971,0,98058,47.4351,-122.173,1830,9000
355000.0,2,1.0,900,6656,1.0,0,0,3,7,0,1940,0,98126,47.5467,-122.377,1230,6400
1150000.0,3,1.75,1760,6788,2.0,1,4,3,7,0,1940,1960,98125,47.7336,-122.284,1630,7588
414000.0,3,2.5,2490,4540,2.5,0,0,3,8,0,2012,0,98059,47.5051,-122.155,2640,3844
875000.0,5,2.5,2530,8564,2.0,0,0,4,8,0,1976,0,98006,47.5622,-122.153,2480,8714
285000.0,3,2.5,1890,3629,2.0,0,0,3,7,0,2005,0,98038,47.3613,-122.041,1980,4000
850000.0,2,1.75,2170,25732,1.0,0,2,4,8,0,1952,0,98177,47.7542,-122.372,3020,23135
246000.0,4,1.5,2120,7110,1.5,0,0,3,6,0,1919,0,98030,47.3846,-122.227,1540,7110
136500.0,3,1.5,1420,8580,1.0,0,0,3,6,0,1962,0,98023,47.3076,-122.362,1200,8580
550000.0,4,3.5,3540,4750,2.0,0,0,3,10,0,2003,0,98055,47.473,-122.193,3310,5655
379000.0,2,1.0,930,5400,1.0,0,0,3,7,0,1952,0,98117,47.6971,-122.372,1050,5400
370000.0,4,2.75,2200,5207,1.0,0,0,5,7,1080,1951,0,98133,47.74,-122.343,1210,6008
365000.0,4,2.0,1940,25600,1.0,0,0,1,8,0,1962,0,98006,47.5722,-122.129,2000,10071
594000.0,4,1.75,2140,8000,1.0,0,0,4,8,730,1965,0,98007,47.622,-122.139,2080,8000
227000.0,4,1.0,1120,8763,1.0,0,0,3,6,0,1971,0,98146,47.508,-122.358,1120,8636
249000.0,3,1.5,1700,8247,1.0,0,0,3,7,690,1970,0,98031,47.4216,-122.174,1440,8400
240000.0,3,1.75,1520,9600,1.0,0,0,3,8,0,1966,0,98023,47.3263,-122.365,2060,9600
374950.0,4,2.75,2730,4683,2.0,0,0,3,7,0,2005,0,98038,47.3608,-122.043,2230,4924
950000.0,4,2.25,2770,5320,2.0,0,1,3,9,330,2013,0,98136,47.5283,-122.385,2100,6011
651100.0,4,2.5,2310,5526,2.0,0,0,3,9,0,2003,0,98074,47.6299,-122.02,2500,5769
378000.0,4,1.75,1990,23200,1.0,0,0,4,7,0,1976,0,98059,47.486,-122.129,1950,17040
417500.0,4,1.0,1390,10800,1.5,0,0,4,7,0,1941,0,98177,47.7248,-122.359,1390,9360
1105000.0,5,2.75,3300,7560,2.0,0,0,3,10,0,2007,0,98052,47.6467,-122.118,3150,8580
499950.0,4,2.25,2160,8817,1.0,0,0,3,7,700,1965,0,98133,47.7595,-122.356,1880,8817
247000.0,3,2.25,1580,7941,2.0,0,0,4,7,0,1986,0,98023,47.2843,-122.357,1730,8051
235000.0,3,2.0,1530,8700,1.0,0,0,4,7,0,1970,0,98055,47.4529,-122.207,1960,7600
337000.0,4,2.5,2230,5970,2.0,0,0,4,7,0,2002,0,98042,47.3745,-122.131,1970,4919
502000.0,4,1.5,1700,8400,1.0,0,0,3,7,0,1953,0,98177,47.7677,-122.359,1750,8475
425000.0,4,1.75,1820,6000,1.0,0,0,3,7,890,1942,0,98115,47.6872,-122.296,1590,6000
1925000.0,4,3.75,3600,16101,1.0,0,0,3,9,0,1951,0,98112,47.6308,-122.287,3650,9506
382000.0,4,3.5,2530,3000,2.0,0,0,3,8,680,2014,0,98146,47.4919,-122.336,1470,6000
1195000.0,5,3.25,5180,19606,1.0,0,0,3,11,2570,1993,0,98006,47.555,-122.114,4050,15296
580000.0,3,2.5,3200,18750,1.0,0,0,2,9,540,1967,1996,98027,47.5717,-122.12,3200,22475
460000.0,3,2.0,1600,7350,1.0,0,0,4,7,0,1979,0,98052,47.6977,-122.126,1600,7200
290900.0,2,2.0,1610,17600,2.0,0,0,3,6,0,1930,1983,98178,47.4855,-122.266,1310,12950
462500.0,2,2.0,1540,7290,2.0,0,0,3,7,0,1948,1983,98136,47.551,-122.395,1540,7072
305000.0,3,1.5,1480,9086,1.0,0,0,3,7,0,1962,0,98168,47.4717,-122.323,1540,9750
170000.0,3,1.0,790,6750,1.0,0,0,2,6,0,1944,0,98178,47.4984,-122.24,960,6298
419000.0,3,2.25,1700,7650,1.0,0,0,4,7,360,1975,0,98034,47.7214,-122.166,1980,7200
279900.0,3,1.75,1580,8151,1.0,0,1,4,7,480,1962,0,98198,47.3672,-122.312,1650,8151
802945.0,5,3.5,4000,9234,2.0,0,0,3,9,0,2015,0,98024,47.5265,-121.887,3690,6600
445000.0,3,1.75,2110,4800,1.0,0,0,3,8,900,1956,0,98108,47.567,-122.318,1660,4800
240000.0,3,1.0,1690,20063,1.5,0,0,4,7,0,1913,0,98001,47.3556,-122.294,1700,15899
549950.0,4,3.5,3906,9674,2.0,0,2,3,9,0,2014,0,98001,47.2931,-122.264,2673,6500
505000.0,3,2.5,1610,4611,2.0,0,0,3,8,0,1996,0,98029,47.5678,-122.004,1730,4461
385000.0,3,1.0,1250,21303,1.0,0,0,3,6,0,1970,0,98053,47.6625,-122.059,1250,17920
328000.0,3,1.75,1440,45302,2.0,0,0,3,7,0,1977,0,98019,47.7078,-121.915,2080,49658
287000.0,3,2.5,1820,8722,1.5,0,0,3,7,0,1926,2008,98022,47.2137,-121.989,1480,12285
304950.0,3,1.75,1350,9000,1.0,0,0,3,7,0,1987,0,98045,47.4487,-121.773,1370,9500
635000.0,3,2.25,2680,175982,1.0,0,0,3,9,0,2004,0,98038,47.4487,-122.033,3170,215186
933399.0,3,2.5,3940,10360,2.0,0,0,3,9,830,1992,0,98052,47.6468,-122.116,2720,11941
350000.0,4,2.75,2300,3175,1.5,0,0,3,6,960,1966,0,98144,47.5732,-122.305,1260,3175
564500.0,4,2.75,3100,14568,2.0,0,0,3,8,0,1995,0,98019,47.7302,-121.974,2860,14396
229050.0,1,1.0,420,3298,1.0,0,0,4,4,0,1949,0,98136,47.5375,-122.391,1460,4975
319000.0,4,3.25,2360,8344,2.0,0,0,3,8,0,1990,0,98058,47.4403,-122.126,1860,8410
580000.0,2,1.0,2540,7000,1.0,0,0,5,8,1220,1942,0,98118,47.5259,-122.261,2160,6000
335950.0,2,1.5,800,5192,1.0,0,0,5,7,0,1951,0,98146,47.5119,-122.386,1190,5320
577000.0,2,1.75,1620,4879,1.0,0,0,3,7,580,1924,2011,98116,47.5703,-122.385,1500,5000
405000.0,3,1.0,1250,7280,1.0,0,0,3,7,0,1975,0,98052,47.6986,-122.129,1690,7280
560000.0,5,1.0,1710,9100,1.5,0,0,4,7,390,1926,0,98126,47.5379,-122.378,1880,9100
368500.0,5,2.75,2530,7601,1.0,0,0,3,7,1010,1992,0,98188,47.4683,-122.263,2400,7776
690000.0,4,2.5,2920,9904,2.0,0,0,4,9,0,1990,0,98029,47.5759,-121.995,1810,5617
460000.0,4,1.75,1750,5500,1.5,0,0,5,7,700,1926,0,98117,47.6802,-122.388,1640,5500
322500.0,3,1.0,1020,13504,1.0,0,0,5,7,0,1959,0,98056,47.5121,-122.17,1110,11158
810000.0,4,2.5,2810,10613,2.0,0,0,3,9,0,1989,0,98006,47.5424,-122.141,2800,9933
601000.0,4,3.5,2160,3600,2.0,0,0,3,8,500,1998,0,98122,47.6103,-122.297,1230,3840
305000.0,2,1.75,1120,758,2.0,0,0,3,7,0,2012,0,98027,47.5325,-122.072,1150,758
226000.0,3,1.75,1490,6269,1.0,0,0,4,6,500,1944,0,98056,47.4917,-122.188,1490,7722
445000.0,3,3.0,1970,24318,1.0,0,0,3,8,0,2010,0,98028,47.7651,-122.246,2150,14695
790000.0,4,1.75,2050,10920,1.0,0,3,3,8,600,1974,0,98155,47.7431,-122.286,2440,10920
310000.0,3,2.25,1960,2345,2.0,0,0,3,7,210,2003,0,98118,47.5419,-122.288,1760,1958
217000.0,2,1.0,770,9715,1.0,0,0,4,6,0,1942,0,98168,47.4924,-122.312,1140,9715
2385000.0,4,4.0,6330,13296,2.0,0,2,3,13,1430,2000,0,98033,47.6488,-122.201,2200,9196
1975000.0,6,4.5,4800,9097,2.0,0,0,3,10,1220,2007,0,98112,47.6259,-122.291,2180,6037
1615000.0,4,3.25,4250,12281,2.0,0,4,3,12,1230,1996,0,98006,47.5507,-122.113,4940,12941
345000.0,3,2.25,2670,37089,2.0,0,0,3,9,0,1990,0,98042,47.3347,-122.077,2290,36284
177500.0,3,1.5,1220,6000,1.0,0,0,3,7,0,1968,0,98055,47.4904,-122.222,1660,6000
405000.0,2,1.0,720,4323,1.0,0,0,3,6,0,1942,0,98199,47.6604,-122.401,1460,3300
380000.0,3,3.25,2090,51212,1.0,0,0,3,8,580,1989,0,98092,47.3097,-122.099,2690,40820
266200.0,3,1.5,1430,9600,1.0,0,0,4,7,0,1966,0,98059,47.4737,-122.15,1590,10240
580000.0,3,1.5,1860,7190,2.0,0,1,5,7,0,1952,0,98177,47.7716,-122.392,1670,5525
410000.0,4,2.5,2070,6180,2.0,0,0,3,8,0,2007,0,98056,47.4915,-122.183,1250,6018
587500.0,4,1.75,2500,20868,1.0,0,2,3,8,900,1956,0,98166,47.431,-122.338,2170,15026
421500.0,4,3.0,2793,5703,2.0,0,0,3,9,0,2009,0,98030,47.3682,-122.178,2793,5704
379000.0,3,2.5,1580,3075,2.0,0,0,3,8,0,2013,0,98126,47.545,-122.368,1710,2934
815000.0,3,2.5,2790,53143,2.0,0,0,4,9,0,1991,0,98077,47.7687,-122.036,2740,47916
350000.0,3,1.75,1660,10150,1.5,0,0,3,7,0,1957,0,98133,47.7512,-122.342,1640,8906
1190000.0,4,2.5,3160,13194,2.0,0,0,5,10,0,1965,0,98040,47.5472,-122.233,3490,13194
1650000.0,4,2.75,3190,14904,1.0,0,3,4,9,1250,1949,1992,98004,47.6178,-122.214,2600,11195
580000.0,3,2.5,1980,1873,2.0,0,0,3,7,510,1996,0,98107,47.6659,-122.369,1500,1873
907000.0,3,1.5,1340,6000,1.5,0,1,3,9,0,1927,0,98105,47.66,-122.282,2600,6000
240000.0,3,1.0,1230,2353,1.5,0,0,4,6,0,1925,0,98106,47.5177,-122.354,1280,1572
257000.0,3,1.75,1800,9000,1.0,0,0,3,7,600,1961,0,98178,47.4932,-122.278,980,6000
500000.0,3,3.25,1520,1500,3.0,0,0,3,7,0,2000,0,98107,47.67,-122.389,1520,1323
518000.0,4,2.5,2830,13760,2.0,0,0,3,8,0,1993,0,98019,47.7334,-121.97,2350,14029
400000.0,4,1.75,1810,9750,2.0,0,0,4,7,0,1977,0,98155,47.7681,-122.311,1570,10000
1225000.0,4,2.25,3490,6906,2.0,0,0,4,10,1210,1928,0,98199,47.6424,-122.407,2540,6223
540000.0,3,2.0,1580,1972,2.5,0,2,3,8,400,2007,0,98116,47.5903,-122.386,1500,1908
818500.0,5,3.5,4790,12957,2.0,0,1,3,9,1680,2005,0,98006,47.5469,-122.194,2620,13538
395000.0,3,2.0,1500,2506,1.0,0,0,3,7,630,2003,0,98144,47.5962,-122.301,1500,4662
415000.0,3,1.5,1220,835,1.5,0,0,4,6,0,1950,0,98103,47.6981,-122.341,1360,1251
335000.0,3,1.75,2390,30409,1.0,0,0,3,7,830,1953,0,98168,47.4789,-122.296,1750,13500
1065000.0,2,1.75,1890,9466,2.0,0,0,3,8,0,1987,0,98004,47.6144,-122.211,2180,12825
880000.0,4,2.75,3220,4392,1.5,0,0,4,9,900,1931,0,98105,47.6713,-122.276,2310,5795
472000.0,5,2.25,1780,7245,1.0,0,0,4,8,450,1976,0,98052,47.6946,-122.12,1780,7653
220000.0,4,1.75,2020,7840,1.0,0,0,3,7,1010,1968,0,98003,47.3309,-122.299,1750,8140
300000.0,3,2.25,2000,7560,1.0,0,0,3,7,600,1979,0,98055,47.4798,-122.228,2040,6949
1008000.0,3,2.5,2240,41339,1.0,0,0,4,9,0,1945,1992,98005,47.6483,-122.163,2900,45738
280000.0,3,2.5,1370,22326,2.0,0,0,3,7,0,1993,0,98045,47.4469,-121.775,1580,10920
280000.0,3,2.25,1430,7222,2.0,0,0,3,7,0,1993,0,98056,47.5112,-122.19,1430,7220
430000.0,2,1.75,1350,4003,1.0,0,0,3,8,0,2004,0,98053,47.7176,-122.033,1350,4479
580000.0,3,2.25,1900,3960,1.5,0,0,3,8,700,1905,0,98122,47.6122,-122.298,1310,3960
479000.0,4,2.5,2050,6705,1.0,0,0,4,7,820,1973,0,98034,47.7242,-122.217,1610,7292
572500.0,3,2.25,2030,9791,1.0,0,0,4,8,530,1984,0,98059,47.534,-122.161,2030,11031
82500.0,2,1.0,520,22334,1.0,0,0,2,5,0,1951,0,98168,47.4799,-122.296,1572,10570
450000.0,2,1.0,1180,6000,1.0,0,0,3,7,0,1910,0,98119,47.6531,-122.373,1600,6000
260000.0,3,1.5,1320,9750,1.0,0,0,3,7,0,1954,0,98148,47.4267,-122.331,1530,9750
425000.0,4,2.5,2070,4427,2.0,0,0,3,7,0,2007,0,98065,47.5208,-121.869,2070,4556
675000.0,4,2.5,2370,9679,2.0,0,0,3,8,0,1984,0,98027,47.5631,-122.085,2290,7944
255900.0,3,2.5,1489,3266,2.0,0,0,3,7,0,2014,0,98002,47.3452,-122.217,1537,3273
375000.0,5,1.75,2230,7560,1.0,0,0,3,7,1000,1959,0,98178,47.5055,-122.26,1380,6570
290500.0,4,2.5,1680,3000,2.0,0,0,3,7,0,2003,0,98178,47.494,-122.279,1420,5500
350000.0,4,1.0,1170,8147,1.5,0,0,3,6,0,1959,0,98125,47.7281,-122.289,1260,8147
1081000.0,4,2.25,2100,12172,1.0,0,0,5,9,0,1961,0,98040,47.5458,-122.227,2400,10713
240000.0,3,1.5,1290,8366,1.0,0,0,3,7,270,1957,0,98168,47.4853,-122.318,1770,8400
206000.0,3,1.0,1320,7000,1.0,0,0,4,7,0,1967,0,98002,47.2787,-122.205,1260,7455
469900.0,4,2.5,2990,8913,2.0,0,0,4,9,0,1991,0,98058,47.4353,-122.159,2740,8030
469000.0,3,2.25,1440,1362,3.0,0,0,3,7,0,2014,0,98117,47.6908,-122.365,1180,2603
620000.0,4,2.5,2720,34498,1.0,0,0,5,7,1360,1966,0,98075,47.5832,-122.02,1920,22474
466000.0,3,1.75,1680,9460,1.0,0,0,4,7,0,1959,0,98006,47.5525,-122.182,1690,9448
423500.0,3,2.25,1890,7498,1.0,0,0,3,7,700,1987,0,98125,47.73,-122.297,1660,8100
367000.0,4,2.5,2350,8182,2.0,0,0,3,8,0,1997,0,98042,47.3697,-122.106,2330,7000
981000.0,4,2.5,2110,10100,1.0,0,2,3,8,0,1968,2005,98006,47.567,-122.151,2230,10100
355000.0,3,1.75,1120,7740,1.0,0,0,4,6,260,1948,0,98125,47.7107,-122.291,1240,7740
421000.0,4,2.25,1310,8400,1.0,0,0,4,7,0,1966,0,98034,47.7317,-122.181,1600,8400
459000.0,4,2.0,2360,7080,1.0,0,0,5,6,1180,1925,0,98126,47.5261,-122.376,1340,7200
1115000.0,3,2.5,4530,22873,2.0,0,2,5,8,1310,1912,0,98166,47.4567,-122.369,3100,18210
549010.0,2,1.75,1560,4141,1.0,0,0,4,7,680,1942,0,98117,47.6863,-122.382,1210,4141
238000.0,4,1.75,1650,6900,1.0,0,0,3,7,740,1978,1993,98002,47.2802,-122.211,1540,7645
205000.0,2,1.0,720,5040,1.0,0,0,3,6,0,1955,0,98106,47.5267,-122.36,1357,5120
920000.0,3,1.0,1410,9656,1.0,0,0,3,7,450,1953,0,98004,47.6354,-122.208,2410,9384
895000.0,4,2.0,1710,4178,1.5,0,0,4,8,0,1926,0,98112,47.6373,-122.3,1760,4178
375000.0,3,2.25,1330,8004,2.0,0,0,3,7,0,1985,0,98034,47.7098,-122.217,1300,7971
467500.0,2,1.75,1490,4800,1.0,0,0,4,7,740,1918,0,98136,47.5496,-122.391,1400,6000
1200000.0,4,2.5,2700,4275,2.0,0,0,3,9,0,2004,0,98115,47.6725,-122.327,1810,4500
318000.0,3,2.25,1410,8909,2.0,0,2,3,7,0,1988,0,98198,47.3983,-122.31,2050,8909
460000.0,2,1.5,1090,4000,1.0,0,0,3,8,120,1951,0,98116,47.5798,-122.393,1700,4000
213800.0,2,1.0,740,5200,1.0,0,0,4,5,0,1952,0,98056,47.4934,-122.173,750,5200
594491.0,4,2.5,2990,6037,2.0,0,0,3,9,0,2013,0,98045,47.4766,-121.735,2990,5992
799000.0,4,2.75,2390,6820,2.0,0,0,4,7,250,1945,0,98115,47.6788,-122.27,1980,6820
489000.0,2,1.0,850,2850,1.0,0,0,4,7,0,1927,0,98115,47.6875,-122.309,1450,4015
365000.0,2,1.0,680,2550,1.0,0,0,4,5,0,1901,0,98117,47.6767,-122.388,1120,5100
156000.0,2,1.0,920,5889,1.0,0,0,4,6,0,1950,0,98002,47.3012,-122.218,1210,6180
1795000.0,5,3.25,5270,17232,2.0,0,1,3,10,1260,1977,2003,98040,47.5536,-122.228,3550,13917
120000.0,3,1.0,1150,8924,1.0,0,0,3,6,0,1943,0,98030,47.3865,-122.217,1492,8924
580500.0,3,2.5,2320,3980,2.0,0,0,3,8,0,2003,0,98027,47.5391,-122.07,2580,3980
288250.0,3,1.75,2110,15400,1.0,0,0,3,7,730,1963,0,98178,47.4861,-122.226,2110,9800
265000.0,3,2.5,1890,6088,2.0,0,0,3,7,0,1996,0,98002,47.2886,-122.218,1700,6600
418500.0,4,2.5,2190,4866,2.0,0,0,3,7,0,2009,0,98059,47.4907,-122.152,2190,5670
349950.0,3,1.0,1400,7066,1.0,0,0,3,8,0,1957,0,98125,47.7127,-122.325,1400,7320
1190000.0,3,3.5,3380,3333,3.0,0,0,3,10,580,2008,0,98122,47.6162,-122.288,2790,5000
606000.0,3,2.5,2200,6005,2.0,0,0,3,9,0,1997,0,98072,47.7408,-122.169,2320,6098
753888.0,4,2.5,2660,5500,2.0,0,2,3,9,0,2003,0,98029,47.5439,-121.996,3620,5500
560000.0,3,2.5,2070,12708,2.0,0,0,3,8,0,1996,0,98056,47.5295,-122.18,2620,9617
495000.0,3,2.75,2430,14861,1.0,0,0,3,9,900,1988,0,98028,47.7461,-122.247,2230,10300
215000.0,3,1.0,1260,7897,1.0,0,0,3,7,0,1979,0,98022,47.1946,-122.003,1560,8285
350000.0,3,2.5,2730,7372,2.0,0,0,3,9,0,1998,0,98023,47.2831,-122.346,2710,8343
243000.0,3,1.75,1790,12000,1.0,0,0,3,7,750,1960,0,98198,47.3945,-122.313,1840,12000
287000.0,3,1.75,1940,9000,1.0,0,0,3,7,650,1965,0,98055,47.4361,-122.189,1900,9120
227500.0,3,1.0,1150,8848,1.0,0,0,3,7,0,1968,0,98042,47.3626,-122.111,1220,9576
437000.0,3,1.75,2220,17568,1.0,0,0,4,8,0,1967,0,98072,47.749,-122.083,2070,11745
868000.0,4,2.5,2020,4350,2.0,0,0,5,9,290,1943,0,98199,47.6503,-122.41,1620,5800
343000.0,3,3.5,1130,1449,3.0,0,0,3,7,0,2005,0,98103,47.6968,-122.348,1130,1200
995000.0,5,3.25,3970,8029,2.0,0,2,3,9,1000,1979,0,98177,47.7764,-122.385,2520,8214
535000.0,3,2.5,1850,10109,2.0,0,0,3,8,0,1991,0,98034,47.7163,-122.229,1780,9660
275000.0,3,2.5,1480,15639,2.0,0,0,3,8,0,1987,0,98045,47.4723,-121.746,1480,16454
221000.0,3,2.25,1640,7350,1.0,0,0,3,7,500,1984,0,98003,47.2625,-122.3,1480,8041
650000.0,3,2.5,2500,51836,1.0,0,0,3,9,990,2013,0,98027,47.4694,-121.989,2270,54450
379000.0,4,1.5,2020,7560,1.0,0,0,4,7,0,1960,0,98059,47.502,-122.146,1410,8080
226450.0,3,1.75,1730,7200,1.5,0,0,4,6,0,1944,0,98032,47.3774,-122.236,860,7200
700000.0,3,3.5,3030,11550,2.0,0,2,3,8,0,1971,2011,98146,47.5051,-122.381,2340,10560
905000.0,4,3.0,3370,47959,2.0,0,0,4,10,0,1981,0,98072,47.733,-122.129,3370,38896
485230.0,4,2.5,2714,12558,2.0,0,0,3,9,0,2014,0,98031,47.3522,-122.201,2873,8269
175000.0,2,1.0,1410,7000,1.0,0,0,3,7,0,1968,0,98055,47.4908,-122.223,1540,6000
712000.0,3,1.0,1250,4620,1.5,0,0,4,7,100,1900,0,98103,47.651,-122.341,1900,4400
455000.0,2,1.5,1020,1146,3.0,0,0,3,7,0,2001,0,98115,47.6774,-122.325,1138,1156
242000.0,3,1.75,1580,6099,1.0,0,0,5,7,790,1944,0,98168,47.4807,-122.29,1330,6099
205000.0,5,1.75,1730,5200,1.0,0,0,4,7,680,1978,0,98042,47.3628,-122.089,1350,5200
540000.0,5,3.0,2570,5590,1.0,0,0,3,8,990,2009,0,98034,47.7271,-122.228,2020,10500
1400000.0,4,3.25,2980,7000,2.0,0,3,3,10,840,1900,2014,98144,47.5933,-122.292,2200,4800
542000.0,2,1.0,890,3060,1.0,0,0,3,7,120,1910,0,98105,47.6663,-122.326,1760,4080
462600.0,3,1.75,1430,11761,1.0,0,0,4,8,0,1964,0,98052,47.6686,-122.157,2040,10035
550000.0,4,2.5,1940,10500,1.0,0,0,4,7,800,1976,0,98052,47.683,-122.114,2200,10500
1150000.0,4,3.5,4540,19767,2.0,0,0,3,11,340,1998,0,98006,47.5445,-122.137,3990,12881
250000.0,5,1.5,2520,5753,1.5,0,0,4,7,1010,1928,0,98022,47.2058,-121.997,1620,6875
430000.0,5,3.0,3880,8432,2.0,0,0,3,7,0,2004,0,98056,47.4806,-122.176,2620,5623
270000.0,3,2.25,2100,14027,2.0,0,0,3,8,0,1979,0,98042,47.3833,-122.1,2730,5999
425000.0,3,1.75,1380,8182,1.0,0,0,5,7,0,1942,0,98133,47.7513,-122.349,1300,8188
750000.0,3,2.25,2250,5301,2.0,0,0,4,8,740,1975,0,98115,47.6741,-122.271,2240,7200
256500.0,5,2.5,1960,7350,1.0,0,0,4,7,600,1969,0,98058,47.4368,-122.165,1900,7350
1160000.0,4,2.5,3860,10361,2.0,0,2,4,10,920,1985,0,98006,47.5517,-122.147,3720,13155
966000.0,5,4.5,3810,8019,2.0,0,0,3,10,0,2008,0,98074,47.5915,-122.058,3390,7713
213500.0,3,1.5,1150,11571,1.0,0,0,3,7,0,1961,0,98168,47.4931,-122.298,1630,11571
310000.0,7,1.5,2660,15111,1.5,0,0,4,7,0,1962,0,98059,47.4644,-122.066,1710,15429
250000.0,3,1.0,1130,7800,1.0,0,0,3,7,0,1952,0,98118,47.5239,-122.288,1170,7800
1200000.0,4,2.5,3350,11688,1.0,0,2,3,10,1590,1995,0,98006,47.5507,-122.133,4240,10804
410000.0,3,1.75,1440,8560,1.0,0,0,4,7,0,1979,0,98034,47.7296,-122.232,1460,7560
333500.0,3,1.75,1220,9732,1.0,0,0,3,7,0,1965,0,98011,47.7736,-122.214,1630,10007
890000.0,5,3.25,4100,7578,2.0,0,2,3,10,0,2011,0,98075,47.5955,-121.974,3710,8156
577500.0,2,2.5,2330,3000,2.0,0,3,3,8,0,1915,1994,98144,47.5953,-122.294,1760,4000
435000.0,3,1.0,940,7590,1.0,0,0,4,6,0,1959,0,98008,47.6231,-122.12,1250,7590
407193.0,4,2.0,1880,14653,2.0,0,0,3,8,0,1978,0,98014,47.6959,-121.921,1750,14858
885000.0,4,2.25,4470,86225,2.0,0,0,3,10,0,1991,0,98053,47.6377,-121.985,3850,97049
320000.0,4,2.5,3490,5000,2.0,0,0,3,8,0,2003,0,98042,47.3772,-122.127,2910,5025
420000.0,3,2.5,1470,1571,2.0,0,0,3,8,290,2007,0,98116,47.5722,-122.387,1580,4329
910000.0,3,2.25,2180,9865,1.0,0,0,4,8,520,1966,0,98040,47.5358,-122.235,2600,10034
898000.0,5,1.5,2680,28014,1.0,0,0,4,8,1230,1963,0,98004,47.6348,-122.196,2900,22180
315500.0,3,2.0,1160,10079,1.0,0,0,3,7,0,1986,0,98019,47.7341,-121.976,1130,10087
199950.0,5,2.5,1740,8750,1.0,0,0,4,7,0,1959,0,98198,47.3904,-122.299,1740,8750
194000.0,3,1.0,1400,7955,1.0,0,0,3,7,0,1964,0,98055,47.4848,-122.221,1160,14959
309950.0,3,2.5,1880,7838,2.0,0,0,3,7,0,1994,0,98055,47.4439,-122.19,1810,7915
325000.0,3,2.25,2480,8755,2.0,0,0,3,8,0,1979,0,98058,47.4543,-122.125,2280,9940
665000.0,4,3.0,2160,4400,1.0,0,0,5,7,840,1921,0,98122,47.6163,-122.293,1430,4400
685000.0,6,2.25,2770,5854,1.5,0,0,3,8,650,1921,0,98112,47.6466,-122.304,2300,5450
605000.0,4,2.5,2430,11870,1.0,0,0,5,8,840,1968,0,98155,47.7761,-122.285,2430,9600
570500.0,2,1.0,1380,1800,2.0,0,0,3,7,300,1954,0,98119,47.6416,-122.361,1600,3600
365000.0,2,1.5,1200,6380,1.0,0,0,3,7,0,1929,0,98115,47.697,-122.319,1290,6598
478000.0,3,3.25,1430,1348,2.0,0,0,3,8,270,2008,0,98107,47.6743,-122.374,1160,1265
1011000.0,3,2.5,1920,4480,2.0,0,1,3,9,0,1949,1997,98119,47.6472,-122.373,1790,4500
430000.0,3,1.75,1440,4025,1.0,0,0,4,6,720,1917,0,98126,47.567,-122.38,1500,5750
632000.0,6,2.5,2560,8320,1.0,0,0,3,7,1190,1961,0,98125,47.7021,-122.287,2360,7800
183000.0,3,1.0,870,5200,1.0,0,0,5,6,0,1969,0,98042,47.3702,-122.078,870,5200
320000.0,3,2.25,1580,6561,1.0,0,0,3,8,380,1981,0,98058,47.4394,-122.14,1710,7241
962800.0,4,2.75,3630,11775,2.0,0,0,3,10,0,1999,0,98074,47.6378,-122.066,3800,12451
361600.0,2,1.0,760,6380,1.0,0,0,3,6,0,1941,0,98115,47.6914,-122.31,1590,6380
1131000.0,3,2.25,2790,13791,1.0,0,3,3,8,0,2006,0,98166,47.4389,-122.351,2720,12600
485000.0,4,1.0,1150,2560,1.5,0,0,3,7,0,1909,0,98109,47.6368,-122.355,1890,3000
939000.0,4,2.25,2240,9684,2.0,0,0,4,9,0,1970,0,98040,47.5489,-122.225,2440,9618
525000.0,4,2.5,2910,7631,2.0,0,2,3,9,0,2006,0,98038,47.3552,-122.001,3190,5552
260000.0,3,1.0,1480,7469,1.5,0,0,3,6,360,1940,0,98168,47.5048,-122.301,1460,7379
410000.0,4,2.0,1900,5100,1.0,0,0,3,6,950,1914,1973,98117,47.6767,-122.38,1230,5100
720000.0,4,2.75,3370,7634,1.0,0,2,5,8,1260,1977,0,98056,47.5259,-122.204,2460,7634
379950.0,3,1.75,2040,12065,1.0,0,0,3,8,0,1987,0,98038,47.3756,-122.044,2010,11717
638150.0,4,2.5,2170,7275,1.0,0,0,3,8,350,1978,0,98027,47.5672,-122.09,2390,7275
809000.0,4,1.75,1790,8372,1.0,0,0,4,8,450,1976,0,98033,47.6605,-122.189,2180,10500
383000.0,4,2.5,2050,4953,2.0,0,0,3,9,0,2014,0,98038,47.3448,-122.024,2340,6175
1180500.0,3,1.75,1610,7200,1.0,0,0,3,8,520,1973,0,98112,47.6279,-122.287,3790,7200
237100.0,3,1.75,1360,9603,1.0,0,0,3,7,0,1963,0,98198,47.3959,-122.309,2240,10605
255000.0,3,1.0,1170,7395,1.0,0,0,4,7,0,1969,0,98055,47.4627,-122.19,1430,7920
525000.0,3,2.5,2030,6970,2.0,0,0,4,8,0,1991,0,98029,47.5718,-121.999,2000,6140
1350000.0,4,3.5,3500,9525,2.0,0,0,3,10,0,1999,0,98040,47.5641,-122.221,2630,9525
381000.0,3,1.75,1800,6000,1.0,0,0,5,6,900,1950,0,98155,47.7505,-122.317,1060,6628
435000.0,3,1.5,1180,1231,3.0,0,0,3,7,0,2008,0,98115,47.6845,-122.315,1280,3360
475000.0,3,3.0,2010,2554,2.0,0,0,3,7,150,2001,0,98118,47.5525,-122.269,1370,5100
631750.0,3,1.75,2360,4063,1.0,0,0,5,7,1180,1940,0,98117,47.6902,-122.382,1660,4063
655000.0,4,2.75,2890,46609,2.0,0,0,4,9,0,1981,0,98077,47.7454,-122.061,2880,68824
820000.0,3,2.5,2950,35108,1.5,0,0,3,10,0,1995,0,98077,47.7316,-122.035,3810,35181
540000.0,4,2.5,3000,5471,2.0,0,0,3,8,0,2013,0,98059,47.4797,-122.126,2730,5471
424950.0,4,2.5,2480,8563,2.0,0,0,3,8,0,1992,0,98038,47.381,-122.033,2460,8660
875000.0,4,2.5,3600,21794,2.0,0,0,4,11,0,1990,0,98077,47.7121,-122.072,3410,19864
290000.0,3,1.0,1480,32700,1.0,0,0,4,6,100,1942,0,98168,47.4949,-122.327,1500,22600
353000.0,3,2.0,1678,13862,1.0,0,0,3,7,0,1994,0,98030,47.3744,-122.19,1550,11753
240000.0,2,1.0,870,8400,1.0,0,0,3,7,0,1960,0,98188,47.4493,-122.282,1070,12465
374150.0,3,1.75,1390,9585,1.0,0,0,4,7,0,1973,0,98133,47.752,-122.35,1240,8188
379900.0,2,1.5,1140,7620,1.0,0,0,4,6,0,1925,0,98106,47.5277,-122.351,1300,7620
303500.0,6,4.5,3390,7200,2.0,0,0,3,8,950,2007,0,98118,47.5205,-122.288,2040,7214
390000.0,5,3.75,2890,5000,1.0,0,0,3,7,1580,2006,0,98108,47.5701,-122.296,1930,5117
487585.0,4,1.75,2010,9211,1.0,0,0,3,7,540,1977,0,98034,47.7206,-122.171,1840,8500
257500.0,3,1.0,1690,13825,1.0,0,0,3,7,480,1955,0,98148,47.4256,-122.322,1190,9450
260000.0,3,1.75,2170,10018,1.0,0,0,4,7,540,1978,0,98001,47.3087,-122.264,2049,15263
398000.0,3,1.0,1480,6550,1.5,0,0,4,6,0,1925,0,98126,47.5498,-122.381,1200,6550
510000.0,4,2.5,3180,5405,2.0,0,0,3,7,0,2001,0,98059,47.4905,-122.14,2610,5403
459000.0,3,3.0,2440,2076,2.0,0,0,3,8,510,2006,0,98126,47.5476,-122.37,2440,2310
780000.0,5,2.5,1660,4000,1.5,0,0,5,8,0,1929,0,98109,47.6452,-122.352,1210,4000
441500.0,2,1.75,1010,4000,1.5,0,0,5,7,0,1919,0,98105,47.6665,-122.287,1470,4000
557500.0,3,3.5,3350,5025,2.0,0,2,3,8,680,2014,0,98144,47.5699,-122.296,2030,5117
657500.0,4,1.5,1910,5000,1.5,0,0,3,7,300,1912,0,98105,47.6597,-122.29,2170,5000
440000.0,4,1.5,1770,5750,2.0,0,0,3,7,0,1947,0,98116,47.5621,-122.394,970,5750
375000.0,3,1.0,1960,7955,1.0,0,0,4,7,700,1963,0,98177,47.7641,-122.364,1850,8219
470000.0,5,3.75,3860,6901,2.0,0,0,3,7,0,2003,0,98038,47.3694,-122.032,3000,8584
290000.0,3,1.0,960,4560,1.0,0,0,4,7,0,1968,0,98106,47.5539,-122.365,970,4800
221000.0,3,2.5,1320,1780,2.0,0,0,3,7,440,2005,0,98118,47.528,-122.269,3040,6000
490000.0,3,2.5,1890,10190,2.0,0,0,3,8,0,1986,0,98074,47.6478,-122.061,2080,9794
640000.0,3,1.75,2340,4206,1.0,0,0,5,7,1170,1917,0,98144,47.5759,-122.288,1360,4725
882990.0,4,3.5,3560,6562,2.0,0,0,3,10,0,2014,0,98075,47.5929,-121.974,3710,6562
315000.0,3,2.5,1880,7000,2.0,0,0,3,8,0,1993,0,98031,47.4206,-122.184,1880,7000
272000.0,3,1.0,1130,8100,1.5,0,0,3,6,0,1934,0,98168,47.4935,-122.306,1080,8100
365000.0,4,2.5,1570,9600,1.0,0,0,3,7,770,1972,0,98155,47.7757,-122.303,1340,9110
367400.0,4,1.5,1280,7400,1.0,0,0,3,7,0,1958,0,98008,47.6023,-122.123,1310,7400
460000.0,3,2.25,2350,10450,1.0,0,0,3,8,960,1977,0,98028,47.7433,-122.259,2250,10450
139000.0,4,1.5,1410,10648,1.0,0,0,4,7,0,1966,0,98030,47.3736,-122.188,1410,10522
571500.0,4,2.75,2180,5799,2.0,0,0,4,8,0,1993,0,98029,47.5702,-121.995,2060,6061
900000.0,8,4.0,4020,7500,1.0,0,0,3,8,2010,1968,0,98107,47.6732,-122.363,1560,3737
665000.0,6,3.0,2480,9720,2.0,0,0,3,8,0,1972,0,98007,47.6127,-122.145,2480,9200
270000.0,4,1.0,1430,5909,1.0,0,0,3,6,360,1947,0,98155,47.7623,-122.313,1460,8433
590000.0,3,1.75,1560,242629,1.0,0,0,3,7,0,1981,0,98053,47.6493,-121.956,2320,220654
360000.0,3,1.75,1830,10000,2.0,0,0,4,7,0,1913,1964,98019,47.741,-121.979,1480,10000
805500.0,3,1.0,1440,10330,1.0,0,0,4,7,0,1952,0,98004,47.6245,-122.193,2080,10327
594950.0,4,3.25,2557,9480,2.0,0,2,3,7,0,1948,1993,98118,47.5449,-122.262,2220,8340
605000.0,3,2.5,3200,35012,1.5,0,0,3,8,1100,1965,0,98027,47.4651,-121.993,2690,35100
551000.0,3,2.5,2830,5802,2.0,0,0,3,9,0,2001,0,98028,47.7605,-122.234,2500,5788
459000.0,3,1.5,1160,1031,3.0,0,0,3,8,0,2008,0,98103,47.6538,-122.357,1268,1688
985000.0,4,3.25,4030,36762,2.0,0,0,3,11,0,1988,0,98077,47.7235,-122.039,4090,40371
678940.0,5,2.25,2610,4080,2.0,0,0,5,7,860,1909,0,98115,47.6757,-122.309,2160,4080
680000.0,8,2.75,2530,4800,2.0,0,0,4,7,1140,1901,0,98112,47.6241,-122.305,1540,4800
175000.0,2,1.0,700,8174,1.0,0,0,3,5,0,1941,0,98146,47.5136,-122.349,1250,8046
325000.0,2,1.0,1400,10800,1.0,0,0,4,7,0,1974,0,98011,47.7726,-122.21,1560,11280
801000.0,4,3.5,3290,8059,2.0,0,0,3,9,0,2012,0,98029,47.5573,-122.02,3290,10758
855000.0,3,2.0,3120,9400,1.0,0,0,5,9,1300,1978,0,98006,47.5612,-122.15,2770,9500
282950.0,3,1.0,1250,8200,1.0,0,0,4,7,0,1954,0,98003,47.3255,-122.304,1680,8633
599000.0,4,2.25,2260,29930,2.0,0,0,4,8,860,1977,0,98006,47.5689,-122.126,2770,29930
330000.0,2,1.0,950,3090,1.0,0,0,4,6,0,1909,0,98118,47.551,-122.276,1230,4120
450000.0,2,1.0,1030,4365,1.0,0,0,3,7,0,1942,0,98117,47.6875,-122.387,1420,4268
440000.0,3,1.0,1610,5500,1.5,0,0,3,7,0,1903,1973,98103,47.698,-122.351,1200,5701
968000.0,6,2.75,3610,17580,1.0,0,4,5,9,1540,1959,0,98075,47.5739,-122.069,2890,14060
635000.0,4,2.5,2470,77550,1.0,0,0,4,7,0,1987,0,98075,47.5888,-122.011,2490,40894
295000.0,2,1.75,1050,6500,1.5,0,2,4,6,0,1925,0,98055,47.4727,-122.2,1320,10075
310000.0,2,1.0,1020,8102,1.0,0,0,3,7,0,1956,0,98056,47.5135,-122.193,1770,7291
390000.0,3,1.75,1435,8960,1.0,0,0,4,8,0,1969,0,98058,47.4525,-122.149,2030,9450
622500.0,3,2.5,2290,14374,2.0,0,0,3,8,0,1983,2012,98075,47.5886,-122.074,2290,33450
210000.0,4,1.5,1920,10403,1.0,0,0,3,7,550,1959,0,98023,47.2987,-122.366,1550,9619
1075000.0,4,2.75,2580,8100,2.0,0,1,4,8,800,1964,0,98040,47.5387,-122.215,2840,10006
750000.0,3,1.75,1590,8285,1.0,0,0,4,8,0,1956,0,98004,47.5855,-122.194,1970,8970
660000.0,3,2.5,2680,28243,2.0,0,0,3,9,0,1993,0,98077,47.7637,-122.05,2670,32130
690000.0,3,2.0,2360,6149,2.0,0,3,3,8,800,1926,1989,98136,47.5433,-122.384,2000,6149
385000.0,4,1.75,1800,10890,1.5,0,0,4,6,0,1912,0,98027,47.5312,-122.04,1530,9818
485000.0,3,2.5,1500,5412,1.0,0,0,5,7,600,1920,0,98136,47.5499,-122.394,1090,5412
372500.0,2,2.5,1400,2958,2.0,0,0,3,8,0,2007,0,98126,47.5496,-122.373,1540,2385
240000.0,3,1.75,1590,7931,1.0,0,0,3,7,400,1979,0,98038,47.3628,-122.05,1680,7931
370000.0,3,2.75,2120,7650,1.0,0,0,4,7,0,1958,0,98056,47.4923,-122.178,1180,7650
771005.0,5,4.5,4000,6713,2.0,0,0,3,9,0,2015,0,98024,47.5254,-121.886,3690,6600
689500.0,4,2.5,2050,2772,2.0,0,0,3,8,0,2013,0,98029,47.5431,-122.011,1800,2886
497000.0,4,2.5,2240,7200,2.0,0,0,3,8,0,1995,0,98118,47.5636,-122.275,1860,6600
440000.0,5,3.25,2610,3642,2.0,0,0,3,8,530,2005,0,98118,47.535,-122.284,1750,3118
490000.0,5,2.0,2150,4500,1.5,0,0,3,8,0,1938,0,98116,47.5582,-122.388,1300,4500
957000.0,4,2.25,2860,11545,1.0,0,0,4,8,1430,1966,0,98005,47.588,-122.168,2190,11396
589900.0,4,4.5,3870,35889,2.0,0,0,3,10,1340,2001,0,98027,47.4677,-122.01,3020,35366
765000.0,4,2.25,2560,12100,1.0,0,0,4,8,800,1976,0,98052,47.631,-122.108,2240,12100
420000.0,3,2.5,2140,3821,2.0,0,0,3,8,0,2005,0,98029,47.5541,-121.995,2860,3841
632750.0,4,2.0,1800,4800,1.5,0,0,3,7,0,1918,0,98112,47.6388,-122.302,1950,4800
874000.0,4,2.75,2860,6867,1.0,0,1,5,7,1300,1946,0,98115,47.6723,-122.263,2290,5350
1393000.0,3,3.5,4240,21578,2.0,0,0,3,10,740,1994,0,98040,47.5614,-122.215,3120,16440
1262000.0,2,3.0,2210,3917,2.0,0,0,3,10,710,2008,0,98122,47.6166,-122.291,1720,3933
305000.0,2,1.0,1030,6000,1.0,0,0,3,7,0,1925,0,98118,47.5669,-122.283,1510,5000
520000.0,4,2.0,2000,6380,2.0,0,0,4,6,140,1949,0,98115,47.6956,-122.303,1600,6380
359000.0,4,2.5,2575,4725,2.0,0,0,3,8,0,2011,0,98001,47.3058,-122.277,2575,5323
128000.0,2,1.0,980,5393,1.0,0,0,3,6,0,1969,0,98042,47.3674,-122.081,980,5200
665000.0,4,2.5,2080,8100,1.0,0,2,5,8,860,1952,0,98177,47.7228,-122.369,2090,8100
201000.0,5,1.75,1660,78408,1.5,0,0,3,6,0,1915,0,98065,47.529,-121.837,1660,78408
422000.0,4,2.5,2930,5973,2.0,0,0,3,10,0,2008,0,98030,47.3846,-122.186,3038,7095
485000.0,2,2.5,1430,923,3.0,0,0,3,8,20,2008,0,98103,47.6683,-122.355,1620,1505
660000.0,3,2.5,2590,35640,1.0,0,0,3,9,0,1987,0,98029,47.5516,-122.03,2590,31200
272000.0,4,2.25,1880,6160,2.0,0,0,3,7,0,1993,0,98023,47.3214,-122.347,1580,6405
275000.0,4,1.75,1680,19405,1.0,0,0,4,7,120,1959,0,98055,47.4552,-122.202,2000,12900
425000.0,3,2.5,1340,10018,1.0,0,0,4,7,0,1976,0,98052,47.6366,-122.094,2520,13068
635000.0,2,2.5,2470,8840,2.0,0,0,4,8,690,2001,0,98108,47.5693,-122.301,1940,8840
499950.0,5,2.5,3180,23809,1.0,0,0,3,9,0,1978,0,98038,47.3727,-122.054,2500,15778
550000.0,3,1.0,1130,7500,1.0,0,0,3,7,250,1947,0,98117,47.6973,-122.389,2190,5250
429592.0,2,2.75,1992,10946,1.5,1,4,5,6,704,1903,0,98070,47.3551,-122.475,1110,8328
470000.0,4,2.5,2470,8536,2.0,0,0,3,8,0,2002,0,98155,47.7699,-122.292,1690,8840
320000.0,3,2.5,1680,4584,2.0,0,0,3,7,0,2003,0,98056,47.4794,-122.182,2160,4621
425000.0,3,3.25,1410,1350,3.0,0,0,3,8,0,2005,0,98103,47.698,-122.34,1410,1253
562500.0,3,2.25,1300,907,2.0,0,0,3,8,300,2006,0,98102,47.6371,-122.327,1300,1169
235000.0,6,3.0,2180,7956,2.0,0,0,3,7,0,1980,0,98003,47.3054,-122.305,2214,7684
808250.0,3,2.0,1750,2640,1.0,0,0,3,8,740,1914,2005,98119,47.6419,-122.368,1750,4560
205000.0,3,1.0,1300,9880,1.0,0,0,4,7,0,1959,0,98003,47.3352,-122.297,2140,9600
328000.0,2,1.0,700,4350,1.0,0,0,3,6,0,1943,0,98116,47.5577,-122.391,1620,5100
1065500.0,3,2.25,2950,7232,1.0,0,2,3,8,1430,1983,0,98136,47.5257,-122.382,2130,7140
920000.0,4,3.25,2190,4265,2.0,0,0,3,9,650,2015,0,98122,47.6178,-122.29,1730,4265
238000.0,2,1.0,1088,8453,1.0,0,0,3,6,0,1952,2009,98001,47.2685,-122.231,1088,8016
160000.0,3,1.0,1350,8700,1.5,0,0,3,6,0,1942,0,98188,47.4497,-122.289,1300,8700
400000.0,3,2.75,2220,5000,2.0,0,0,3,7,0,1993,0,98108,47.5515,-122.324,960,5000
535000.0,3,2.5,2210,7620,2.0,0,0,3,8,0,1994,0,98052,47.6938,-122.13,1920,7440
690000.0,3,1.5,1760,4000,2.0,0,0,3,8,0,1922,0,98102,47.6401,-122.32,1760,4000
349000.0,4,2.5,2280,4096,2.0,0,0,3,7,0,2003,0,98056,47.4834,-122.182,2280,3600
286000.0,2,1.5,1010,825,3.0,0,0,3,7,0,2007,0,98125,47.7124,-122.301,1128,1080
1590000.0,4,2.25,3240,11131,1.0,0,0,4,9,1160,1953,0,98004,47.6182,-122.215,2300,12150
545000.0,3,2.0,1610,8069,1.0,0,0,5,7,520,1955,0,98006,47.5754,-122.15,1510,8803
540000.0,4,2.0,1990,29078,2.0,0,0,3,9,0,1984,0,98074,47.6471,-122.057,2310,28353
300000.0,2,1.0,1010,11919,1.0,0,0,3,6,0,1947,0,98155,47.7461,-122.322,1220,11240
1220000.0,3,3.25,3030,5600,2.0,0,2,3,9,810,1905,2005,98144,47.5978,-122.292,2040,6600
420000.0,2,1.75,1200,3136,1.0,0,0,3,7,400,1904,2005,98122,47.6132,-122.297,1330,3164
615000.0,2,1.5,880,2400,1.5,0,0,3,7,0,1929,0,98122,47.6144,-122.295,1220,4440
432500.0,3,2.5,1940,10800,1.0,0,0,3,8,600,1979,0,98077,47.7471,-122.075,2080,9600
620000.0,3,2.25,2190,45738,1.0,0,0,3,8,0,1990,0,98052,47.7108,-122.12,2970,4496
549950.0,4,2.5,2720,13500,1.0,0,0,3,8,1210,1969,0,98007,47.6191,-122.145,2510,12350
511718.0,2,1.75,1700,5000,1.0,0,0,3,6,850,1915,0,98117,47.6787,-122.363,1690,5000
900000.0,4,3.5,3070,4440,2.0,0,0,3,9,1040,1922,2007,98116,47.5732,-122.411,1780,4800
280000.0,3,1.0,1720,9605,1.0,0,0,3,7,860,1969,0,98028,47.7439,-122.242,1720,9998
415000.0,4,2.0,1800,2970,1.0,0,0,4,7,800,1923,0,98115,47.6833,-122.312,1690,3801
800000.0,3,2.75,2220,4000,2.0,0,0,3,8,520,1914,2000,98122,47.617,-122.291,1800,4000
205000.0,3,1.75,1290,7210,1.0,0,0,3,7,0,1984,0,98023,47.2889,-122.363,1350,7509
255000.0,3,1.0,1250,10094,1.0,0,0,4,6,0,1927,0,98045,47.4987,-121.781,1300,10094
472500.0,3,2.0,1750,15500,1.0,0,0,3,7,260,1982,0,98075,47.5887,-122.065,2450,50094
380000.0,3,1.0,1380,5400,1.0,0,0,4,7,0,1954,0,98125,47.7134,-122.288,1190,6075
420000.0,3,1.0,1150,5120,1.0,0,0,4,6,350,1946,0,98116,47.5588,-122.392,1220,5120
2375000.0,4,2.5,3220,20251,1.0,0,0,3,10,0,1969,0,98006,47.5692,-122.192,4200,22114
564950.0,4,2.75,2990,4521,2.0,0,0,3,7,0,2014,0,98028,47.7401,-122.226,2580,7539
498000.0,3,2.5,1620,2640,2.0,0,0,4,7,0,1900,1993,98122,47.6036,-122.305,1370,3840
465000.0,3,1.5,900,8690,1.5,0,0,5,6,0,1941,0,98116,47.5751,-122.393,1000,6150
427000.0,3,2.5,2432,9391,2.0,0,2,3,9,0,2005,0,98001,47.3453,-122.267,2912,8932
450000.0,2,2.0,1610,6160,2.0,0,0,4,8,0,1977,0,98052,47.6644,-122.13,1750,6305
378000.0,3,2.5,2150,11672,2.0,0,0,3,8,0,2004,0,98038,47.3515,-122.006,2150,5450
637000.0,3,2.0,1980,6000,1.0,0,0,4,7,600,1958,0,98115,47.6921,-122.283,1260,6000
635000.0,3,2.5,3610,26359,1.0,0,0,3,8,1660,1998,0,98053,47.6306,-121.968,2620,26427
925000.0,5,3.5,3420,4216,2.0,0,0,3,9,900,2008,0,98115,47.6799,-122.304,1420,4500
1029280.0,4,3.25,3600,18645,2.0,0,1,3,10,600,2013,0,98059,47.5294,-122.154,3970,10957
560000.0,3,2.25,2070,15002,1.5,0,0,3,8,0,1955,2013,98155,47.7635,-122.274,2070,15002
445700.0,3,2.5,1270,1180,3.0,0,0,3,8,0,2001,0,98107,47.6697,-122.392,1320,1180
865000.0,4,2.5,2520,4950,2.0,0,0,3,8,0,1906,2002,98117,47.6814,-122.359,1810,3500
312000.0,3,2.25,1540,5338,1.0,0,0,5,7,770,1954,0,98115,47.6942,-122.304,1680,6525
730000.0,3,3.0,3460,13129,2.0,0,0,3,9,900,1988,0,98077,47.7315,-122.058,3460,12568
268000.0,3,2.5,1650,6684,2.0,0,0,3,7,0,1991,0,98031,47.4051,-122.184,1850,7048
530000.0,3,2.5,1930,7214,2.0,0,0,3,8,0,2005,0,98125,47.7191,-122.309,1930,7266
589500.0,4,2.5,2630,6326,2.0,0,0,3,9,0,2008,0,98065,47.5222,-121.874,3240,6229
625000.0,5,2.5,2700,21208,1.0,0,0,4,8,750,1955,0,98005,47.6078,-122.154,2550,20409
310000.0,4,2.5,2130,9013,2.0,0,0,3,8,0,1988,0,98001,47.3208,-122.273,2350,8982
456500.0,3,1.0,1290,3880,1.5,0,0,4,7,0,1919,0,98117,47.6879,-122.392,1290,4850
240000.0,4,1.0,1200,2171,1.5,0,0,3,7,0,1933,0,98133,47.7076,-122.342,1130,1598
960000.0,4,2.25,2410,4560,2.0,0,2,5,9,610,1929,0,98117,47.6796,-122.402,2150,5100
415000.0,3,2.75,1770,3172,2.0,0,0,3,8,0,2009,0,98065,47.5164,-121.878,1760,2891
810000.0,5,3.25,2950,67475,1.0,0,0,3,8,420,1981,2004,98072,47.7233,-122.117,2620,39820
712500.0,3,1.5,1660,8797,1.0,0,0,4,7,0,1956,0,98004,47.5892,-122.202,2350,10053
877500.0,4,2.0,3060,8000,2.0,0,0,4,8,1020,1922,0,98144,47.5795,-122.29,2730,5800
369900.0,3,1.75,2150,19127,1.0,0,0,3,7,500,1978,0,98168,47.5061,-122.324,1550,15000
245000.0,3,1.5,2100,10000,1.0,0,0,4,7,0,1954,0,98198,47.4222,-122.331,1300,7500
864327.0,5,3.25,3480,6507,2.0,0,0,3,9,0,2014,0,98074,47.607,-122.053,3360,5398
658000.0,3,1.5,1660,3190,1.5,0,0,3,7,0,1919,0,98109,47.6368,-122.351,2200,3240
615000.0,3,1.75,1670,5100,1.0,0,2,5,7,680,1954,0,98144,47.5898,-122.291,2140,4452
302500.0,3,2.5,1690,4476,2.0,0,0,3,7,0,2008,0,98042,47.3663,-122.114,2250,4488
280300.0,2,1.0,920,5000,1.0,0,0,4,6,430,1949,0,98103,47.7008,-122.338,1500,5000
2000000.0,5,4.25,6490,10862,2.0,0,3,4,11,2550,1991,0,98040,47.5728,-122.205,3290,14080
389000.0,4,2.25,2130,5337,2.0,0,0,3,7,0,2001,0,98019,47.7237,-121.959,2300,6930
370000.0,4,2.5,1812,5026,2.0,0,0,3,8,0,2011,0,98055,47.4513,-122.202,2440,6007
420000.0,3,1.0,1790,7055,1.0,0,0,5,8,270,1937,0,98133,47.718,-122.355,1710,7055
811000.0,3,3.0,2470,7410,2.0,0,0,5,8,610,1977,0,98117,47.6937,-122.392,2390,7800
484998.0,4,2.5,1540,1870,2.0,0,0,3,8,0,2014,0,98029,47.5524,-121.999,1540,1619
500000.0,2,1.0,960,5000,1.0,0,0,4,7,0,1900,0,98107,47.6755,-122.367,1330,5000
239000.0,3,1.0,1200,7810,1.0,0,0,4,7,0,1967,0,98038,47.3631,-122.05,1590,7800
370000.0,3,1.75,1150,6600,1.5,0,0,4,6,0,1970,0,98033,47.6709,-122.185,1530,6600
505000.0,3,2.5,2100,5824,2.0,0,2,3,8,0,1999,0,98065,47.5334,-121.867,1890,4140
637000.0,5,3.0,2460,7240,1.0,0,0,3,9,620,1991,0,98006,47.5486,-122.189,2530,7885
754800.0,2,2.5,2770,7781,2.0,0,0,3,8,0,2006,0,98053,47.7072,-122.017,1870,5984
579000.0,3,2.5,1710,1904,2.0,0,0,3,8,570,2003,0,98116,47.5827,-122.387,1260,1316
442000.0,3,1.5,2050,6384,1.0,0,0,3,7,700,1958,0,98126,47.5325,-122.378,1590,7214
710000.0,4,1.75,2000,6000,1.0,0,3,5,7,1000,1956,0,98109,47.6428,-122.348,2610,4377
760750.0,3,2.5,3190,49137,2.0,0,0,3,9,0,1988,0,98074,47.6027,-122.043,3240,53143
895000.0,2,1.75,1700,3618,1.0,0,1,3,8,440,1950,0,98199,47.6336,-122.397,2200,5000
335000.0,3,1.75,1400,7920,1.0,0,0,3,7,0,1965,0,98034,47.7312,-122.202,1310,7876
425000.0,4,1.75,2120,15920,1.0,0,0,4,7,1060,1960,0,98028,47.771,-122.258,2200,12580
259875.0,5,2.5,2200,6250,2.0,0,0,3,7,0,1996,0,98038,47.3675,-122.021,1850,6091
625000.0,2,2.25,1390,916,2.0,0,0,3,8,225,2007,0,98122,47.6168,-122.314,1415,1488
179950.0,3,1.0,960,10125,1.0,0,0,4,7,0,1952,0,98003,47.3335,-122.305,1250,9769
1550000.0,5,4.25,6070,171626,2.0,0,0,3,12,0,1999,0,98024,47.5954,-121.95,4680,211267
1050000.0,3,3.5,3190,29982,1.0,0,3,4,8,560,1941,0,98166,47.458,-122.368,2600,19878
415000.0,4,2.25,2520,4200,1.5,0,0,4,7,1010,1909,0,98144,47.5814,-122.312,1460,4200
765000.0,2,2.5,2170,6750,1.0,0,0,3,8,0,2012,0,98053,47.7115,-122.014,2150,6074
700000.0,3,1.75,2010,4905,1.0,0,0,5,7,780,1912,0,98122,47.6105,-122.309,2210,1834
505000.0,3,1.75,2300,11400,1.0,0,0,4,8,780,1977,0,98052,47.6884,-122.128,2300,10140
778100.0,2,1.0,1480,4080,1.0,0,0,3,7,430,1949,0,98117,47.6842,-122.393,1310,4080
545000.0,3,2.5,2180,15693,1.0,0,0,4,8,330,1979,0,98075,47.592,-122.082,2270,24000
692000.0,4,2.5,2350,9779,1.0,0,0,3,10,0,1987,0,98074,47.6411,-122.065,2700,10441
818900.0,3,1.0,1080,4120,1.0,0,0,3,7,100,1919,0,98115,47.6771,-122.319,1280,3090
564000.0,5,2.25,2140,8700,1.0,0,2,3,8,920,1962,0,98115,47.6969,-122.31,1720,6670
415000.0,1,1.0,1230,3774,1.0,0,0,4,6,400,1924,0,98103,47.6886,-122.354,1300,3774
485000.0,3,2.75,2650,12350,1.0,0,0,4,7,1180,1975,0,98028,47.7669,-122.268,1950,14075
188000.0,2,1.5,1120,17487,1.0,0,0,3,6,0,1924,0,98178,47.5024,-122.271,1690,8056
530000.0,3,2.5,1950,9906,2.0,0,0,3,8,0,1988,0,98074,47.6363,-122.025,1860,7689
530000.0,2,1.0,840,3400,1.0,0,2,4,7,0,1924,0,98119,47.6403,-122.372,2000,4000
320000.0,3,1.0,1630,5000,1.0,0,0,3,7,700,1954,0,98108,47.5497,-122.295,1630,5480
485000.0,3,2.5,1800,11034,2.0,0,0,4,8,0,1987,0,98072,47.7558,-122.142,1940,8900
610000.0,3,3.0,2480,45302,1.0,0,0,4,8,860,1976,0,98077,47.7591,-122.073,1260,14100
881000.0,5,3.0,2510,4125,1.5,0,3,5,8,920,1925,0,98144,47.5968,-122.29,2190,5415
395000.0,2,1.0,1320,1824,1.5,0,0,4,6,0,1909,0,98144,47.585,-122.294,1320,4000
220000.0,3,1.5,1070,9331,1.0,0,0,3,6,0,1956,0,98155,47.7633,-122.313,1480,8400
325000.0,1,0.75,410,8636,1.0,0,0,2,4,0,1953,0,98146,47.5077,-122.357,1190,8636
625000.0,5,2.5,2990,15085,2.0,0,0,3,9,0,2007,0,98011,47.746,-122.218,3150,13076
691000.0,4,3.0,3040,11651,2.0,0,0,3,10,0,1987,0,98074,47.6348,-122.038,2540,11815
322500.0,2,1.0,1130,8184,1.0,0,0,3,6,0,1947,0,98155,47.7473,-122.32,1010,8184
326000.0,6,3.0,1880,7200,1.0,0,0,4,7,0,1966,0,98056,47.5029,-122.188,1540,13022
613500.0,3,2.5,2350,7035,2.0,0,0,3,8,0,1989,0,98029,47.5713,-122.02,2270,7192
399500.0,4,1.75,1360,4840,1.5,0,0,4,7,0,1928,0,98126,47.556,-122.376,1320,4840
243000.0,3,1.75,1450,12125,1.0,0,0,4,7,0,1981,0,98001,47.3575,-122.28,1210,12125
352500.0,3,1.5,1470,17577,1.0,0,0,5,7,0,1967,0,98059,47.4695,-122.116,2300,13832
802000.0,3,2.5,2580,13096,2.0,0,0,3,9,0,1986,0,98052,47.6616,-122.144,2580,7988
284000.0,3,1.75,1320,35100,1.0,0,0,3,7,0,1990,0,98092,47.312,-122.129,1660,35100
705000.0,3,2.5,2500,10359,2.0,0,0,3,10,0,1986,0,98074,47.6286,-122.051,2580,10142
503000.0,3,2.75,1540,6760,1.0,0,0,5,7,330,1980,0,98034,47.7163,-122.212,1540,7416
1295000.0,3,2.75,3450,5350,1.5,0,3,4,9,860,1925,0,98199,47.6389,-122.407,2910,5350
450000.0,5,2.75,2710,6220,2.0,0,0,3,8,0,2014,0,98038,47.3555,-122.061,2530,4759
886000.0,4,2.0,2660,3900,1.5,0,0,4,7,1180,1923,0,98112,47.6398,-122.306,2350,3900
399000.0,2,1.0,700,3400,1.0,0,0,3,6,0,1946,0,98112,47.6212,-122.296,1570,4512
239950.0,3,2.25,1560,8280,2.0,0,0,4,7,0,1979,0,98001,47.3393,-122.259,1920,8120
565000.0,1,1.0,1370,6250,1.5,0,0,4,7,0,1921,0,98136,47.5571,-122.385,1450,6250
435000.0,3,1.0,950,10080,1.0,0,0,4,7,0,1954,0,98006,47.572,-122.139,1060,10000
245000.0,3,2.0,1190,4072,1.5,0,0,5,6,0,1907,0,98118,47.5276,-122.274,1680,5850
235000.0,3,1.0,1590,13000,1.5,0,0,3,6,0,1944,0,98166,47.4789,-122.346,1460,8400
437500.0,3,2.0,1490,4800,2.0,0,0,5,6,0,1948,0,98117,47.6933,-122.361,1500,4800
495000.0,4,2.5,2480,91911,1.0,0,2,4,7,1010,1973,0,98027,47.4579,-121.981,2540,91911
510000.0,3,2.25,1420,1309,3.0,0,0,3,8,0,2006,0,98103,47.6534,-122.346,1500,1282
525000.0,3,2.5,2700,7434,2.0,0,0,3,9,0,1991,0,98072,47.7434,-122.174,2660,8405
849000.0,3,3.0,2960,42159,2.0,0,0,3,10,0,1995,0,98052,47.7183,-122.1,2640,25209
602000.0,3,3.25,1460,1367,3.0,0,0,3,8,0,2008,0,98103,47.6485,-122.334,1310,1191
308000.0,4,2.25,1960,12243,2.0,0,0,3,8,0,1989,0,98042,47.3405,-122.058,1910,12230
879000.0,4,2.75,4230,31747,2.0,0,0,4,10,0,1985,0,98072,47.731,-122.132,4080,35576
259000.0,4,1.5,1810,9000,1.5,0,0,3,7,0,1960,0,98168,47.4911,-122.322,1520,9780
345000.0,3,1.75,3140,8571,1.0,0,0,4,8,1470,1985,0,98023,47.3074,-122.337,2590,7949
178000.0,5,1.5,1990,18200,1.0,0,0,3,7,0,1960,0,98178,47.4938,-122.262,1860,8658
1405000.0,4,3.5,3410,10769,2.0,0,0,3,10,0,2008,0,98004,47.6081,-122.198,2650,10058
1250000.0,4,3.25,3820,24166,2.0,0,1,4,11,510,1990,0,98040,47.5263,-122.227,2900,18786
456500.0,4,3.5,2000,2309,3.0,0,0,3,8,0,2008,0,98177,47.7027,-122.361,1440,1548
779000.0,2,2.25,2130,5920,1.0,0,0,3,8,300,1950,0,98115,47.6792,-122.275,2130,7192
782500.0,4,2.5,2930,7806,2.0,0,0,3,9,0,2005,0,98074,47.6219,-122.024,2600,6051
375000.0,3,2.0,1540,8885,1.5,0,0,5,6,0,1939,0,98019,47.7403,-121.984,1730,5000
865000.0,4,1.75,1800,4180,2.0,0,3,4,8,0,1921,0,98102,47.6462,-122.318,2180,4620
1398000.0,3,2.5,2910,10044,2.0,0,0,4,10,0,1989,0,98004,47.5845,-122.199,2420,12287
480000.0,4,2.5,2940,9172,2.0,0,0,3,9,0,2006,0,98001,47.3444,-122.269,2660,7955
375500.0,3,1.5,1530,7200,1.0,0,0,3,8,0,1975,0,98155,47.7691,-122.297,2150,7216
310000.0,4,3.0,2010,7426,1.0,0,0,5,7,920,1951,0,98178,47.5042,-122.265,1470,7426
135000.0,3,1.0,840,3000,1.0,0,0,3,5,0,1943,0,98178,47.494,-122.275,1010,6000
1490000.0,3,3.5,4560,14608,2.0,0,2,3,12,0,1990,0,98034,47.6995,-122.228,4050,14226
210750.0,4,1.5,1840,7076,1.5,0,0,3,7,0,1957,0,98106,47.5185,-122.345,1510,7320
825000.0,4,2.75,3990,6637,2.0,0,0,3,9,0,2003,0,98053,47.6835,-122.045,3500,7074
1052000.0,3,1.0,1860,44431,1.0,0,0,4,6,0,1947,0,98074,47.6057,-122.038,2000,44431
440000.0,3,1.75,1170,8740,1.0,0,0,4,7,0,1968,0,98052,47.6849,-122.117,1870,8448
450000.0,3,2.0,2320,17688,1.0,0,0,3,8,0,1952,1994,98166,47.4519,-122.363,1610,14482
319500.0,4,2.75,2500,5100,1.5,0,0,4,7,1080,1907,0,98108,47.523,-122.332,1430,5100
458000.0,3,1.5,1470,9570,1.0,0,0,3,7,190,1941,0,98125,47.7032,-122.306,1390,9570
804100.0,4,2.5,3070,8086,2.0,0,0,3,10,0,2005,0,98059,47.5399,-122.16,3320,10738
896000.0,5,2.75,2520,16100,1.0,0,3,4,8,950,1960,0,98040,47.528,-122.224,2760,16988
650000.0,3,1.5,1630,7475,1.0,0,1,3,7,470,1940,0,98115,47.6725,-122.272,2320,7475
728000.0,4,2.5,2650,13684,2.0,0,0,3,9,0,1994,0,98052,47.6278,-122.108,2650,12032
535000.0,3,2.5,1850,1499,2.5,0,0,3,9,60,2005,0,98199,47.6475,-122.396,1770,1539
749000.0,4,2.5,1710,9627,1.0,0,0,3,9,270,1976,2014,98006,47.559,-122.164,2140,9131
330000.0,2,1.0,800,4533,1.0,0,0,3,6,200,1929,0,98115,47.6979,-122.325,1720,6800
611000.0,2,1.0,1270,5100,1.0,0,0,3,7,170,1900,0,98115,47.6771,-122.328,1670,3900
285000.0,3,1.0,1160,7875,1.0,0,0,3,7,0,1953,0,98125,47.724,-122.323,1600,7875
254000.0,3,1.0,1010,7384,1.0,0,2,5,6,0,1943,0,98056,47.4905,-122.191,1010,8000
397000.0,3,2.0,1100,9165,1.0,0,0,4,7,0,1969,0,98034,47.7304,-122.231,1510,8500
850000.0,3,2.5,3360,8708,2.0,0,0,3,9,0,2006,0,98053,47.7037,-122.016,1810,4764
350000.0,3,2.25,1550,5401,2.0,0,0,3,7,0,2000,0,98019,47.737,-121.967,1740,4485
650000.0,3,2.5,1480,2159,3.0,0,0,3,8,0,2007,0,98103,47.6533,-122.341,1480,1554
225000.0,3,2.5,1750,7490,1.0,0,0,4,7,570,1979,0,98042,47.3746,-122.149,1570,7490
485000.0,3,2.0,1610,4160,1.0,0,0,4,7,600,1917,0,98136,47.5421,-122.388,1040,4400
2903000.0,5,2.5,3750,91681,2.0,1,4,3,10,0,1925,0,98118,47.5379,-122.264,3540,24293
309500.0,3,1.5,1340,13560,1.0,0,0,3,7,0,1968,0,98028,47.741,-122.234,1540,15000
315000.0,2,1.0,900,8556,1.0,0,0,3,6,140,1941,0,98136,47.5148,-122.386,1500,8556
585000.0,3,3.5,1700,2197,2.0,0,0,3,8,440,2010,0,98116,47.5767,-122.41,1360,1418
674600.0,4,2.5,2610,5140,2.0,0,0,3,8,0,2006,0,98103,47.6951,-122.346,1190,5101
550000.0,3,1.0,980,10960,1.0,0,0,4,7,0,1953,0,98005,47.5908,-122.173,2100,10960
630000.0,5,1.0,3020,4800,2.0,0,0,3,7,0,1901,0,98122,47.6025,-122.313,1350,1307
1430000.0,5,4.25,3350,3600,2.0,0,0,3,10,1090,2014,0,98119,47.6351,-122.364,1810,3600
374950.0,3,2.25,1390,1484,3.0,0,0,3,8,0,2007,0,98103,47.6912,-122.343,1250,1087
459800.0,3,2.0,1690,16061,1.0,0,0,3,7,0,1984,0,98074,47.6359,-122.035,1280,12436
370000.0,4,2.5,2190,17600,1.0,0,0,4,7,1080,1966,0,98059,47.4712,-122.112,1820,17600
362950.0,4,1.75,2140,159865,1.0,0,0,4,7,1000,1960,0,98031,47.4235,-122.218,1830,15569
289000.0,3,1.0,1090,7315,1.0,0,0,5,6,0,1981,0,98056,47.494,-122.165,1090,5800
710000.0,2,1.0,1210,6000,1.0,0,0,4,7,210,1942,0,98199,47.6482,-122.402,1840,6000
885000.0,4,2.5,4090,11225,2.0,0,0,3,10,0,2005,0,98075,47.581,-121.971,3510,8762
470000.0,3,1.5,1510,8000,1.0,0,0,4,7,0,1956,0,98007,47.5865,-122.135,1430,8000
1310000.0,2,2.25,3950,3938,2.0,0,4,3,10,1040,1991,0,98116,47.5912,-122.384,3220,4500
385000.0,4,3.0,2740,10925,1.0,0,0,3,8,1070,1980,0,98058,47.4538,-122.125,2330,9940
277000.0,4,1.0,1450,6250,1.0,0,0,3,6,460,1964,0,98146,47.5131,-122.357,1440,4000
111300.0,2,1.0,1060,6000,1.0,0,0,4,5,0,1908,0,98002,47.3066,-122.223,940,6000
280000.0,3,1.0,1330,20562,1.5,0,0,3,5,0,1959,0,98045,47.4807,-121.775,1350,20562
338000.0,5,2.0,1860,9000,2.0,0,0,3,7,0,1980,0,98045,47.4484,-121.772,1390,9752
607000.0,3,2.75,2810,12813,2.0,0,0,3,8,770,1988,0,98052,47.6796,-122.114,1890,10336
279000.0,3,2.0,1640,5650,1.0,0,0,3,7,0,2003,0,98042,47.3736,-122.13,2250,5488
527000.0,4,2.25,2330,19436,2.0,0,0,3,8,0,1987,0,98011,47.7663,-122.215,1910,10055
574000.0,3,2.0,2060,7000,1.0,0,0,4,9,0,1988,0,98029,47.5644,-122.012,2110,7000
228900.0,4,1.5,1570,8775,1.0,0,0,3,7,0,1943,0,98166,47.4789,-122.335,980,8775
375000.0,5,2.5,2840,15598,1.0,0,0,4,8,1370,1975,0,98059,47.4693,-122.117,2570,14930
375000.0,5,2.5,2100,14858,1.0,0,0,5,8,0,1970,0,98059,47.4721,-122.123,1980,11730
640000.0,3,2.5,2580,7500,2.0,0,0,3,9,0,1991,0,98116,47.5577,-122.396,910,6500
505000.0,2,2.5,1430,1201,3.0,0,0,3,8,0,2009,0,98107,47.6707,-122.381,1430,1249
322000.0,3,1.0,1230,9660,1.0,0,0,3,7,0,1968,0,98053,47.6829,-122.06,1380,10125
242000.0,3,1.75,1280,7524,1.5,0,0,4,7,0,1988,0,98031,47.3961,-122.188,1500,7777
472500.0,2,2.25,1700,2383,2.0,0,0,3,8,0,2005,0,98029,47.547,-121.997,1700,2700
218000.0,3,1.0,960,9633,1.0,0,0,5,6,0,1982,0,98022,47.1951,-122.001,1080,8610
275000.0,4,1.5,1610,6923,1.0,0,0,3,6,600,1969,0,98198,47.3747,-122.306,1320,7684
565000.0,3,3.0,1850,12556,2.0,0,0,3,9,0,1976,0,98074,47.6286,-122.053,2390,12474
640000.0,4,3.5,3220,5741,2.0,0,0,3,9,0,2013,0,98065,47.5169,-121.886,2960,6534
610000.0,4,2.0,2220,5821,1.5,0,0,4,7,840,1916,0,98116,47.5723,-122.382,1850,5000
612000.0,4,2.5,2680,3626,1.5,0,3,4,7,1000,1928,0,98107,47.6727,-122.361,1950,4500
359000.0,4,1.0,2180,10617,1.5,0,0,3,7,0,1950,0,98155,47.7522,-122.307,1360,9519
233500.0,3,1.5,1580,10517,1.0,0,0,4,6,0,1957,0,98002,47.2903,-122.214,1400,10658
785000.0,2,0.75,1260,4800,1.5,0,2,4,6,180,1942,0,98033,47.6843,-122.212,2660,7200
586000.0,4,2.25,2130,9000,2.0,0,0,4,8,0,1965,0,98006,47.5716,-122.159,2110,10431
310000.0,4,2.75,2370,7320,2.0,0,0,3,7,0,1989,0,98023,47.3071,-122.36,1960,7320
335000.0,3,1.0,1350,14212,1.0,0,0,4,6,0,1981,0,98053,47.6606,-122.06,1520,14404
222000.0,3,2.0,1200,6074,1.0,0,0,3,7,0,1968,0,98002,47.325,-122.205,1430,6338
273000.0,3,2.25,1930,8192,1.0,0,0,3,7,460,1984,0,98003,47.2624,-122.299,1510,8192
240000.0,3,2.0,1300,5000,1.0,0,0,4,7,0,1983,0,98198,47.3837,-122.304,1630,7500
244000.0,3,1.75,1460,4692,1.0,0,0,3,7,0,1988,0,98055,47.472,-122.192,1600,4557
367950.0,4,2.5,3030,9500,2.0,0,0,3,8,0,1989,0,98001,47.3511,-122.287,2650,9500
607500.0,3,3.25,1530,1612,3.0,0,0,3,8,0,2006,0,98107,47.6706,-122.378,1530,1611
418000.0,4,2.5,2750,8471,2.0,0,0,3,7,0,2003,0,98038,47.3671,-122.029,2610,7482
835000.0,3,1.0,3060,30166,1.0,0,0,5,8,0,1959,0,98027,47.5656,-122.093,1880,19602
445000.0,3,1.75,1490,10844,1.0,0,0,3,7,280,1974,0,98008,47.6208,-122.106,2090,9944
560000.0,2,1.0,1790,15783,1.0,0,0,4,8,430,1959,0,98117,47.691,-122.387,1790,7494
316000.0,2,1.0,730,5040,1.0,0,0,3,6,0,1927,0,98126,47.5387,-122.374,790,5040
459900.0,3,1.75,2580,11000,1.0,0,0,4,7,1290,1951,0,98006,47.5646,-122.181,2280,17643
900000.0,6,3.75,4210,6105,2.0,0,0,3,9,930,2008,0,98059,47.5211,-122.157,3820,6368
408000.0,5,3.25,2820,6589,1.5,0,0,3,7,500,1906,2014,98118,47.5357,-122.273,1560,5647
489950.0,3,1.75,2480,10804,1.0,0,0,3,8,680,1976,0,98177,47.7721,-122.367,2480,10400
269000.0,4,1.75,1490,10000,1.0,0,0,4,8,390,1969,0,98023,47.3099,-122.379,2190,8910
498000.0,3,1.5,1720,6570,1.5,0,0,4,8,0,1909,0,98118,47.5284,-122.265,1360,6000
453500.0,2,1.5,1710,4189,1.0,0,1,5,7,550,1951,0,98136,47.5286,-122.383,1530,5608
330000.0,2,1.0,1220,10000,1.0,0,0,5,7,0,1950,0,98028,47.7405,-122.241,2000,9600
545000.0,3,1.75,1680,6200,1.5,0,0,3,7,0,1916,0,98136,47.5338,-122.384,1680,5100
770000.0,5,2.5,3000,7912,1.0,0,0,3,9,1390,2007,0,98033,47.6765,-122.175,2700,7205
700000.0,4,1.75,2340,9100,1.0,0,0,3,8,730,1975,0,98052,47.6401,-122.108,2470,11000
503045.0,3,3.0,1560,2250,2.0,0,0,3,9,0,2009,0,98103,47.6929,-122.333,1610,4500
449950.0,4,1.5,1800,10150,1.5,0,0,4,7,0,1958,0,98034,47.7325,-122.242,1630,10660
985000.0,3,3.5,2600,11920,2.0,0,0,5,8,0,1969,0,98004,47.582,-122.194,2430,10050
745000.0,3,2.5,2970,11985,1.0,0,0,3,9,1200,1995,0,98074,47.6359,-122.052,2990,12049
1065000.0,5,3.25,3370,7947,2.0,0,0,3,10,0,2001,0,98033,47.6906,-122.202,2040,7900
1050000.0,4,2.5,2750,9949,2.0,0,0,3,10,0,1999,0,98007,47.6595,-122.147,2750,9860
942500.0,5,3.5,3750,9612,1.0,0,2,4,9,1720,1981,0,98006,47.5511,-122.157,3270,9688
81000.0,2,1.0,730,9975,1.0,0,0,1,5,0,1943,0,98168,47.4808,-122.315,860,9000
435000.0,2,1.0,1060,3036,1.5,0,0,4,6,0,1943,0,98105,47.6578,-122.324,1730,5535
1450000.0,4,3.5,5000,38012,2.0,0,0,3,11,1390,2004,0,98029,47.554,-122.036,3850,18054
612000.0,3,2.5,2180,5496,2.0,0,0,3,8,0,1994,0,98029,47.5723,-122.007,2120,5496
510000.0,2,1.75,1210,131115,1.5,0,0,5,7,0,1950,0,98070,47.4599,-122.45,2020,185565
270000.0,5,2.5,2630,8470,1.5,0,0,4,8,0,1968,0,98002,47.2863,-122.196,1780,8575
725000.0,4,2.5,3270,6055,2.0,0,0,3,9,0,2007,0,98056,47.5374,-122.192,2740,7367
580000.0,4,2.5,2130,35752,1.0,0,0,3,8,640,1980,0,98075,47.5748,-122.031,3030,34000
865000.0,4,3.5,3380,11270,2.0,0,1,3,9,1220,2007,0,98074,47.6124,-122.06,2910,11214
280000.0,3,1.75,2630,6500,1.0,0,0,3,7,1300,1958,0,98055,47.4878,-122.221,2520,6500
605000.0,4,1.75,2250,10108,1.0,0,0,4,8,0,1967,0,98008,47.5922,-122.118,2050,9750
451000.0,4,1.75,1260,7250,1.0,0,0,3,6,0,1943,0,98027,47.5267,-122.032,1880,7250
306000.0,3,1.75,1980,9800,1.0,0,0,3,7,0,1991,0,98030,47.3745,-122.224,1630,7650
909950.0,5,3.75,3050,8972,2.0,0,0,3,9,0,2014,0,98033,47.6819,-122.172,2750,8979
420000.0,5,2.5,2100,14395,1.0,0,0,3,7,960,1983,0,98155,47.7723,-122.317,1830,8700
340000.0,4,2.5,2665,5868,2.0,0,0,3,9,0,2006,0,98030,47.3831,-122.185,2665,6092
306000.0,3,2.0,1160,7217,1.0,0,0,3,7,0,1969,0,98034,47.7279,-122.227,1870,9104
485000.0,4,2.25,1810,7068,2.0,0,0,5,7,0,1976,0,98034,47.7319,-122.204,1460,7274
294000.0,3,1.5,2060,15050,1.5,0,0,4,7,0,1938,0,98023,47.3321,-122.373,1900,15674
692500.0,4,3.0,2820,11500,2.0,0,0,3,10,0,1991,0,98075,47.5826,-122.028,2770,9694
471835.0,4,2.5,3281,5354,2.0,0,0,3,9,0,2014,0,98092,47.3273,-122.163,2598,4815
950000.0,4,4.0,5635,9695,2.0,0,3,3,10,1275,2011,0,98003,47.3389,-122.334,3726,9765
450000.0,3,1.75,1390,11700,1.0,0,0,4,7,0,1966,0,98033,47.7002,-122.192,1060,8686
360000.0,4,2.25,2470,8686,1.0,0,0,4,7,1200,1974,0,98058,47.4371,-122.166,1900,7350
540000.0,4,1.75,2040,9322,1.0,0,0,3,8,600,1977,0,98155,47.7611,-122.298,1910,10026
295500.0,3,1.75,1330,10523,1.0,0,0,3,7,330,1981,0,98055,47.4605,-122.206,1320,8775
1375000.0,4,3.5,3130,4500,2.0,0,0,3,9,1070,2014,0,98103,47.677,-122.33,1500,4500
377500.0,3,2.25,1410,1377,2.0,0,0,3,7,120,2005,0,98027,47.5342,-122.067,1445,1370
369950.0,3,2.0,1520,4000,1.0,0,0,5,6,720,1943,0,98106,47.531,-122.351,1430,4000
700000.0,4,2.25,2690,15000,2.0,0,0,3,9,800,1978,0,98074,47.612,-122.064,2670,15030
217500.0,3,1.75,1400,9546,1.0,0,0,4,7,0,1984,0,98003,47.3179,-122.331,1660,8550
294000.0,4,2.25,2190,3746,2.0,0,0,3,8,0,2005,0,98038,47.3896,-122.034,2200,3591
375000.0,4,2.5,2310,7800,2.0,0,0,3,8,0,2011,0,98042,47.3737,-122.164,2310,7140
757000.0,3,2.75,2610,11290,1.0,0,0,3,7,980,1985,0,98033,47.6632,-122.201,2570,9125
393000.0,5,2.0,1820,5054,1.0,0,0,4,7,910,1970,0,98108,47.5547,-122.299,1180,5628
840000.0,4,2.75,3040,2800,2.0,0,0,3,9,940,1906,2014,98102,47.6245,-122.327,1260,2178
1419000.0,5,3.25,4020,4500,2.0,0,0,3,9,900,2010,0,98004,47.6349,-122.204,3550,5775
291000.0,7,1.0,2350,8636,1.0,0,0,3,7,800,1962,0,98118,47.5432,-122.277,1500,7366
760000.0,2,1.0,1410,3600,1.5,0,0,4,7,100,1925,0,98103,47.6695,-122.338,1740,4200
316000.0,4,2.5,2010,7226,2.0,0,0,3,8,0,1995,0,98092,47.2588,-122.21,2160,7696
350000.0,3,2.5,2010,14298,2.0,0,0,3,7,0,1977,0,98070,47.5069,-122.472,2010,14298
945000.0,4,2.0,2840,13367,1.0,0,0,3,7,1420,1952,0,98004,47.6237,-122.21,2840,12744
415000.0,3,1.5,1090,8400,1.0,0,0,4,7,0,1966,0,98008,47.6219,-122.115,1320,8400
2300000.0,4,4.0,4360,8175,2.5,1,4,3,10,420,2007,0,98008,47.5724,-122.104,2670,8525
605000.0,3,3.0,1760,2114,2.0,0,0,3,7,360,2008,0,98107,47.6666,-122.37,1300,1500
390000.0,3,1.75,1790,7123,1.0,0,0,3,7,0,1913,1995,98019,47.7429,-121.981,1660,8128
429000.0,3,3.25,1410,1246,3.0,0,0,3,8,0,2005,0,98103,47.6981,-122.34,1410,1253
552500.0,3,1.75,2040,5775,1.0,0,0,3,7,630,1958,0,98199,47.6592,-122.393,1360,4400
675000.0,4,2.5,2940,14071,2.0,0,0,3,9,0,1986,0,98029,47.5627,-122.018,2670,10982
335000.0,3,1.0,1380,7470,1.0,0,0,5,7,0,1965,0,98133,47.7479,-122.343,1440,7473
225000.0,3,1.0,1410,7700,1.0,0,0,3,7,430,1962,0,98058,47.4577,-122.171,1510,7700
440000.0,4,1.0,1480,7560,1.5,0,0,3,7,0,1940,0,98177,47.7079,-122.358,1480,7560
749500.0,4,2.75,2490,3840,1.5,0,0,4,7,880,1922,0,98103,47.6551,-122.344,1420,4000
368000.0,4,2.5,2720,7350,2.0,0,0,3,9,0,1989,0,98023,47.3028,-122.35,2570,8336
592000.0,3,1.75,1560,7424,1.0,0,0,5,8,0,1940,0,98117,47.6981,-122.374,1370,7424
495000.0,2,1.0,970,4284,1.0,0,0,3,7,0,1905,0,98103,47.6667,-122.333,2050,4284
267000.0,3,1.5,1030,8223,1.0,0,0,4,7,0,1952,0,98148,47.4282,-122.331,1460,9463
336500.0,4,1.75,1760,7268,1.0,0,0,4,7,680,1979,0,98058,47.4267,-122.148,1830,8786
737500.0,4,2.5,3200,36276,2.0,0,0,3,9,0,1993,0,98053,47.6304,-121.994,2930,33171
820000.0,4,2.25,2280,6660,1.5,0,2,3,8,320,1940,1984,98119,47.6503,-122.368,1720,5336
583500.0,4,1.0,1530,3900,1.5,0,0,4,7,0,1908,0,98107,47.6748,-122.379,1300,3900
2125000.0,3,2.5,5403,24069,2.0,1,4,4,12,0,1976,0,98166,47.4169,-122.348,3980,104374
235000.0,0,0.0,1470,4800,2.0,0,0,3,7,0,1996,0,98065,47.5265,-121.828,1060,7200
850000.0,3,1.75,1400,9900,1.0,0,0,3,7,0,1951,0,98004,47.6272,-122.209,1810,10796
375000.0,3,1.75,2100,9066,1.0,0,0,3,8,660,1962,0,98188,47.4294,-122.292,2000,9132
233000.0,3,2.0,1400,9177,1.0,0,0,3,7,0,1974,0,98001,47.3415,-122.272,2020,8547
260000.0,3,2.5,1850,7875,1.0,0,0,3,7,600,1968,0,98058,47.434,-122.171,1930,8062
477000.0,3,2.5,2100,5060,2.0,0,0,3,7,0,2006,0,98108,47.563,-122.298,1520,2468
680000.0,4,1.0,2200,12137,1.0,0,4,4,8,560,1956,0,98028,47.7473,-122.261,3250,17153
375000.0,3,1.75,1260,11224,1.0,0,0,5,7,0,1947,0,98155,47.7444,-122.321,1570,11052
420000.0,2,1.0,960,112384,1.0,0,0,3,7,0,1955,0,98028,47.7642,-122.234,1210,24875
275000.0,3,1.75,1290,9760,1.0,0,0,3,7,0,1979,0,98058,47.4265,-122.148,1410,8034
478000.0,3,2.25,1640,3896,2.0,0,0,3,8,0,1994,0,98029,47.5689,-122.006,1780,3999
415000.0,4,2.5,2400,7292,1.0,0,0,3,8,870,1980,0,98133,47.7749,-122.339,1710,7909
575000.0,4,2.75,3120,7644,2.0,0,0,3,10,0,2010,0,98065,47.5156,-121.884,2980,6050
610000.0,4,2.5,2410,15899,2.0,0,3,3,9,0,1990,0,98074,47.6242,-122.04,2360,11412
639000.0,4,2.5,2150,12028,2.0,0,0,4,8,0,1982,0,98052,47.7224,-122.101,1800,11777
1265000.0,3,1.75,2240,5657,1.5,0,2,4,8,330,1941,0,98105,47.6621,-122.27,2970,5657
697000.0,4,2.5,3220,6399,2.0,0,0,3,9,0,2004,0,98075,47.5883,-121.991,2850,6399
512500.0,3,2.5,1900,7604,2.0,0,0,3,8,0,1990,0,98033,47.7002,-122.188,1980,9583
252000.0,4,1.75,1940,13370,1.0,0,0,4,8,0,1974,0,98023,47.3215,-122.369,2405,11769
340000.0,2,1.0,1700,6718,1.0,0,2,3,7,470,1956,0,98198,47.4131,-122.331,2040,7500
699950.0,3,2.5,2510,4106,2.0,0,0,3,9,0,2003,0,98029,47.5494,-121.994,2470,4106
875000.0,5,3.0,2960,15152,2.0,0,0,3,9,0,2004,0,98033,47.6689,-122.179,1850,9453
600000.0,2,2.25,2320,18919,2.0,1,4,4,8,0,1976,0,98070,47.3905,-122.462,1610,18919
745000.0,3,2.0,2290,5001,1.0,0,0,4,7,800,1960,0,98103,47.6909,-122.339,1230,5001
630000.0,3,3.25,3800,13995,2.0,0,3,3,9,0,1983,0,98011,47.7741,-122.203,2480,8434
725000.0,3,1.75,1630,9000,1.0,0,0,3,7,670,1955,0,98004,47.6023,-122.205,1880,9000
439000.0,4,2.25,2060,10070,2.0,0,0,3,7,0,1975,0,98034,47.7258,-122.177,2060,8155
239800.0,2,1.75,1290,1493,2.0,0,0,3,8,0,2014,0,98106,47.5171,-122.346,1410,1875
859000.0,4,2.25,3550,13900,1.0,0,0,3,8,1720,2010,0,98006,47.5681,-122.127,2770,12200
581000.0,4,1.75,2090,8164,1.0,0,0,4,8,1020,1963,0,98052,47.6715,-122.155,1310,7975
270000.0,4,1.0,1900,8505,1.0,0,0,3,7,700,1956,0,98055,47.4406,-122.196,1440,8505
700000.0,3,1.75,2000,14733,1.0,0,0,4,8,0,1958,0,98005,47.6001,-122.178,2620,14733
562000.0,2,2.25,1300,1314,3.0,0,0,3,8,0,2008,0,98103,47.6536,-122.356,1300,1312
258800.0,2,1.75,1290,1624,2.0,0,0,3,8,0,2014,0,98106,47.5171,-122.347,1410,1963
285000.0,4,2.0,1760,5500,1.0,0,1,3,7,980,1925,2004,98118,47.5183,-122.265,1510,5500
490000.0,3,1.75,1490,11360,1.0,0,0,3,8,0,1975,0,98008,47.5896,-122.12,2350,10320
615000.0,2,1.5,1210,5000,1.5,0,0,5,6,0,1907,0,98117,47.6793,-122.397,1570,5000
1881580.0,5,3.5,4410,13000,2.0,0,3,3,10,1490,2014,0,98006,47.5382,-122.111,5790,12969
400000.0,2,1.0,840,5510,1.0,0,0,3,7,0,1955,0,98136,47.5247,-122.391,1630,5510
875000.0,3,3.5,3250,6000,2.0,0,0,3,10,750,2001,0,98136,47.5533,-122.391,1650,6000
470000.0,3,2.5,2620,4874,2.0,0,0,3,7,0,1999,0,98065,47.5328,-121.879,2360,4231
230000.0,4,1.5,1050,9516,1.0,0,0,4,7,0,1969,0,98031,47.4151,-122.181,1390,9600
319000.0,3,1.75,1640,53400,1.0,0,0,4,7,0,1966,0,98070,47.3944,-122.506,1850,380279
447000.0,3,1.0,1370,6001,1.0,0,0,5,7,140,1944,0,98108,47.5646,-122.317,1370,5520
334950.0,2,2.25,1240,750,2.0,0,0,3,7,90,2008,0,98027,47.5322,-122.073,1240,750
730000.0,6,2.75,3280,16449,1.0,0,0,4,7,1370,1963,0,98007,47.5914,-122.134,2550,9532
1225000.0,4,4.5,5420,101930,1.0,0,0,3,11,1530,2001,0,98053,47.6561,-122.005,4760,101930
300000.0,3,2.25,2070,7225,1.0,0,0,3,8,380,1979,0,98042,47.3551,-122.148,2070,7400
495000.0,3,2.0,1340,2550,2.0,0,0,3,7,0,1984,0,98117,47.6793,-122.38,1370,5100
775000.0,5,1.0,1860,3040,1.5,0,0,3,7,330,1921,0,98103,47.6559,-122.339,1910,3600
260000.0,2,1.0,750,6720,1.0,0,0,3,6,0,1916,0,98108,47.552,-122.31,920,6720
325000.0,5,2.75,2400,7904,1.0,0,0,3,7,950,1992,0,98188,47.4683,-122.263,2400,7475
269950.0,3,2.25,1660,7003,2.0,0,0,3,7,0,1996,0,98030,47.3599,-122.188,1840,6680
350000.0,3,1.0,1130,8201,1.0,0,0,5,6,0,1948,0,98155,47.7359,-122.306,1180,8203
421000.0,3,2.5,1930,4505,1.0,0,3,4,7,490,1973,0,98198,47.3459,-122.326,1550,4505
410000.0,3,2.0,1400,45738,2.0,0,0,4,8,0,1981,0,98070,47.3624,-122.455,2390,56628
800000.0,4,2.5,3100,7807,2.0,0,0,3,9,0,2003,0,98034,47.7151,-122.227,3100,7807
569950.0,4,2.5,3230,5899,2.0,0,0,3,8,0,2012,0,98065,47.515,-121.869,2720,5899
1325000.0,4,2.5,2440,3600,2.5,0,0,4,8,0,1902,0,98119,47.6298,-122.362,2440,5440
665000.0,3,1.75,2700,5040,1.0,0,2,3,8,1140,1947,0,98144,47.5834,-122.29,3010,5000
1625000.0,4,3.25,2980,3600,2.0,0,0,3,9,830,1999,0,98112,47.6352,-122.284,2980,4800
955500.0,4,1.75,2130,5080,1.5,0,0,3,8,0,1914,1993,98119,47.6427,-122.363,1900,5080
725000.0,2,1.0,2410,5930,2.0,0,0,3,9,480,2007,0,98116,47.5657,-122.395,1540,5892
554663.0,3,2.0,1230,6802,1.5,0,0,3,7,0,1940,0,98105,47.6712,-122.279,1850,6398
321027.0,4,2.25,2820,16770,1.0,0,0,4,8,900,1966,0,98023,47.3186,-122.364,2320,13850
340000.0,3,1.75,2190,12626,2.0,0,0,4,8,0,1978,0,98042,47.3845,-122.154,3110,14592
389500.0,3,2.5,1350,874,3.0,0,0,3,8,80,2006,0,98136,47.549,-122.387,1350,886
260000.0,3,1.75,2160,22702,1.0,0,0,4,7,0,1981,0,98019,47.7355,-121.982,1820,22687
565000.0,3,2.0,2290,9450,1.0,0,0,3,9,620,1979,0,98008,47.5692,-122.1,2750,11700
279500.0,3,1.5,1200,8040,1.0,0,0,4,7,0,1959,0,98146,47.4901,-122.341,1450,9315
147400.0,3,2.0,1080,9225,1.0,0,0,2,7,0,1955,0,98146,47.4842,-122.346,1410,9840
475000.0,3,2.5,2220,60984,2.0,0,0,4,8,0,1987,0,98027,47.4802,-122.052,1930,55333
425000.0,3,2.25,1260,3000,2.0,0,0,3,7,0,2003,0,98029,47.5454,-121.997,1630,3042
272000.0,3,2.5,1650,13816,2.0,0,0,3,7,0,1998,0,98014,47.6553,-121.912,1650,15144
235500.0,3,1.5,1380,7600,1.0,0,0,4,7,590,1971,0,98003,47.3489,-122.306,1570,7904
700000.0,6,3.0,2790,4550,2.5,0,0,4,8,0,1907,0,98119,47.627,-122.361,2590,4550
1275000.0,4,2.0,2850,7861,1.0,0,4,4,10,1400,1970,0,98117,47.6995,-122.397,2810,8087
699000.0,3,2.5,2680,5497,2.0,0,0,3,9,0,2001,0,98052,47.7043,-122.128,2780,5497
378000.0,3,2.5,1650,2082,3.0,0,0,3,8,0,2007,0,98133,47.7108,-122.332,1650,1965
360000.0,6,2.0,2210,9870,2.0,0,0,4,7,0,1969,1995,98059,47.4751,-122.145,1390,9912
305000.0,3,1.0,1160,11776,1.0,0,0,3,7,0,1968,0,98077,47.7427,-122.074,1160,10050
567000.0,3,2.5,2540,6093,2.0,0,0,3,9,0,1999,0,98034,47.7042,-122.236,2540,5924
225000.0,2,1.0,1300,11867,1.5,0,0,4,6,0,1975,0,98010,47.3221,-121.903,820,11867
500000.0,2,1.0,1280,5400,1.0,0,0,3,7,0,1964,0,98117,47.6949,-122.371,1540,5670
655500.0,4,3.5,3380,8330,2.0,0,0,3,8,0,2000,0,98177,47.7741,-122.379,2220,8330
579000.0,2,2.0,1760,7200,1.0,0,0,5,7,880,1946,0,98118,47.5658,-122.276,1760,7200
525000.0,3,3.0,2600,5238,1.5,0,3,3,9,710,1989,0,98198,47.3448,-122.327,2220,4853
279000.0,4,2.25,2090,8941,2.0,0,0,3,7,0,1975,0,98058,47.4332,-122.167,1890,7946
580000.0,5,2.0,2600,3750,1.5,0,0,4,6,1200,1914,0,98105,47.6691,-122.299,1700,3750
512500.0,3,2.5,1840,2875,2.0,0,0,4,7,0,1997,0,98116,47.562,-122.393,1240,5750
257000.0,2,1.0,770,11084,1.0,0,0,4,6,0,1947,0,98155,47.7482,-122.321,1010,11084
357500.0,3,1.5,1540,11858,1.0,0,0,4,7,0,1966,0,98059,47.4755,-122.157,1550,11473
1205000.0,4,3.0,3330,7650,1.0,0,0,3,9,1500,2008,0,98103,47.6889,-122.352,1200,3876
345000.0,3,3.5,1320,1161,3.0,0,0,3,8,0,2010,0,98125,47.7162,-122.294,1320,1161
415500.0,3,1.5,1240,12400,1.0,0,0,3,7,0,1958,0,98007,47.607,-122.132,1640,9600
203000.0,3,1.0,1150,7156,1.0,0,0,4,6,0,1953,0,98168,47.4864,-122.317,1210,7156
695000.0,4,3.5,3510,9364,2.0,0,0,3,10,0,2001,0,98065,47.54,-121.876,3510,9161
220000.0,4,2.0,1400,7140,1.0,0,0,3,7,0,1969,0,98155,47.7719,-122.309,1610,10500
553000.0,3,1.0,1380,6250,1.0,0,0,4,7,0,1918,0,98136,47.5514,-122.385,2270,6250
259000.0,3,2.5,2153,4400,2.0,0,0,3,8,0,2007,0,98001,47.2872,-122.283,2434,4400
999999.0,3,2.5,2100,4097,2.0,0,0,3,9,0,2008,0,98004,47.5983,-122.2,1780,4764
1650000.0,4,3.5,4285,9567,2.0,0,1,5,10,800,1946,0,98199,47.6434,-122.409,2960,6902
390000.0,4,1.75,2690,46609,1.5,0,0,3,7,0,1940,0,98146,47.4951,-122.352,1920,7302
320000.0,3,1.5,1240,1221,2.0,0,0,3,8,190,2009,0,98133,47.7073,-122.356,1180,887
1135000.0,4,2.75,3840,10004,1.0,0,2,4,9,1730,1963,0,98040,47.5606,-122.225,3500,12118
260000.0,4,1.75,2010,10816,1.0,0,0,3,7,600,1955,0,98178,47.5048,-122.251,1610,9360
1146800.0,4,3.5,4210,10308,2.0,0,0,3,10,0,2006,0,98008,47.5905,-122.117,3860,10200
645000.0,2,1.0,1240,5000,1.0,0,0,3,7,240,1920,0,98103,47.6634,-122.351,1480,3500
905000.0,3,2.5,2930,9280,2.0,0,0,4,10,0,1988,0,98007,47.6335,-122.151,2730,10090
470000.0,3,1.0,1400,4914,1.5,0,0,3,7,0,1929,0,98117,47.681,-122.364,1400,3744
685900.0,3,2.5,2290,9142,1.0,0,0,3,8,0,1972,0,98117,47.691,-122.387,1770,8035
649500.0,3,3.0,3730,383328,1.5,0,0,4,9,1500,1990,0,98038,47.4257,-122.03,1940,217800
725000.0,6,1.75,2380,4080,2.0,0,0,3,8,0,1917,0,98105,47.6629,-122.325,2030,4080
525000.0,5,3.25,3960,321908,2.0,0,0,4,9,1270,1989,0,98038,47.3984,-122.055,2360,96703
273000.0,4,1.5,2180,22870,1.0,0,0,4,6,900,1954,1975,98042,47.3187,-122.081,2420,22614
305000.0,3,3.0,1290,1112,3.0,0,0,3,7,0,2008,0,98125,47.7282,-122.296,1230,9000
890776.0,5,2.75,3170,8093,2.0,0,0,3,9,0,2014,0,98075,47.5933,-122.06,3210,7062
1100000.0,3,2.5,2200,20000,1.0,0,1,3,7,800,1952,0,98004,47.5809,-122.191,3050,11775
511000.0,3,2.5,1820,4883,2.0,0,0,3,9,0,2005,0,98028,47.7355,-122.224,2720,5002
660000.0,3,2.5,2330,3995,2.0,0,0,3,9,0,2006,0,98029,47.5542,-122.001,2330,3740
450000.0,3,1.5,1770,17208,1.0,0,0,3,8,610,1959,0,98006,47.5659,-122.117,2450,17118
406500.0,2,1.0,870,5750,1.0,0,0,4,7,0,1947,0,98116,47.5637,-122.395,1100,5750
659000.0,3,2.5,2510,6320,2.0,0,0,3,9,0,1996,0,98075,47.5868,-122.033,2518,5819
420000.0,2,1.0,930,5368,1.0,0,0,4,7,0,1953,0,98115,47.6952,-122.275,1770,6000
299950.0,3,2.5,1570,2577,2.0,0,0,3,7,0,2005,0,98019,47.7456,-121.984,1970,2952
750000.0,4,1.5,2060,4000,1.5,0,2,3,7,480,1920,1990,98103,47.6857,-122.353,1160,4000
180000.0,2,1.0,770,10000,1.0,0,0,3,6,0,1933,0,98028,47.7379,-122.233,2720,8062
317000.0,3,1.0,1270,8925,1.0,0,0,5,7,0,1955,0,98056,47.5124,-122.165,1270,8996
360000.0,2,2.0,1770,7607,1.0,0,0,4,8,0,1987,0,98058,47.4287,-122.163,2090,7109
345000.0,2,1.5,1180,844,2.0,0,0,3,7,190,2005,0,98144,47.5998,-122.3,1170,1400
469950.0,5,3.0,3223,6371,2.0,0,0,3,9,0,2014,0,98042,47.3588,-122.163,1979,19030
262500.0,3,1.0,970,7854,1.0,0,0,4,7,0,1980,0,98056,47.4899,-122.185,1480,7800
589500.0,4,1.5,3520,4933,1.5,0,0,4,8,1250,1929,0,98108,47.5655,-122.315,1710,5400
316000.0,2,2.0,860,3000,1.0,0,0,3,6,0,1906,0,98118,47.5633,-122.288,1290,3500
529500.0,3,2.25,1410,905,3.0,0,0,3,9,0,2014,0,98116,47.5818,-122.402,1510,1352
196440.0,3,2.0,1560,7352,1.0,0,0,3,6,0,1992,0,98001,47.2804,-122.251,1120,7950
234000.0,4,1.0,1390,18000,1.0,0,0,3,7,0,1955,2013,98032,47.3885,-122.284,1390,18000
399950.0,3,2.0,2050,9396,1.0,0,0,5,7,880,1960,0,98155,47.7447,-122.328,1680,9391
535000.0,3,3.25,1430,1276,3.0,0,0,3,8,0,2007,0,98107,47.6712,-122.38,1430,1243
857000.0,4,3.0,3720,29043,2.0,0,0,3,9,0,1991,0,98033,47.6907,-122.161,1610,23000
194250.0,3,2.25,2190,8834,1.0,0,0,3,7,800,1987,0,98001,47.2633,-122.244,1490,8766
950000.0,5,3.25,2700,3650,2.0,0,2,3,9,630,1926,2014,98144,47.5959,-122.291,1940,4000
354000.0,5,1.75,1830,7986,1.0,0,0,4,7,770,1962,0,98106,47.5208,-122.35,1410,7260
625000.0,3,2.5,2410,64073,1.0,0,0,4,8,590,1976,0,98072,47.7457,-122.141,2980,48760
344000.0,2,1.0,1060,3325,1.5,0,0,4,6,290,1932,0,98115,47.6896,-122.307,1820,4275
317000.0,3,2.5,2100,7587,2.0,0,0,3,9,0,1990,0,98023,47.3072,-122.391,2330,8119
151000.0,2,1.0,720,4222,1.0,0,0,4,5,0,1942,0,98056,47.4965,-122.186,860,4785
599950.0,2,1.0,1150,3775,1.0,0,0,3,7,0,1917,0,98103,47.6539,-122.329,2240,3753
380000.0,4,2.5,2110,5306,2.0,0,0,3,8,0,2012,0,98038,47.356,-122.057,2250,5306
500000.0,3,2.5,2110,208737,2.0,0,3,3,9,0,1977,0,98092,47.2674,-122.072,2390,125017
397000.0,4,2.5,1790,6590,2.0,0,0,3,7,0,2005,0,98059,47.4829,-122.128,1950,5180
409000.0,3,2.5,2740,9168,2.0,0,0,3,9,0,1991,0,98042,47.3835,-122.148,2690,10554
2350000.0,6,4.25,5550,11547,2.0,0,2,3,11,1280,2014,0,98033,47.6547,-122.202,3480,11547
475000.0,3,2.25,2280,5750,1.0,0,1,4,7,1130,1985,0,98116,47.5641,-122.393,1500,5060
299990.0,3,2.5,1870,8541,2.0,0,0,3,8,0,1989,0,98023,47.2925,-122.346,2150,7789
410000.0,1,1.5,1010,5750,1.0,0,0,3,7,0,1911,1948,98136,47.5411,-122.392,1230,5750
248000.0,5,1.5,1510,9078,1.0,0,0,4,7,0,1959,0,98168,47.4852,-122.305,1480,9078
332000.0,3,2.5,1530,9406,1.0,0,0,3,7,260,1993,0,98059,47.4852,-122.162,1700,7682
640000.0,4,2.75,2100,11894,1.0,0,0,4,8,380,1968,0,98004,47.6006,-122.194,2390,9450
765000.0,3,1.5,1500,5111,2.0,0,0,5,8,0,1984,0,98122,47.6118,-122.284,2380,4519
542500.0,4,2.5,2330,14289,2.0,0,0,4,8,0,1978,0,98007,47.5916,-122.148,2210,12823
1115000.0,4,3.75,4040,14212,2.0,0,0,3,11,0,2002,0,98059,47.5189,-122.147,3940,14212
396500.0,3,1.0,1710,5110,1.0,0,0,3,7,610,1954,0,98126,47.5256,-122.379,1310,5110
295000.0,3,2.0,1760,6092,1.0,0,0,3,7,0,1998,0,98030,47.3838,-122.184,2590,6255
375000.0,4,2.75,1430,7403,1.0,0,0,3,7,400,1982,0,98106,47.5346,-122.344,1480,7663
365000.0,3,2.25,1800,9010,1.0,0,0,3,7,500,1975,0,98155,47.7722,-122.312,1950,10240
338900.0,4,2.5,1830,5612,2.0,0,0,3,7,0,2003,0,98038,47.3572,-122.015,1830,5998
1350000.0,3,2.0,2070,9600,1.0,0,1,3,7,480,1946,0,98039,47.616,-122.239,3000,16215
345000.0,3,1.5,1390,13860,2.0,0,0,3,7,0,1979,0,98045,47.4704,-121.747,1390,11860
324950.0,3,1.0,1240,7500,1.0,0,0,4,7,0,1976,0,98074,47.6199,-122.062,1240,9750
568500.0,4,2.5,2460,4200,2.0,0,0,3,8,0,1998,0,98074,47.6041,-122.02,2460,4200
238000.0,1,1.0,530,6350,1.0,0,0,5,5,0,1941,0,98103,47.6946,-122.357,1200,6350
280000.0,5,2.0,2110,7919,1.0,0,0,3,7,1000,1966,0,98118,47.5164,-122.267,1590,5250
201700.0,3,1.0,1010,9576,1.0,0,0,4,7,0,1967,0,98001,47.2956,-122.272,1540,9576
566000.0,3,2.25,1660,10140,1.0,0,0,4,8,290,1980,0,98052,47.6889,-122.128,2100,10125
328000.0,4,1.0,1360,8136,1.0,0,0,3,7,0,1948,0,98133,47.7366,-122.333,1570,8132
1715000.0,4,3.75,4490,7623,2.0,0,0,4,10,1400,1941,0,98112,47.6315,-122.29,3760,7653
290000.0,3,2.5,1420,3542,2.0,0,0,3,8,110,2007,0,98133,47.7731,-122.343,1180,1622
315000.0,3,1.5,1750,12500,1.0,0,0,3,7,600,1954,0,98024,47.5666,-121.902,1680,13000
1280000.0,4,3.25,3080,4120,2.0,0,0,3,9,700,2014,0,98117,47.6845,-122.359,1410,4120
180000.0,3,2.0,1670,7056,1.0,0,0,4,7,0,1958,0,98002,47.3139,-122.212,1330,8415
985000.0,5,3.5,3890,13261,2.0,0,1,3,9,1020,1984,0,98125,47.7246,-122.284,3080,13261
348000.0,3,1.75,1830,2417,1.0,0,0,3,7,900,1919,0,98144,47.5723,-122.309,1320,3200
615000.0,4,2.5,2150,9070,2.0,0,0,4,8,0,1985,0,98052,47.7279,-122.107,2230,8995
267500.0,3,1.75,1650,7807,1.0,0,0,3,7,0,1986,0,98030,47.3514,-122.167,1810,8475
236775.0,3,2.5,1830,8372,2.0,0,0,3,8,0,1987,0,98023,47.3116,-122.4,1770,8372
994000.0,4,2.5,3470,20445,2.0,0,0,4,10,0,1963,0,98040,47.547,-122.219,3360,21950
411000.0,1,1.0,1080,5000,1.5,0,0,3,7,0,1948,0,98199,47.6603,-122.394,1620,4000
307000.0,3,1.0,1020,8484,1.0,0,0,3,6,0,1949,0,98155,47.7719,-122.31,1180,9660
172040.0,3,2.25,1710,7134,1.0,0,0,4,7,580,1979,0,98031,47.3911,-122.191,1790,7455
555000.0,3,2.5,1940,3211,2.0,0,0,3,8,0,2009,0,98027,47.5644,-122.093,1880,3078
375000.0,3,1.75,1430,8412,1.0,0,0,4,7,360,1928,0,98125,47.7218,-122.299,1490,8410
490000.0,3,1.75,2020,215622,2.0,0,0,4,7,0,1975,0,98070,47.4189,-122.499,1810,215622
173000.0,4,2.0,1200,8460,1.0,0,0,5,7,0,1957,0,98188,47.4413,-122.277,1350,8623
435000.0,5,1.5,1720,12551,1.0,0,0,3,7,0,1967,0,98027,47.5241,-122.053,1560,12960
577000.0,5,2.75,1940,5000,2.0,0,0,5,7,0,1951,0,98107,47.6704,-122.362,1940,4230
419950.0,2,1.75,1350,4003,1.0,0,0,3,8,0,2004,0,98053,47.7176,-122.033,1350,4479
195000.0,3,1.0,1070,7615,1.0,0,0,4,7,0,1969,0,98023,47.3189,-122.373,1240,6906
474950.0,3,2.25,1850,2575,2.0,0,0,3,9,0,2013,0,98118,47.5525,-122.273,1080,4120
576000.0,3,1.0,1140,5395,1.0,0,0,4,7,130,1909,0,98115,47.6782,-122.306,1700,5376
348000.0,3,2.5,2060,7458,2.0,0,0,3,9,0,1989,0,98023,47.3045,-122.351,2480,7743
222000.0,3,2.0,1440,7187,1.0,0,0,4,7,470,1981,0,98023,47.291,-122.368,1440,7187
253000.0,3,1.5,880,6600,1.0,0,0,5,6,0,1945,0,98178,47.5002,-122.247,1020,6600
513000.0,4,2.0,2090,4000,1.0,0,0,3,7,610,1951,0,98107,47.6751,-122.379,1510,5000
666000.0,3,2.5,3000,5000,1.5,0,0,4,7,890,1918,0,98144,47.5781,-122.293,1970,5000
642000.0,4,2.5,2560,8780,2.0,0,0,3,9,0,1992,0,98029,47.5717,-121.991,2780,8357
631500.0,2,1.0,1130,2640,1.0,0,0,4,8,0,1927,0,98109,47.6438,-122.357,1680,3200
513000.0,4,2.5,2000,5684,2.0,0,0,3,8,0,1996,0,98028,47.7443,-122.22,2210,7066
179000.0,3,1.0,920,5200,1.0,0,0,4,6,0,1969,0,98042,47.3603,-122.085,920,5200
612000.0,3,3.0,2330,10327,1.0,0,0,3,9,0,1998,0,98034,47.7239,-122.164,2200,4629
485000.0,3,1.0,1020,9835,1.0,0,0,5,7,0,1955,0,98006,47.5728,-122.179,1210,9622
440000.0,3,1.75,2240,8153,1.0,0,0,3,7,1120,1948,0,98125,47.7303,-122.329,1710,8100
1275000.0,3,2.5,3870,46609,2.0,0,3,3,9,0,1997,0,98008,47.5966,-122.112,4030,17880
449000.0,2,1.75,1510,6852,1.0,0,0,3,8,0,2005,0,98053,47.7073,-122.012,1510,5912
204555.0,3,1.75,1260,15000,1.5,0,0,4,7,0,1983,0,98092,47.2737,-122.153,2400,21715
228950.0,4,3.0,2160,5200,1.0,0,0,3,7,840,1978,0,98042,47.3627,-122.091,1460,5144
305000.0,4,2.75,2030,8600,1.0,0,0,4,7,800,1977,0,98042,47.3942,-122.16,1810,8600
540000.0,3,1.75,1300,62290,1.0,0,0,3,7,0,1983,0,98053,47.6529,-121.979,1850,52272
925000.0,3,2.5,2440,7419,1.0,0,0,3,7,920,1961,0,98103,47.6857,-122.334,2440,4880
625000.0,3,1.0,1240,4080,1.0,0,0,3,7,0,1925,0,98103,47.667,-122.333,2060,4080
2110000.0,3,2.25,3230,17833,2.0,0,0,4,9,0,1973,0,98006,47.5683,-122.188,3690,17162
419190.0,2,2.5,1590,1426,2.0,0,0,3,8,0,2014,0,98029,47.5441,-122.013,1590,1426
540000.0,3,2.25,1670,3135,2.0,0,0,3,8,450,2002,0,98199,47.6478,-122.396,1630,1596
1600000.0,4,2.25,2940,5735,1.0,0,0,3,9,1470,1957,0,98112,47.6381,-122.304,2230,5659
734200.0,4,2.5,2760,5000,1.5,0,0,5,7,1080,1928,0,98107,47.6726,-122.371,1850,5000
471000.0,4,2.5,2040,21781,2.0,0,0,3,8,0,1994,0,98014,47.6458,-121.904,2410,21781
222200.0,2,1.0,1210,10000,1.0,0,0,3,7,0,1953,0,98148,47.4402,-122.333,1620,10959
575000.0,8,3.0,3840,15990,1.0,0,0,3,7,1310,1961,0,98034,47.7111,-122.211,1380,8172
345000.0,3,1.0,1010,3060,1.5,0,0,3,6,0,1904,0,98118,47.5657,-122.285,1330,4590
275000.0,3,1.0,1080,6000,1.0,0,0,4,7,0,1952,0,98133,47.7579,-122.33,1200,7210
585000.0,4,3.25,3410,34939,2.0,0,0,4,9,940,1992,0,98027,47.459,-122.003,2450,39045
581000.0,3,2.5,2600,4438,2.0,0,0,3,7,0,2004,0,98053,47.6799,-122.034,2600,4904
807000.0,3,2.5,1940,4000,2.0,0,0,4,9,0,2000,0,98199,47.659,-122.398,1410,4000
691000.0,4,2.75,2550,8632,1.0,0,0,3,8,850,1972,0,98033,47.6477,-122.197,2550,9534
343000.0,2,1.0,1180,9261,1.0,0,0,4,7,240,1957,0,98118,47.5492,-122.274,1700,6325
246000.0,3,2.25,1440,10500,1.0,0,0,3,8,310,1983,0,98023,47.318,-122.391,1510,8125
296000.0,2,1.0,750,4680,1.0,0,0,3,5,0,1948,0,98117,47.6919,-122.371,1450,4400
180000.0,3,1.0,1384,8960,1.0,0,0,4,6,0,1965,0,98023,47.3062,-122.371,1000,8470
629000.0,3,2.0,1510,4560,2.0,0,0,4,7,0,1909,1995,98116,47.5689,-122.408,1990,5000
270950.0,2,1.0,780,6250,1.0,0,0,3,6,0,1942,0,98168,47.5099,-122.33,1280,7100
560000.0,4,1.75,1880,3880,1.5,0,0,4,7,790,1944,0,98107,47.6635,-122.362,1390,3880
356000.0,3,2.25,2280,8765,2.0,0,0,3,8,0,1977,0,98058,47.4419,-122.133,1920,8265
995000.0,3,2.5,2460,10300,1.0,0,0,3,10,0,1992,0,98117,47.6999,-122.391,2410,5250
429950.0,3,2.25,2060,10160,1.0,0,0,4,8,720,1967,0,98155,47.7712,-122.285,2320,11186
762000.0,4,3.5,4000,15253,2.0,0,0,3,9,0,2007,0,98065,47.5433,-121.887,3550,8747
1580000.0,4,2.75,3480,19991,2.0,0,2,4,10,850,1979,0,98004,47.6354,-122.214,3770,20271
405000.0,5,3.5,3672,9742,2.0,0,0,3,9,666,2006,0,98092,47.3255,-122.192,2140,9118
1150000.0,2,2.25,2320,9300,1.5,0,4,5,9,400,1937,0,98115,47.681,-122.273,2790,9300
415000.0,3,1.0,1560,4500,1.5,0,0,3,7,0,1903,0,98122,47.6118,-122.306,1660,4500
230000.0,2,1.0,1470,25661,1.5,0,0,3,4,0,1932,0,98059,47.4878,-122.13,1670,43301
168000.0,2,2.5,1160,2174,2.0,0,0,3,7,0,1998,0,98106,47.5264,-122.366,1380,1919
228950.0,3,1.75,1200,9085,1.0,0,0,4,7,0,1968,0,98023,47.2795,-122.353,1200,9085
355000.0,3,2.25,1860,5028,2.0,0,0,3,8,0,2012,0,98019,47.7318,-121.982,2320,5465
170000.0,3,1.5,1350,81549,1.0,0,0,2,7,0,1966,0,98092,47.3099,-122.09,2220,93825
912000.0,4,2.75,4030,10888,2.0,0,0,3,10,0,1997,0,98075,47.5651,-122.034,3720,10756
522500.0,4,1.75,2100,6480,1.0,0,0,5,7,800,1947,0,98177,47.7049,-122.359,1840,7500
431000.0,4,2.5,2300,6087,2.0,0,0,3,7,0,2001,0,98056,47.5125,-122.192,1770,5907
412000.0,4,3.5,3360,9767,2.0,0,0,3,9,910,1990,0,98023,47.3047,-122.347,2580,8757
450000.0,4,2.0,1960,5008,1.0,0,0,3,6,980,1900,1988,98144,47.5958,-122.299,1175,2315
330000.0,5,3.0,2100,7715,1.0,0,0,3,7,850,2013,0,98168,47.4866,-122.319,2100,7959
439950.0,3,1.75,1720,223377,1.0,0,0,3,7,480,1950,0,98019,47.7329,-121.92,2530,221442
247000.0,4,2.0,1750,8116,1.0,0,0,4,5,0,1943,0,98056,47.5097,-122.181,1440,7865
450000.0,3,2.5,2620,14096,2.0,0,0,4,9,0,1989,0,98042,47.3513,-122.1,3010,14096
680000.0,3,2.5,2120,3600,2.0,0,0,3,9,0,2005,0,98052,47.6649,-122.082,2540,4592
499000.0,3,2.5,2090,8505,2.0,0,0,3,8,0,1951,1977,98177,47.7195,-122.371,1640,8100
920000.0,4,2.75,2880,5750,1.5,0,0,5,9,1170,1928,0,98116,47.5874,-122.387,1640,5750
995000.0,3,2.25,3200,3800,2.0,0,0,5,9,550,1914,0,98102,47.638,-122.317,2400,3900
750000.0,5,2.75,2860,6000,2.5,0,0,4,8,480,1902,0,98144,47.5906,-122.316,2240,6000
370000.0,4,2.75,3150,67518,1.0,0,0,4,9,900,1965,0,98092,47.3382,-122.196,2210,32391
350500.0,3,1.75,2080,5200,1.0,0,0,3,7,1040,1974,0,98166,47.4738,-122.35,1410,6550
495000.0,2,1.0,1670,14695,1.5,0,0,5,7,0,1930,0,98033,47.7001,-122.2,1800,11355
615000.0,3,1.0,1790,3876,1.5,0,0,5,7,700,1904,0,98144,47.575,-122.288,1360,4080
332100.0,5,3.5,2660,6978,2.0,0,0,3,8,680,1996,0,98092,47.2631,-122.212,2220,7294
615000.0,4,2.25,2330,7020,1.0,0,0,4,8,880,1973,0,98006,47.562,-122.139,2330,8500
850000.0,6,3.25,4920,20590,1.0,0,3,4,9,2190,1960,0,98118,47.5468,-122.267,3700,14994
214000.0,3,2.5,1600,2231,2.0,0,0,3,7,0,2003,0,98001,47.3314,-122.29,1600,2962
820000.0,5,2.75,2830,6137,2.0,0,0,3,9,0,2010,0,98074,47.5932,-122.058,3170,6285
335000.0,2,1.0,1440,8842,1.0,0,0,3,7,600,1950,0,98155,47.7443,-122.325,1650,8461
260000.0,5,1.0,1600,7350,1.0,0,0,5,7,0,1962,0,98031,47.3943,-122.196,1600,7725
726000.0,3,2.5,1890,3880,1.5,0,0,4,8,430,1915,0,98107,47.6642,-122.362,1010,3880
490000.0,4,2.5,2430,42646,1.0,0,0,3,7,980,1989,0,98014,47.6164,-121.953,2000,38159
546000.0,4,2.5,2100,1397,3.0,0,0,3,8,520,2008,0,98144,47.5928,-122.295,1490,1201
215000.0,2,1.0,1240,7200,1.0,0,0,3,7,0,1967,0,98168,47.4971,-122.282,1130,9200
940000.0,4,1.5,2430,3600,2.5,0,0,3,8,0,1980,0,98112,47.6351,-122.285,2020,4800
492500.0,4,2.75,2760,18306,1.0,0,0,3,7,1130,1978,0,98034,47.7302,-122.215,2470,9856
620000.0,4,2.5,3040,9606,2.0,0,0,3,7,0,2003,0,98053,47.6884,-122.044,1690,3849
563000.0,3,2.0,1380,5000,1.5,0,0,4,7,0,1917,0,98117,47.6807,-122.369,1350,5000
540000.0,2,1.0,1120,7500,1.0,0,2,4,7,0,1971,0,98008,47.619,-122.096,3040,16940
255000.0,3,2.5,1720,6194,2.0,0,0,3,8,0,1998,0,98092,47.2624,-122.221,1720,6211
798000.0,3,2.5,2849,9588,2.0,0,0,3,10,0,2001,0,98074,47.6487,-122.079,3190,8897
308000.0,3,2.5,2320,7140,2.0,0,0,3,8,0,1990,0,98003,47.275,-122.295,2360,7955
340000.0,3,1.75,1880,11249,1.0,0,0,3,7,550,1985,0,98001,47.3295,-122.257,1870,14547
450000.0,3,2.75,2240,3360,2.0,0,0,3,8,140,2014,0,98178,47.4999,-122.232,1790,5873
250000.0,2,1.75,1350,4023,1.0,0,0,3,7,0,2005,0,98038,47.3493,-122.023,1370,3570
590000.0,3,2.5,2290,4203,2.0,0,0,3,9,0,2001,0,98006,47.5441,-122.172,2290,5089
483000.0,3,2.25,2100,43560,1.0,0,0,4,8,770,1977,0,98077,47.7511,-122.072,2100,43560
215000.0,3,1.5,1280,5065,2.0,0,0,4,6,0,1983,0,98002,47.3343,-122.217,1070,4491
652000.0,3,2.25,1920,9600,1.0,0,0,4,8,360,1968,0,98052,47.6341,-122.103,2040,9600
395000.0,2,1.0,1100,3975,1.0,0,0,3,7,200,1950,0,98105,47.6701,-122.286,1110,4280
277700.0,2,1.5,1240,1055,2.0,0,0,3,8,40,1967,0,98008,47.6104,-122.112,1410,1340
1728000.0,4,3.0,3700,20570,1.0,0,0,4,10,1850,1976,0,98004,47.6212,-122.224,3080,17595
595000.0,3,2.75,3290,22649,2.0,0,0,4,8,0,1993,0,98056,47.5241,-122.193,2750,6119
750000.0,4,2.5,2680,4548,2.0,0,0,3,8,0,2009,0,98052,47.7073,-122.114,2750,4548
370000.0,4,2.5,2710,5880,2.0,0,0,3,9,0,1998,0,98092,47.3314,-122.172,2520,6000
428000.0,4,2.0,1300,7200,1.0,0,0,3,7,0,1958,0,98122,47.6169,-122.294,1540,6600
903000.0,2,1.5,1140,7800,1.0,0,0,4,6,0,1947,0,98004,47.6142,-122.209,2020,7800
245000.0,2,1.0,1020,15000,1.5,0,0,3,6,0,1933,0,98168,47.4956,-122.321,1480,14519
757500.0,5,2.25,3160,8065,2.0,0,0,3,8,0,1977,0,98027,47.5678,-122.089,2540,7917
637250.0,4,2.5,2120,3220,2.0,0,0,3,9,0,2005,0,98052,47.6662,-122.083,2120,3547
425000.0,4,3.0,2430,5502,2.0,0,0,3,8,0,2002,0,98038,47.356,-122.014,2000,5702
849000.0,3,1.75,2520,4534,1.0,0,0,5,9,1060,1954,0,98199,47.6381,-122.401,1870,5023
416500.0,4,2.0,2280,39848,2.0,0,0,4,8,0,1991,0,98070,47.5003,-122.465,1900,38472
775000.0,4,1.75,1890,4800,1.5,0,0,3,7,500,1906,0,98119,47.6405,-122.367,1890,4800
275400.0,2,1.0,890,8180,1.0,0,0,3,7,0,1947,0,98155,47.737,-122.3,1130,8180
525000.0,4,1.5,1170,6240,1.0,0,0,4,6,0,1960,0,98040,47.5495,-122.232,2380,8846
443000.0,2,1.0,1220,10170,1.0,0,0,3,7,240,1948,0,98125,47.7297,-122.327,1990,9064
310000.0,4,2.75,2060,8100,1.0,0,0,4,7,750,1988,0,98198,47.3581,-122.317,1540,8100
262000.0,1,0.75,520,12981,1.0,0,0,5,3,0,1920,0,98022,47.2082,-121.995,1340,12233
353500.0,3,2.5,1260,972,2.0,0,0,3,8,420,2008,0,98144,47.5872,-122.316,1270,925
245000.0,3,1.75,1260,8614,1.0,0,0,4,7,0,1985,0,98038,47.3586,-122.056,1600,8614
546500.0,3,2.5,2130,7199,2.0,0,0,3,8,0,1990,0,98074,47.6331,-122.027,1890,7546
431000.0,3,2.25,1830,8831,1.0,0,0,3,7,370,1979,0,98034,47.7286,-122.215,2330,8064
825000.0,4,3.5,3920,11086,2.0,0,0,3,10,0,1999,0,98065,47.5416,-121.869,3740,10880
197000.0,4,2.25,1790,13200,1.0,0,0,3,7,570,1979,0,98058,47.4672,-122.185,1740,8950
490000.0,3,2.5,3080,7363,2.0,0,0,3,9,0,2006,0,98055,47.4473,-122.205,2860,5273
661000.0,3,2.5,1940,8196,2.0,0,0,3,8,0,1991,0,98052,47.6786,-122.151,2070,8514
349950.0,4,1.75,1780,5000,1.0,0,0,5,7,890,1903,0,98108,47.5329,-122.292,1860,5000
340000.0,3,2.5,3040,6255,2.0,0,0,3,7,0,1999,0,98030,47.3817,-122.206,2670,6259
320000.0,2,1.0,1140,3834,1.5,0,0,3,6,0,1911,0,98126,47.5642,-122.378,1190,5750
1959000.0,5,4.5,6200,23373,3.0,0,1,4,11,1150,1988,0,98040,47.5632,-122.215,3700,14486
995000.0,5,4.0,5610,22529,2.0,0,0,3,11,1520,1996,0,98072,47.7239,-122.092,3860,24751
490000.0,4,1.75,1870,9500,1.0,0,0,4,7,780,1962,0,98033,47.7012,-122.187,2010,10000
578000.0,3,2.25,1790,9580,2.0,0,0,3,8,0,1984,0,98006,47.5541,-122.162,2060,9995
546940.0,3,1.0,1470,7680,1.0,0,0,3,7,250,1946,0,98106,47.5276,-122.359,1470,6784
510000.0,5,1.5,1550,9750,1.0,0,0,4,7,0,1966,0,98033,47.6811,-122.169,1970,9750
424000.0,3,1.0,1580,13912,1.0,0,0,4,8,0,1955,0,98155,47.7552,-122.276,2130,16420
532000.0,4,1.75,2020,7029,1.0,0,0,4,7,590,1979,0,98052,47.6983,-122.127,1780,7200
620000.0,3,1.75,1680,28046,1.0,0,3,3,8,500,1948,0,98177,47.7648,-122.37,2190,26308
350000.0,4,2.25,2300,4600,1.5,0,0,4,7,960,1904,0,98144,47.5895,-122.311,1540,3000
530000.0,3,1.75,1320,2500,1.0,0,0,3,7,450,1918,0,98105,47.6681,-122.305,1580,2750
370000.0,4,1.0,1540,9541,1.5,0,0,4,7,0,1961,0,98034,47.7104,-122.213,1290,9541
561750.0,5,1.75,2040,8996,1.0,0,2,4,7,1020,1962,0,98008,47.588,-122.118,1950,8270
635000.0,3,2.5,2300,5500,1.5,0,0,4,8,300,1921,0,98144,47.5785,-122.293,2100,5000
635700.0,4,2.5,3240,13978,1.0,0,0,3,9,1380,1977,0,98074,47.6298,-122.057,3150,12767
960000.0,3,2.5,1730,4102,3.0,1,4,3,8,0,1996,0,98074,47.645,-122.084,2340,16994
685000.0,3,1.75,2720,4720,1.5,0,0,4,7,1140,1925,0,98105,47.6691,-122.29,1660,4640
1200000.0,4,3.5,3930,43560,2.0,0,0,3,10,0,2003,0,98072,47.7497,-122.121,2860,36460
499950.0,3,2.5,1520,2208,2.0,0,0,3,8,480,2007,0,98119,47.6419,-122.374,1610,1618
239000.0,3,1.0,940,8571,1.0,0,0,3,6,0,1950,0,98146,47.5006,-122.336,1100,8573
1275000.0,4,2.5,2720,16454,1.0,0,1,5,9,850,1963,0,98040,47.5489,-122.216,3560,15993
760000.0,4,3.25,2690,3995,2.0,0,0,3,9,630,2014,0,98136,47.532,-122.384,1810,4590
369946.0,3,2.5,2420,4725,2.0,0,0,3,8,0,2014,0,98038,47.371,-122.018,2370,4200
314500.0,3,2.0,2050,13303,1.0,0,0,3,8,0,1993,0,98003,47.2681,-122.31,2180,11590
679000.0,4,2.75,2100,4480,1.5,0,0,4,7,320,1928,0,98105,47.6691,-122.294,2050,4480
565000.0,5,1.75,1910,9720,1.0,0,0,4,7,520,1955,0,98006,47.5772,-122.159,1750,9720
569900.0,5,3.25,2360,3873,2.0,0,0,3,8,370,2006,0,98108,47.5635,-122.299,1720,3071
299000.0,3,2.5,1850,4600,2.0,0,0,3,7,0,2005,0,98058,47.4661,-122.145,2160,4751
329999.0,3,1.0,1150,6908,1.0,0,0,3,6,350,1952,0,98155,47.7447,-122.313,1150,6908
2900000.0,4,3.25,5050,20100,1.5,0,2,3,11,300,1982,2008,98004,47.6312,-122.223,3890,20060
832500.0,4,2.5,3450,35100,2.0,0,0,3,10,0,1987,0,98052,47.7302,-122.106,3110,35894
302000.0,5,2.25,2180,7813,2.0,0,0,3,7,0,1986,0,98038,47.3651,-122.051,1880,8649
399000.0,3,1.0,990,4250,1.0,0,0,4,7,150,1924,0,98136,47.5392,-122.39,990,4500
587000.0,4,2.75,3190,8737,2.0,0,0,3,9,0,2006,0,98065,47.523,-121.877,3240,7131
455000.0,2,2.0,1350,1209,3.0,0,0,3,8,0,2013,0,98199,47.649,-122.383,1310,982
299999.0,3,2.5,2380,9719,2.0,0,0,3,8,0,2001,0,98001,47.2932,-122.283,2830,11505
333000.0,3,1.5,1260,5758,2.0,0,0,3,7,0,1999,0,98006,47.5524,-122.139,3090,10142
520000.0,2,1.0,950,3880,1.0,0,0,4,6,0,1919,0,98117,47.687,-122.389,1660,3880
439950.0,2,2.0,1440,4666,1.0,0,0,3,8,0,2010,0,98053,47.709,-122.019,1510,4595
526000.0,3,2.25,2000,18099,1.0,0,0,4,8,750,1978,0,98006,47.5443,-122.18,2060,12000
380000.0,3,2.5,2150,25705,1.5,0,0,3,6,0,1980,2009,98058,47.4514,-122.089,1850,20160
390000.0,3,1.75,1220,216332,1.0,0,0,3,7,0,1981,0,98019,47.7224,-121.926,1540,61419
965000.0,4,3.25,5010,49222,2.0,0,0,5,9,1300,1978,0,98027,47.5489,-122.092,3140,54014
395000.0,4,1.0,1440,8320,1.5,0,0,3,7,0,1946,0,98155,47.7529,-122.318,1440,9230
259900.0,4,2.75,1560,8820,1.0,0,3,3,7,500,1979,0,98001,47.3382,-122.257,2140,7800
232000.0,2,1.0,1240,12092,1.0,0,0,3,6,280,1922,1984,98146,47.4957,-122.352,1820,7460
293000.0,3,2.5,1990,7577,2.0,0,0,3,7,0,1990,0,98023,47.2908,-122.351,1900,7152
760000.0,4,2.5,2850,11000,2.0,0,0,3,8,0,1998,0,98052,47.6759,-122.161,1720,11000
361000.0,3,1.0,1100,4046,1.5,0,4,4,6,0,1922,0,98198,47.344,-122.331,2550,7847
930000.0,3,2.5,3780,35273,1.5,0,0,3,10,0,1986,0,98072,47.7499,-122.119,3450,35273
305000.0,2,1.5,800,2142,2.0,0,0,3,7,0,2006,0,98144,47.5917,-122.297,1320,2742
565000.0,5,3.5,2700,11675,1.5,0,2,4,6,750,1948,0,98133,47.7172,-122.349,2160,8114
725000.0,4,2.75,2440,7042,1.5,0,2,4,7,800,1941,0,98116,47.5731,-122.408,2170,7900
561000.0,5,2.75,3370,10315,2.0,0,0,3,9,0,2006,0,98059,47.4893,-122.146,3010,8296
439950.0,3,2.25,2170,15000,2.0,0,0,4,8,0,1978,0,98042,47.3863,-122.158,2430,14256
366000.0,4,2.75,2170,9743,2.0,0,0,3,7,0,1995,0,98038,47.3814,-122.024,1670,7734
419000.0,4,2.0,2180,10447,1.0,0,0,4,8,900,1969,0,98155,47.7675,-122.279,2190,10987
392500.0,4,2.75,2400,19923,1.0,0,0,5,7,1080,1953,0,98042,47.3616,-122.144,2470,10736
432500.0,4,1.75,1500,1856,1.0,0,0,5,7,750,1901,0,98144,47.5917,-122.296,1220,1739
519000.0,2,2.0,1560,4823,1.0,0,0,3,8,0,2004,0,98053,47.7111,-122.032,1855,4989
538000.0,3,1.75,1770,8050,1.0,0,0,4,7,750,1963,0,98008,47.5862,-122.118,2000,7875
280000.0,3,1.75,1670,6034,1.0,0,0,3,7,680,1957,0,98118,47.5209,-122.286,1230,6034
300000.0,4,2.5,1910,4862,2.0,0,0,3,7,0,2005,0,98038,47.3607,-122.034,2010,5091
806000.0,4,2.5,3370,9629,2.0,0,0,3,10,0,1999,0,98075,47.5896,-121.978,3360,10335
396000.0,3,1.0,1500,12616,1.0,0,0,3,7,0,1967,0,98072,47.7415,-122.101,1820,13950
410000.0,3,2.75,1690,5763,1.0,0,0,5,7,510,1985,0,98011,47.7336,-122.202,1560,7518
1680000.0,4,3.75,7620,29536,2.0,0,3,3,11,1640,2005,0,98006,47.5571,-122.14,2840,20809
970000.0,5,3.0,3480,15185,2.0,0,0,4,8,0,1964,0,98040,47.5757,-122.216,3030,14257
410000.0,3,1.75,1510,6597,1.0,0,0,4,6,560,1939,0,98144,47.5938,-122.315,1460,5320
675000.0,3,3.25,1510,2064,2.0,0,0,3,8,290,2008,0,98109,47.6398,-122.345,1670,2594
323000.0,3,1.75,1830,12500,1.0,0,1,3,7,630,1947,0,98178,47.5087,-122.25,1830,7300
495000.0,4,2.5,2140,7245,2.0,0,0,3,7,0,2003,0,98133,47.729,-122.35,2080,7875
740000.0,4,1.75,2010,3600,1.5,0,0,3,7,0,1902,0,98119,47.6337,-122.371,2010,3600
337000.0,3,1.75,1400,6000,1.0,0,0,4,7,700,1919,0,98108,47.5283,-122.321,1030,6000
450000.0,4,2.5,2300,19250,1.0,0,0,4,7,0,1955,0,98045,47.4793,-121.776,1460,19250
140000.0,3,1.75,1270,8991,2.0,0,0,3,7,0,1981,0,98042,47.3563,-122.149,1270,8993
575000.0,4,1.75,2440,8100,1.0,0,0,4,9,820,1960,0,98177,47.7201,-122.361,2030,8100
240000.0,3,2.0,1220,17652,1.0,0,0,4,7,0,1980,0,98059,47.4712,-122.1,1990,17652
390000.0,4,2.5,2340,8548,2.0,0,0,3,8,0,1993,0,98031,47.4206,-122.183,1970,6818
247000.0,1,1.0,460,4120,1.0,0,0,3,4,0,1937,0,98055,47.4868,-122.199,990,4120
814950.0,4,2.75,2990,6626,2.0,0,0,3,9,0,2014,0,98052,47.7107,-122.11,2910,5533
350000.0,3,1.0,1680,8010,1.0,0,0,3,7,840,1951,0,98117,47.6993,-122.376,1890,8778
297000.0,3,2.5,1940,14952,2.0,0,0,3,8,0,1994,0,98042,47.3777,-122.165,2030,10450
340000.0,3,2.5,2690,8577,2.0,0,0,3,9,0,1987,0,98023,47.3026,-122.351,2570,8066
390000.0,4,2.5,2610,7227,2.0,0,0,3,9,0,2011,0,98010,47.314,-122.023,2630,7421
432500.0,4,2.5,3172,5033,2.0,0,0,3,8,0,2014,0,98023,47.2961,-122.348,2704,5232
871000.0,5,1.75,2360,6150,1.0,0,0,5,7,1180,1940,0,98107,47.6732,-122.4,2100,5500
507500.0,3,2.0,2020,8118,1.0,0,0,3,7,1000,1963,0,98008,47.5866,-122.118,1670,8118
1170000.0,3,2.75,2890,12130,2.0,0,3,4,10,60,1987,0,98033,47.6505,-122.203,2415,11538
1300000.0,3,3.25,3400,5979,2.0,0,0,4,9,1110,1937,0,98105,47.6585,-122.273,3090,6435
276000.0,1,0.75,370,1801,1.0,0,0,5,5,0,1923,0,98117,47.6778,-122.389,1340,5000
247500.0,4,2.0,2460,5921,1.0,0,0,4,7,1230,1948,0,98002,47.308,-122.209,1260,6648
580000.0,3,2.5,1620,1173,3.0,0,4,3,8,150,2008,0,98103,47.6681,-122.355,1620,1505
575000.0,3,1.75,2010,3800,2.0,0,0,2,7,0,1922,0,98112,47.6408,-122.307,1540,3800
589000.0,3,1.0,1110,6000,1.5,0,0,5,7,0,1932,0,98199,47.6496,-122.403,1420,6000
480000.0,5,2.75,2760,7200,1.0,0,0,3,7,1330,1979,0,98072,47.7563,-122.147,2460,8750
487275.0,4,2.5,2400,3986,2.0,0,0,3,8,0,1999,0,98065,47.5344,-121.877,2070,3986
340000.0,3,1.75,1720,10710,1.0,0,0,3,7,860,1957,0,98146,47.5092,-122.362,1480,10359
518000.0,5,1.0,1590,5000,1.5,0,0,3,7,400,1929,0,98116,47.5752,-122.381,1590,5000
310000.0,2,1.0,1560,4920,1.0,0,0,4,6,780,1947,0,98125,47.7248,-122.325,1760,7510
390000.0,3,1.0,950,3621,1.0,0,0,4,6,0,1947,0,98144,47.575,-122.289,1540,4080
670000.0,2,1.75,1650,7500,1.0,0,0,4,7,650,1959,0,98033,47.6871,-122.207,2530,9000
372977.0,3,2.5,1690,1618,2.0,0,0,3,8,540,2014,0,98029,47.5518,-121.998,1690,1618
769000.0,4,2.75,3630,15405,1.0,0,2,4,8,1780,1968,0,98040,47.566,-122.225,3380,11184
556000.0,5,2.5,3840,16905,2.0,0,0,3,11,0,1991,0,98023,47.2996,-122.342,3270,12133
870000.0,4,2.5,2650,12001,2.0,0,0,4,9,0,1984,0,98006,47.5496,-122.14,2880,14054
513000.0,4,2.5,2660,8887,1.0,0,0,4,8,780,1967,0,98166,47.439,-122.342,1910,9620
970000.0,4,4.5,3890,5906,2.0,0,3,3,11,830,2004,0,98029,47.5426,-121.995,4170,6052
2250000.0,3,3.25,3890,3452,2.0,0,0,3,12,1000,2006,0,98102,47.626,-122.323,2860,2199
639000.0,3,2.25,1400,2421,2.0,0,0,3,9,0,2005,0,98034,47.695,-122.169,1500,2743
715000.0,4,2.5,2570,7980,2.0,0,0,3,9,0,1998,0,98074,47.6378,-122.065,2760,6866
286000.0,3,2.5,1800,3980,2.0,0,0,3,7,0,2006,0,98042,47.4006,-122.162,2580,4307
303100.0,3,1.5,1640,5650,1.0,0,0,3,8,0,1952,0,98178,47.509,-122.251,1640,5650
459950.0,3,1.75,1850,6869,1.0,0,2,5,6,750,1919,1934,98166,47.4648,-122.363,1850,10096
495000.0,4,2.5,2370,15336,2.0,0,0,3,8,0,1995,0,98024,47.5633,-121.901,2110,15925
633634.0,4,3.5,2960,6000,2.0,0,0,3,9,0,2014,0,98065,47.5183,-121.886,2960,6000
423000.0,3,1.75,1820,6038,1.0,0,0,4,7,780,1952,0,98126,47.5233,-122.378,1700,6040
408000.0,3,1.0,1420,8000,1.0,0,4,3,7,0,1950,0,98118,47.5169,-122.255,1780,8295
490000.0,4,2.5,2570,6157,2.0,0,0,3,7,0,2006,0,98065,47.5389,-121.89,2060,5292
356000.0,2,1.0,1430,365904,1.0,0,0,3,7,420,1991,0,98065,47.513,-121.857,2300,253519
109000.0,2,0.5,580,6900,1.0,0,0,3,5,0,1941,0,98118,47.5135,-122.262,1570,5040
435000.0,1,1.0,670,1800,1.0,0,0,5,6,0,1905,0,98103,47.654,-122.35,1330,3360
290000.0,2,1.0,960,4000,1.0,0,0,3,6,0,1918,0,98118,47.5554,-122.267,1210,4000
635000.0,5,2.75,2620,5500,1.5,0,0,3,7,910,1911,0,98117,47.6806,-122.388,1790,5500
720000.0,3,2.75,2440,76531,1.0,0,0,3,10,800,1980,0,98072,47.7672,-122.161,1890,10042
512500.0,4,1.75,1540,8311,1.0,0,0,4,7,0,1950,0,98125,47.7046,-122.293,1890,7996
367500.0,5,3.0,2980,10064,1.0,0,0,3,7,1300,1940,0,98155,47.7372,-122.316,1590,7800
275000.0,2,1.0,840,4000,1.0,0,0,3,6,0,1942,0,98108,47.5531,-122.307,1100,4000
393000.0,5,1.75,1610,15246,1.0,0,0,3,6,0,1936,0,98024,47.5654,-121.894,1410,10500
399000.0,5,2.0,2620,7030,1.0,0,0,3,8,1200,1965,0,98133,47.7338,-122.352,1360,7964
813000.0,4,2.75,3370,6675,1.0,0,3,4,8,1450,1948,0,98144,47.5887,-122.291,2250,5550
740000.0,4,2.25,2230,6000,1.5,0,2,3,8,420,1928,0,98199,47.6464,-122.391,2840,6000
372000.0,3,1.0,2298,10140,1.0,0,0,3,7,0,1969,0,98052,47.6909,-122.083,2580,24724
345000.0,3,1.75,1240,38095,1.0,0,0,3,7,0,1978,0,98053,47.6522,-121.97,2060,38552
450000.0,4,2.25,1990,7320,1.0,0,0,4,7,960,1965,0,98126,47.5237,-122.376,1320,7320
301950.0,3,1.75,1370,9288,1.0,0,0,4,7,0,1988,0,98059,47.4824,-122.152,1500,9864
555565.0,3,2.0,1670,11337,1.0,0,1,4,7,0,1959,0,98033,47.6602,-122.188,2210,11337
450000.0,4,2.5,2500,36254,1.0,0,0,4,8,910,1978,0,98027,47.4685,-122.004,2360,36254
910000.0,2,2.5,2000,5150,2.0,0,4,3,9,0,1992,0,98034,47.7056,-122.223,2510,6800
510000.0,3,2.25,2370,38639,1.0,0,0,3,8,440,1978,0,98077,47.771,-122.099,2900,37452
368500.0,4,2.75,2500,26400,1.0,0,0,3,8,720,1977,0,98031,47.3444,-122.084,2180,31900
525000.0,3,1.75,2120,9146,1.0,0,0,3,8,860,1981,0,98074,47.6475,-122.064,2040,10485
615000.0,3,2.5,2250,10171,2.0,0,0,3,9,0,1987,0,98006,47.5613,-122.11,2440,13390
700000.0,3,1.75,1990,13000,2.0,0,3,3,9,0,1980,0,98028,47.7439,-122.262,2880,11340
1210000.0,4,3.75,4980,18069,2.0,0,3,3,11,0,2006,0,98065,47.5348,-121.856,4080,14577
600000.0,4,2.5,2310,3866,2.0,0,0,3,8,0,2005,0,98029,47.5498,-121.996,1950,4023
384000.0,3,2.25,1430,800,2.0,0,0,3,8,290,2011,0,98136,47.5477,-122.388,1430,1387
320000.0,3,3.25,1480,1192,2.0,0,0,3,8,300,2013,0,98106,47.5556,-122.363,1330,1094
440000.0,4,3.5,3180,4869,2.0,0,0,3,8,790,2007,0,98055,47.4482,-122.206,2850,4500
435000.0,2,1.0,1650,5106,1.0,0,0,3,7,560,1960,0,98115,47.6992,-122.309,1300,6947
420000.0,4,1.75,2380,15324,1.0,0,0,3,8,770,1978,0,98074,47.6262,-122.049,2540,12608
1135000.0,4,3.25,4130,11444,2.0,0,0,3,11,0,2001,0,98059,47.5208,-122.15,3720,11431
505000.0,4,2.5,3170,5340,2.0,0,0,3,7,0,2000,0,98059,47.4911,-122.138,3010,5340
575000.0,2,1.0,1250,4320,1.0,0,0,4,7,400,1911,0,98103,47.6549,-122.352,1520,4320
210500.0,3,1.0,1220,9600,1.0,0,0,5,7,0,1958,0,98001,47.2622,-122.282,1310,9600
232000.0,2,1.0,960,8100,1.0,0,0,3,6,150,1936,0,98168,47.494,-122.304,960,12150
731000.0,5,2.5,3670,8960,1.5,0,0,3,8,0,1973,0,98052,47.6654,-122.142,2340,9425
285000.0,3,1.5,1380,12196,1.0,0,0,4,7,0,1967,0,98003,47.3204,-122.322,1600,10720
315000.0,3,2.25,2170,8480,1.0,0,0,3,8,0,1965,0,98148,47.4562,-122.33,2080,8452
212000.0,3,1.5,1010,10000,1.0,0,0,4,7,0,1973,0,98003,47.2881,-122.294,2420,34637
1200000.0,3,1.75,1560,8078,1.5,1,4,4,6,0,1928,0,98040,47.5779,-122.246,2890,16710
425000.0,4,2.5,2460,5440,2.0,0,0,3,9,0,2003,0,98058,47.448,-122.121,2460,5124
255000.0,3,1.5,1320,7980,1.0,0,0,3,7,0,1956,0,98178,47.5068,-122.259,2000,7700
550000.0,3,2.25,1880,11556,2.0,0,0,3,8,0,1987,0,98074,47.6283,-122.032,1880,12000
525000.0,4,2.75,2360,4924,2.0,0,0,3,8,0,2008,0,98028,47.7737,-122.235,2360,4670
675000.0,3,2.25,2770,15886,2.0,0,0,3,10,0,1982,0,98177,47.7464,-122.362,3290,15886
500000.0,4,2.25,2270,8196,1.0,0,0,5,7,1120,1963,0,98034,47.7214,-122.227,1920,10122
500000.0,3,1.0,1440,54315,1.0,0,0,3,7,650,1974,0,98075,47.591,-122.01,2690,40518
300000.0,4,2.0,2050,8750,1.0,0,0,3,7,750,1967,0,98058,47.4324,-122.171,2050,8750
316500.0,3,1.75,1460,6360,1.0,0,2,3,7,450,1979,0,98106,47.5311,-122.353,1400,4240
403000.0,3,2.75,2090,8354,2.0,0,0,3,8,0,2012,0,98019,47.7336,-121.965,2280,6348
448000.0,4,2.5,2230,5000,1.0,0,0,3,7,580,2006,0,98059,47.4799,-122.129,2090,4637
660000.0,10,3.0,2920,3745,2.0,0,0,4,7,1060,1913,0,98105,47.6635,-122.32,1810,3745
427550.0,2,1.0,880,4000,1.0,0,0,3,7,0,1940,0,98117,47.6848,-122.386,1150,4000
463000.0,3,2.5,1640,29970,2.0,0,0,3,7,0,1992,0,98053,47.6359,-121.974,1580,28399
402500.0,4,2.5,2600,11951,2.0,0,0,3,10,0,1988,0,98023,47.3053,-122.34,2820,12093
455000.0,4,2.5,2210,49375,1.0,0,0,3,8,0,1997,0,98038,47.3828,-122.071,2670,49385
311500.0,4,2.5,1940,10133,2.0,0,0,3,8,0,1992,0,98031,47.3877,-122.171,1940,7265
426500.0,4,2.5,2700,6515,2.0,0,0,3,9,0,1998,0,98058,47.4356,-122.11,2900,6710
440000.0,4,2.5,3080,10646,2.0,0,0,3,9,0,1993,0,98042,47.3828,-122.148,2740,9994
375000.0,3,1.5,1630,16170,1.0,0,0,3,7,0,1988,0,98034,47.7104,-122.235,1630,9931
635000.0,4,3.25,2690,7200,2.0,0,3,3,9,970,1978,0,98155,47.7341,-122.288,2400,8845
299000.0,4,2.5,2300,8100,1.0,0,0,4,8,940,1979,0,98023,47.2979,-122.371,1910,7630
485500.0,4,2.5,2320,3974,2.0,0,0,3,7,0,1999,0,98065,47.532,-121.88,2620,4539
579000.0,3,2.5,1990,4040,1.5,0,0,5,8,600,1926,0,98103,47.6867,-122.354,1180,3030
580000.0,4,1.5,2430,4995,1.5,0,0,4,7,700,1928,0,98144,47.5782,-122.292,2240,5000
235000.0,2,2.25,1660,2748,2.0,0,0,3,7,0,1995,0,98055,47.4333,-122.212,1620,3167
275000.0,3,1.0,990,9798,1.0,0,0,3,7,0,1968,0,98072,47.767,-122.164,1210,9870
356000.0,3,1.5,1680,8712,1.0,0,0,3,8,0,1964,0,98059,47.4811,-122.149,1850,8797
875000.0,4,3.5,3790,6874,2.5,0,0,3,9,0,2010,0,98053,47.6956,-122.022,3370,6535
649000.0,2,2.75,2090,23962,2.0,0,3,4,8,0,1988,0,98070,47.4145,-122.44,1820,32340
487000.0,6,3.25,4750,248600,2.0,0,0,4,8,0,1947,0,98022,47.1879,-121.973,2230,311610
332000.0,3,1.75,1340,13115,1.0,0,0,3,7,0,1978,0,98045,47.5021,-121.77,1370,10800
640000.0,4,2.75,3040,7274,2.0,0,3,3,9,720,1986,0,98125,47.7184,-122.28,2830,10080
605000.0,2,1.0,1550,3200,1.5,0,0,3,8,0,1927,0,98112,47.6368,-122.306,1800,3937
350000.0,3,1.75,1970,10800,1.0,0,0,4,7,670,1979,0,98056,47.5107,-122.172,1970,8768
585000.0,3,1.75,2170,153767,1.0,0,0,3,7,0,1976,0,98042,47.3694,-122.065,2840,49500
900000.0,4,3.0,3810,217800,2.0,0,0,3,9,0,2003,0,98077,47.7696,-122.021,2580,217364
799000.0,3,2.0,2550,4794,2.0,0,0,3,9,0,2007,0,98115,47.6955,-122.29,1630,5100
220000.0,4,1.5,1180,8058,1.0,0,0,5,7,0,1969,0,98092,47.2966,-122.19,1800,9348
615000.0,4,1.75,2300,11700,1.0,0,0,4,9,340,1977,0,98052,47.6331,-122.094,2840,12000
337000.0,3,1.75,1310,12750,1.0,0,0,3,7,0,1993,0,98059,47.4695,-122.07,1790,13500
524000.0,3,2.25,2430,73151,1.0,0,0,3,8,0,1974,0,98059,47.4749,-122.092,2800,39250
896000.0,4,1.75,2660,3520,2.0,0,0,4,8,580,1917,0,98115,47.6743,-122.308,2100,4080
865000.0,5,3.0,2900,6730,1.0,0,0,5,8,1070,1977,0,98115,47.6784,-122.285,2370,6283
520000.0,3,1.75,2310,36665,1.0,0,2,3,8,730,1983,0,98155,47.7697,-122.274,2000,14000
688000.0,4,3.0,3400,292723,2.0,0,0,3,10,0,1998,0,98045,47.4883,-121.725,1760,69696
315000.0,2,1.0,1030,8576,1.5,0,0,5,6,0,1952,0,98155,47.7352,-122.295,1310,8504
197500.0,2,1.0,820,8860,1.0,0,0,3,6,0,1950,0,98055,47.452,-122.19,1660,15375
635000.0,4,1.75,2400,10050,1.0,0,0,5,8,0,1957,0,98008,47.6339,-122.124,1680,10050
275000.0,3,1.5,1950,7620,1.0,0,0,4,7,940,1956,0,98166,47.4594,-122.346,1850,7620
598800.0,1,1.0,1090,32010,1.0,0,0,4,6,0,1958,0,98014,47.6928,-121.87,1870,25346
467000.0,3,1.0,1660,6582,1.0,0,0,5,7,660,1946,0,98133,47.7169,-122.353,1110,6584
440000.0,4,1.75,2800,49149,1.0,0,0,4,7,1400,1978,0,98027,47.4649,-122.034,2560,61419
355000.0,3,1.75,1870,8250,2.0,0,0,3,7,0,1956,1979,98188,47.445,-122.285,1350,8714
300000.0,3,2.5,2090,4590,2.0,0,0,3,7,0,2005,0,98042,47.3992,-122.163,2190,4060
619950.0,2,1.0,1520,5400,1.0,0,0,3,7,600,1951,0,98115,47.6796,-122.279,1600,5400
644000.0,4,2.5,3310,4839,2.0,0,0,3,9,0,2007,0,98072,47.773,-122.161,3240,5280
377000.0,3,1.75,1820,34800,1.0,0,0,4,6,0,1967,0,98027,47.4616,-121.98,2570,52707
237200.0,3,1.5,1220,9000,1.0,0,0,4,7,0,1968,0,98042,47.3642,-122.109,1220,9472
375000.0,4,1.0,1450,6820,1.5,0,0,3,6,0,1947,0,98133,47.7061,-122.347,1450,6820
212000.0,3,2.25,1900,18000,1.0,0,0,4,7,620,1968,0,98023,47.3251,-122.354,1920,15000
485000.0,4,2.75,2560,8956,1.0,0,0,4,7,1060,1968,0,98034,47.7278,-122.177,2280,9234
542000.0,3,1.75,1070,8030,1.0,0,0,3,7,0,1966,2014,98052,47.67,-122.155,1540,7875
383000.0,3,2.25,2090,15000,1.0,0,0,3,7,0,1961,0,98045,47.4885,-121.783,1690,14400
355000.0,3,2.0,2160,8091,1.5,0,0,3,8,0,2000,0,98003,47.3474,-122.303,2190,8297
675000.0,4,2.75,2280,3200,1.5,0,0,5,8,760,1931,0,98105,47.6709,-122.282,1970,4687
570000.0,4,3.5,3990,23544,1.0,0,2,3,10,1690,1999,0,98023,47.3245,-122.38,3410,15932
780000.0,3,2.5,2610,7567,2.0,0,0,3,9,0,1997,0,98052,47.6654,-122.137,2610,8458
824000.0,4,3.5,3650,57538,2.0,0,0,3,10,0,1996,0,98077,47.7711,-122.041,3730,56257
410000.0,3,2.0,1750,2550,1.0,0,0,3,7,0,1955,0,98133,47.7329,-122.343,1370,1533
650000.0,4,2.5,2530,6500,1.5,0,0,3,8,810,1975,0,98115,47.6737,-122.284,2150,5280
350000.0,4,2.5,2500,5831,2.0,0,0,3,8,0,2007,0,98038,47.3454,-122.039,2500,5188
350000.0,3,1.0,1190,3600,1.5,0,0,3,6,0,1904,0,98144,47.5985,-122.298,1680,3600
965000.0,4,2.5,3920,41206,2.0,0,0,4,10,0,1988,0,98072,47.7325,-122.132,3780,36562
3710000.0,4,3.5,5550,28078,2.0,0,2,4,12,2200,2000,0,98039,47.6395,-122.234,2980,19602
250000.0,5,1.75,2320,7700,1.0,0,0,5,7,1030,1962,0,98001,47.3426,-122.285,1740,7210
360000.0,5,3.0,2480,7200,1.0,0,0,3,7,920,1999,0,98188,47.4586,-122.283,1910,9432
350000.0,4,3.0,2560,5606,2.0,0,0,3,9,0,2004,0,98092,47.3274,-122.178,2667,7334
545000.0,4,2.5,2820,25995,2.0,0,0,3,9,0,1998,0,98010,47.3415,-122.029,3330,27653
375000.0,3,1.75,1160,22470,1.0,0,0,4,7,0,1976,0,98028,47.7595,-122.23,1940,15999
254922.0,2,1.0,780,8160,1.0,0,0,4,6,0,1953,0,98133,47.7356,-122.34,1310,8160
950000.0,4,2.5,1700,4418,2.0,0,0,3,8,0,1931,2000,98112,47.6434,-122.3,2090,4174
359000.0,3,1.5,1550,4980,1.0,0,0,3,7,470,1978,0,98133,47.7035,-122.34,940,4980
335000.0,4,2.25,2160,8817,1.0,0,0,3,7,700,1965,0,98133,47.7595,-122.356,1880,8817
449250.0,4,2.0,1480,3844,1.5,0,0,5,7,0,1928,0,98133,47.7042,-122.352,1480,3844
960000.0,3,2.5,2010,6857,1.0,0,0,4,9,560,1955,0,98102,47.6402,-122.314,2380,6370
745000.0,5,4.0,4720,493534,2.0,0,0,5,9,760,1975,0,98027,47.4536,-122.009,2160,219542
411500.0,3,1.0,1130,8159,1.0,0,0,4,7,0,1954,0,98133,47.7362,-122.333,1570,8162
795000.0,5,3.0,2750,10000,1.0,0,0,4,7,1020,1957,0,98008,47.5878,-122.13,2520,10000
509000.0,4,2.5,2600,9355,1.0,0,0,3,9,760,1983,0,98028,47.7446,-122.249,2250,7691
270000.0,3,2.25,2080,4252,1.5,0,0,3,7,530,2003,0,98042,47.4203,-122.157,2080,2275
559950.0,5,3.5,2450,8193,2.0,0,0,3,9,0,2005,0,98028,47.7721,-122.241,2310,8193
458450.0,4,1.0,1330,9715,1.0,0,0,4,7,360,1957,0,98008,47.6038,-122.122,1590,8400
467500.0,3,1.0,1830,6453,1.0,0,0,4,7,0,1956,0,98125,47.7139,-122.288,1670,8012
600000.0,3,2.5,4930,77536,2.0,0,0,3,9,1000,1981,0,98072,47.7634,-122.139,2760,7351
289000.0,3,2.5,1490,8628,2.0,0,0,3,7,0,1994,0,98038,47.3643,-122.041,1640,8514
270000.0,3,2.5,1770,8640,1.0,0,0,3,7,350,1986,0,98001,47.326,-122.273,1894,7974
276000.0,2,1.0,1140,7200,1.0,0,0,3,6,0,1923,1951,98065,47.5265,-121.823,1110,7200
656000.0,3,1.75,1480,7475,1.5,0,0,3,8,0,1943,0,98115,47.6732,-122.272,2120,7216
494500.0,4,3.0,3760,8804,2.0,0,0,3,8,1290,2002,0,98056,47.5161,-122.191,1960,7225
210000.0,3,1.0,1110,7962,1.0,0,0,3,7,0,1962,0,98146,47.5035,-122.36,1200,8094
213000.0,4,1.75,1980,9000,1.0,0,0,2,7,500,1978,0,98023,47.3071,-122.381,1980,9360
505000.0,2,1.0,1000,4640,1.0,0,2,3,7,0,1915,0,98116,47.5659,-122.389,1940,5800
345000.0,3,2.5,1540,3237,2.0,0,0,3,7,0,1999,0,98065,47.5299,-121.878,1780,3411
825000.0,5,3.0,4080,7500,2.0,0,2,4,8,1360,1961,0,98103,47.6722,-122.349,2000,4545
229950.0,4,2.5,2150,7670,1.0,0,0,5,7,910,1976,0,98031,47.3942,-122.189,1610,7350
975000.0,3,2.5,1660,1344,3.0,0,0,3,8,0,2008,0,98102,47.644,-122.327,1750,2040
444950.0,3,2.5,2020,7800,1.0,0,0,4,7,690,1958,0,98133,47.7368,-122.337,1870,7800
682500.0,6,4.5,3500,8504,2.0,0,0,3,7,0,1980,0,98155,47.7351,-122.295,1550,8460
498000.0,4,2.5,3402,14355,2.0,0,0,3,10,556,2014,0,98023,47.3009,-122.385,3402,8487
270000.0,3,2.25,2140,9990,1.0,0,0,4,8,0,1962,0,98003,47.3484,-122.298,2060,9990
532000.0,3,2.25,1910,35015,1.0,0,0,4,8,480,1977,0,98027,47.4672,-122.006,2340,36680
430000.0,3,2.25,1830,19965,1.0,0,0,3,8,430,1976,0,98072,47.7412,-122.088,1830,17250
931088.0,4,2.5,3510,17400,1.0,0,0,4,9,1580,1957,0,98005,47.5963,-122.171,2730,12120
640000.0,4,2.5,2210,7722,2.0,0,0,3,9,0,1999,0,98075,47.5992,-122.019,2970,8683
989000.0,6,4.5,3830,4800,3.0,0,0,3,9,780,1919,2004,98119,47.6404,-122.361,1990,4800
550000.0,3,2.5,2430,5400,2.0,0,0,3,8,0,2007,0,98074,47.6062,-122.057,2640,11990
435000.0,3,1.5,1740,6988,1.0,0,0,3,7,140,1950,0,98133,47.7211,-122.33,1650,7500
765000.0,3,1.0,1220,7585,1.0,0,0,4,7,0,1954,0,98004,47.6094,-122.194,1380,8918
610000.0,2,2.0,1210,740,2.0,0,0,3,8,430,2014,0,98112,47.6206,-122.3,1480,1171
372000.0,4,2.75,2330,14175,1.0,0,0,3,7,530,1980,0,98031,47.4193,-122.194,1480,10125
653000.0,3,2.0,2680,8429,1.0,0,0,4,9,800,1950,1991,98038,47.372,-122.036,1570,8640
480000.0,5,1.75,2080,217800,1.0,0,0,5,7,0,1963,0,98070,47.3884,-122.404,1670,213008
512500.0,3,3.0,2260,2400,2.0,0,0,3,7,0,1909,1972,98122,47.6094,-122.31,1320,2790
255000.0,2,1.0,1200,9000,1.0,0,2,5,6,0,1917,0,98198,47.4039,-122.323,1660,9000
517000.0,4,1.0,1180,13500,1.5,0,0,3,7,0,1950,0,98125,47.7165,-122.308,1580,8976
480000.0,3,2.25,1820,15000,1.0,0,0,3,7,340,1978,0,98028,47.7401,-122.249,1930,13600
385000.0,3,1.0,1030,3000,1.0,0,0,3,7,200,1924,0,98115,47.6813,-122.317,1830,3000
340000.0,4,1.75,1900,7313,1.0,0,0,3,7,0,1973,0,98034,47.7311,-122.232,1420,7384
536500.0,4,2.5,1720,3515,2.0,0,2,3,8,250,2000,0,98144,47.591,-122.293,1140,2208
325000.0,4,2.5,1890,6156,1.0,0,0,3,7,910,1980,0,98106,47.551,-122.356,1590,6954
320000.0,3,2.5,2680,7757,2.0,0,0,3,8,0,1990,0,98023,47.2918,-122.346,2430,8231
492450.0,3,1.75,1540,13002,1.0,0,0,2,8,340,1984,0,98074,47.6231,-122.044,1620,10098
675000.0,3,1.75,1710,5913,1.0,0,0,4,8,590,1941,0,98199,47.6481,-122.406,2920,5922
563500.0,4,2.5,2780,7838,2.0,0,3,3,9,0,2004,0,98065,47.5312,-121.861,3160,7848
399000.0,3,3.25,1680,1478,2.0,0,0,3,8,320,2009,0,98126,47.5674,-122.369,1530,2753
320000.0,4,1.5,1100,11824,1.0,0,0,4,7,0,1954,0,98006,47.5704,-122.141,1380,11796
808000.0,3,2.5,2550,6240,1.0,0,3,5,8,800,1957,0,98117,47.6992,-122.387,2180,5200
850000.0,3,2.5,3230,5000,2.0,0,2,5,8,800,1945,0,98117,47.7011,-122.389,1820,5000
565000.0,3,2.5,2030,217805,1.0,0,0,3,9,0,1999,0,98070,47.3942,-122.515,1870,109468
225000.0,3,1.0,1250,10200,1.0,0,0,3,6,0,1965,0,98178,47.4902,-122.256,1800,8283
447000.0,2,1.0,760,6035,1.0,0,0,3,6,0,1920,0,98136,47.5443,-122.382,2110,6046
389000.0,3,1.5,2030,10075,1.0,0,0,5,7,950,1961,0,98055,47.4713,-122.197,2210,10075
695000.0,2,1.75,1570,1207,3.0,0,0,3,9,0,2007,0,98004,47.6215,-122.201,1570,1206
990000.0,3,2.75,2500,6350,2.0,0,0,5,9,130,1979,0,98122,47.6035,-122.285,2090,5454
505000.0,4,3.0,2280,7400,1.0,0,0,3,7,940,1978,0,98125,47.711,-122.306,1540,7500
160000.0,4,1.0,1540,7350,1.0,0,0,4,6,770,1969,0,98023,47.3318,-122.34,910,8000
300000.0,3,1.0,2120,7735,1.0,0,0,4,7,1060,1967,0,98059,47.4869,-122.123,1010,8570
429950.0,3,1.75,1430,9750,1.0,0,0,5,7,0,1962,0,98133,47.7441,-122.357,1630,9282
525000.0,2,1.5,960,7200,1.0,0,0,3,7,0,1910,1987,98199,47.649,-122.403,1550,6000
802541.0,5,2.75,2990,6768,2.0,0,0,3,9,0,2014,0,98006,47.5462,-122.182,2870,6768
650000.0,4,2.5,3700,4500,2.0,0,0,3,9,0,2007,0,98028,47.7473,-122.23,3050,5047
1190000.0,4,3.0,2240,6000,1.5,0,0,4,8,970,1914,0,98109,47.6369,-122.35,2240,4250
300000.0,3,1.5,1500,14750,1.5,0,0,4,6,0,1933,0,98168,47.495,-122.318,1270,15100
915000.0,3,2.5,3140,9808,2.0,0,0,3,9,640,2001,0,98052,47.6383,-122.097,2370,10014
255000.0,3,2.25,1890,7314,1.0,0,0,3,7,790,1981,0,98031,47.4121,-122.172,1520,7676
137124.0,3,1.0,960,27442,1.0,0,0,4,6,0,1970,0,98058,47.4676,-122.134,1100,29019
637000.0,4,2.75,2190,2867,1.5,0,0,5,7,720,1929,0,98115,47.6868,-122.308,1600,3800
299000.0,4,2.5,2400,6078,2.0,0,0,3,8,0,2001,0,98001,47.2606,-122.285,2406,7642
1025000.0,3,2.75,2780,4000,2.0,0,2,5,8,820,1904,0,98103,47.6565,-122.355,1490,4800
755000.0,4,2.75,2880,4000,1.5,0,0,3,9,780,1912,2000,98144,47.5843,-122.293,2110,4000
381000.0,4,2.5,2130,6003,2.0,0,0,3,8,0,2003,0,98058,47.4518,-122.12,1940,4529
265000.0,3,1.75,1420,8126,1.0,0,0,3,8,0,1991,0,98031,47.3871,-122.189,1730,7954
1059000.0,4,3.5,4460,16271,2.0,0,2,3,11,0,2001,0,98075,47.5862,-121.97,4540,17122
440000.0,4,2.25,2010,7575,1.0,0,0,3,7,790,1974,0,98034,47.7328,-122.2,1820,7831
840000.0,4,2.5,2360,9600,1.0,0,2,3,8,730,1973,0,98040,47.5889,-122.249,2140,6300
1157400.0,3,2.5,2740,5925,2.0,0,2,3,10,0,1913,1992,98112,47.6313,-122.303,2740,5948
290000.0,1,1.0,550,5700,1.0,0,0,2,6,0,1916,0,98117,47.6846,-122.366,1100,4560
525000.0,3,2.0,1620,7800,1.0,0,0,3,7,420,1969,0,98034,47.7288,-122.171,1540,7565
331000.0,4,3.0,2483,5701,2.0,0,0,3,8,0,2005,0,98030,47.3623,-122.199,2075,5720
380000.0,3,2.5,2390,8102,2.0,0,0,4,8,0,1986,0,98058,47.4378,-122.16,2310,8606
770000.0,4,2.5,3210,14910,2.0,0,0,3,10,0,1995,0,98074,47.6073,-122.062,3280,14910
475000.0,2,1.0,820,2723,1.0,0,0,3,7,0,1921,0,98103,47.6623,-122.339,1370,3850
335000.0,4,1.75,2000,10890,1.0,0,0,4,7,610,1961,0,98003,47.3203,-122.321,1520,9250
750000.0,3,2.0,1820,5000,1.5,0,0,4,8,100,1941,0,98116,47.5845,-122.395,2220,7200
316000.0,3,1.75,1120,98445,1.5,0,2,4,7,0,1917,0,98022,47.1853,-122.017,1620,34200
917500.0,4,2.5,3880,35003,2.0,0,0,3,10,1310,1984,0,98033,47.6477,-122.182,3740,35230
250000.0,2,1.0,890,6380,1.0,0,0,3,6,0,1951,0,98115,47.691,-122.303,990,6380
780000.0,4,3.5,3720,213073,1.0,0,2,3,10,0,2007,0,98010,47.3216,-121.94,2190,59241
805000.0,4,2.5,3020,3600,2.5,0,0,3,9,0,2009,0,98029,47.5407,-121.993,2570,3600
246000.0,5,1.75,2030,10200,1.0,0,0,4,7,0,1958,0,98002,47.2867,-122.209,1760,11550
342000.0,3,3.0,1260,1251,2.0,0,0,3,7,220,2003,0,98144,47.5943,-122.296,1780,7715
381500.0,4,2.5,2430,5556,2.0,0,0,4,8,0,2003,0,98042,47.3762,-122.126,2430,5556
510000.0,3,2.0,1420,11325,1.0,0,0,3,7,0,1980,0,98027,47.5356,-122.046,2330,3474
908950.0,4,2.75,3090,6200,2.0,0,0,3,9,0,2014,0,98006,47.5538,-122.189,2890,10108
429000.0,3,1.0,1540,37950,1.0,0,0,4,7,450,1959,0,98001,47.3259,-122.289,1820,24375
260000.0,3,1.5,1270,20700,1.0,0,0,2,7,120,1948,0,98155,47.7576,-122.296,1990,15000
215000.0,4,2.25,1900,9600,1.0,0,0,4,7,0,1967,0,98031,47.4208,-122.2,2040,9600
545000.0,3,2.0,1900,9975,1.0,0,0,3,8,400,1973,0,98027,47.5307,-122.054,2140,9825
226800.0,2,1.0,1240,11393,1.0,0,0,4,7,0,1960,0,98030,47.3714,-122.207,1660,11393
998500.0,2,1.0,1570,4400,1.5,0,0,4,8,0,1914,0,98122,47.6112,-122.293,1850,4400
392000.0,4,2.75,1940,6555,2.0,0,0,3,8,0,1990,0,98038,47.3701,-122.041,1840,6912
835000.0,3,2.25,2520,6690,2.0,0,2,5,8,820,1944,1990,98126,47.5705,-122.381,1990,5792
470000.0,3,1.5,1760,6723,1.0,0,0,3,7,600,1958,0,98118,47.5514,-122.266,2080,8965
404500.0,2,1.0,800,5080,1.0,0,0,3,7,0,1938,0,98115,47.6978,-122.314,1560,5110
474500.0,5,2.5,2000,3600,1.0,0,0,3,6,850,1987,0,98144,47.5971,-122.295,1410,3600
710000.0,4,3.0,2750,7500,1.0,0,0,5,8,1120,1966,0,98177,47.7134,-122.361,2440,7500
619790.0,3,1.75,1040,5097,1.0,0,0,4,7,240,1944,0,98199,47.6385,-122.401,1630,5097
539000.0,3,2.5,2170,3200,1.5,0,0,5,7,890,1923,0,98103,47.6543,-122.347,1180,1224
2321000.0,5,4.75,5780,17004,2.0,0,0,3,11,1520,2006,0,98040,47.5802,-122.212,3460,10855
152000.0,3,1.0,920,4875,1.0,0,0,4,7,0,1978,0,98042,47.3623,-122.09,1160,4875
299000.0,2,1.0,1040,4600,1.0,0,0,4,6,0,1950,0,98118,47.5387,-122.277,1390,5897
5300000.0,6,6.0,7390,24829,2.0,1,4,4,12,2390,1991,0,98040,47.5631,-122.21,4320,24619
568000.0,3,1.75,1930,213008,1.0,0,2,3,7,630,1980,0,98053,47.6751,-121.993,2860,208652
419500.0,3,2.5,1360,3188,2.0,0,0,3,7,0,1986,0,98052,47.6831,-122.096,1090,3188
338500.0,2,2.25,1150,711,2.0,0,0,3,7,0,2013,0,98027,47.5323,-122.071,1150,748
535000.0,4,2.25,1890,3615,2.0,0,0,3,7,0,2005,0,98029,47.5493,-121.999,1630,3280
340000.0,4,2.5,2090,4200,2.0,0,0,3,7,0,2007,0,98038,47.3659,-122.017,2090,4200
1406890.0,5,2.25,3580,16789,2.0,0,0,5,9,0,1966,0,98040,47.5364,-122.239,3390,17000
470000.0,5,3.25,3910,7077,2.0,0,0,3,9,1200,2000,0,98038,47.3766,-122.027,2650,7077
800000.0,4,3.25,3540,159430,2.0,0,0,3,9,0,2007,0,98014,47.6285,-121.899,1940,392040
875000.0,3,1.0,1220,8119,1.0,0,0,4,7,0,1955,0,98039,47.6328,-122.236,1910,8119
850000.0,4,3.0,3330,4000,1.0,0,0,3,8,1540,1958,0,98103,47.6559,-122.344,1610,4000
399440.0,4,2.5,2311,4396,2.0,0,0,3,9,0,2014,0,98092,47.3276,-122.163,2458,4616
610000.0,3,2.5,2630,5827,2.0,0,0,3,8,0,2001,0,98053,47.688,-122.038,2330,4715
412000.0,3,1.0,1660,6992,1.0,0,0,5,7,400,1952,0,98155,47.7576,-122.318,1390,7359
640000.0,4,2.5,2260,5172,2.0,0,0,3,9,0,2004,0,98052,47.7047,-122.128,2680,5172
348000.0,2,2.5,1270,1242,3.0,0,0,3,7,0,2008,0,98117,47.701,-122.362,1280,1199
240000.0,3,2.0,1460,7526,1.0,0,0,3,7,0,1968,0,98003,47.3463,-122.304,1580,7526
410000.0,3,1.0,1190,5280,1.0,0,0,4,7,0,1957,0,98146,47.5131,-122.383,1280,5280
765000.0,4,2.5,3230,4290,2.0,0,0,3,9,0,2004,0,98033,47.6874,-122.161,3220,5083
570000.0,2,1.0,1790,3760,1.5,0,0,4,8,300,1912,0,98144,47.5926,-122.293,1458,3760
667000.0,5,2.0,1900,5470,1.0,0,0,3,7,720,1930,1965,98105,47.6666,-122.303,1300,3250
379900.0,5,3.5,2800,7350,2.0,0,0,3,7,0,1995,0,98106,47.5273,-122.345,2190,7620
649000.0,2,1.0,1280,4840,1.0,0,0,3,7,80,1908,0,98115,47.6762,-122.299,1860,5500
259950.0,3,1.0,1460,5825,1.0,0,0,5,5,200,1942,0,98056,47.4958,-122.191,1150,5926
898000.0,3,2.5,3530,9753,2.0,0,0,3,10,0,1997,0,98006,47.5539,-122.103,3220,9234
274950.0,3,1.0,1450,8820,1.0,0,0,3,6,400,1958,0,98168,47.4698,-122.264,1510,8820
810000.0,4,2.5,3340,8384,2.0,0,0,3,9,0,2014,0,98052,47.6761,-122.152,1560,9429
547500.0,3,3.25,1720,1977,2.0,0,0,3,8,360,2007,0,98122,47.6127,-122.299,1720,3420
460000.0,3,1.75,1300,4000,1.0,0,0,3,7,400,1953,0,98199,47.6368,-122.388,1750,4000
190000.0,4,2.5,1840,13493,2.0,0,0,3,7,0,1994,0,98001,47.2649,-122.242,1430,11463
469000.0,3,2.25,1820,8446,2.0,0,0,3,8,0,1978,0,98034,47.7208,-122.236,1850,8437
385000.0,4,3.0,2253,7700,2.0,0,0,3,7,0,1957,2014,98198,47.3935,-122.3,1786,9052
269950.0,3,2.25,1510,6000,1.0,0,0,4,7,360,1993,0,98038,47.3484,-122.036,1510,6000
750000.0,5,1.75,2640,13290,1.0,1,4,4,8,1240,1954,0,98178,47.5022,-122.223,2400,11942
334000.0,3,1.75,1400,7405,1.0,0,0,3,7,0,1961,0,98133,47.7569,-122.334,1820,7440
580000.0,5,3.25,3030,7410,2.0,0,0,3,8,880,2014,0,98106,47.553,-122.354,2020,7410
232500.0,3,1.5,1940,9887,1.0,0,0,4,7,800,1969,0,98003,47.3289,-122.327,1410,9936
760000.0,4,3.5,3090,4060,2.0,0,0,3,8,670,1992,0,98144,47.5733,-122.287,1720,4080
230000.0,4,3.0,1680,6003,1.0,0,0,3,7,530,1997,0,98002,47.2885,-122.218,1820,6207
452000.0,3,2.5,1530,5032,2.0,0,0,3,7,0,1998,0,98103,47.6985,-122.349,1450,2136
319900.0,4,2.75,2475,4276,2.0,0,0,3,7,0,2014,0,98002,47.345,-122.21,2475,4000
375000.0,3,2.5,1330,816,3.0,0,0,3,8,0,2004,0,98117,47.6836,-122.387,1330,1113
411000.0,2,2.0,1130,1148,2.0,0,0,3,9,330,2007,0,98122,47.6023,-122.314,1350,1201
240000.0,3,2.0,1190,10299,1.0,0,0,3,7,0,1994,0,98010,47.314,-122.0,1700,9849
737500.0,3,1.75,2320,10900,2.0,0,0,3,7,0,1935,1974,98115,47.6877,-122.283,1610,5800
970000.0,4,3.25,2790,5420,1.0,0,3,3,9,1660,1963,2013,98177,47.7698,-122.386,2530,7200
485000.0,4,1.0,1620,4080,1.5,0,0,3,7,0,1923,0,98105,47.6696,-122.324,1760,4080
1250000.0,5,2.75,3710,13874,1.5,0,3,4,9,1370,1977,0,98006,47.5686,-122.154,3370,13874
404000.0,3,1.75,1720,7202,1.0,0,0,3,7,0,1995,0,98056,47.5044,-122.19,1720,7625
270000.0,3,1.0,1010,9514,1.0,0,0,3,7,0,1969,0,98059,47.4936,-122.105,1010,9514
320000.0,4,2.5,1940,7040,2.0,0,0,3,8,0,1998,0,98092,47.2632,-122.209,2400,7145
439000.0,3,2.25,2230,4551,1.5,0,2,5,8,780,1928,0,98178,47.5078,-122.236,2060,7200
565000.0,3,2.5,2500,7394,2.0,0,0,3,9,0,1990,0,98072,47.7441,-122.173,2790,7642
365000.0,3,1.0,1030,4700,1.0,0,0,3,7,0,1952,0,98146,47.5118,-122.377,1030,4700
484950.0,3,2.25,1670,5004,2.0,0,0,3,8,0,1987,0,98029,47.5688,-122.017,1850,5276
550000.0,4,2.5,2850,6809,2.0,0,0,3,9,0,2003,0,98019,47.7353,-121.973,2820,7500
730000.0,4,2.25,2190,9009,2.0,0,0,4,8,350,1977,0,98033,47.6916,-122.188,2190,10251
579000.0,4,2.25,2030,8764,2.0,0,0,4,8,0,1983,0,98052,47.7214,-122.11,1950,8750
319950.0,5,1.75,1710,11900,1.0,0,0,3,7,640,1958,0,98146,47.506,-122.365,1030,10360
1525000.0,4,3.25,3620,5131,2.0,0,3,4,11,1270,1927,0,98119,47.6499,-122.37,2550,5174
348000.0,2,1.0,670,7312,1.0,0,0,3,5,0,1942,0,98125,47.7145,-122.285,860,8242
284000.0,4,2.5,1830,6360,2.0,0,0,3,8,0,1994,0,98031,47.4184,-122.18,1830,6596
805000.0,5,3.0,2240,18265,2.0,0,0,4,8,0,1963,0,98027,47.5171,-122.029,1990,18265
329500.0,4,2.5,1820,7912,2.0,0,0,3,7,0,1994,0,98038,47.3845,-122.029,1820,8168
365000.0,2,1.5,820,1270,2.0,0,0,3,7,0,2009,0,98144,47.5925,-122.295,1130,1201
695000.0,3,1.75,2080,5687,1.5,0,0,4,8,0,1924,0,98144,47.5776,-122.289,2300,5995
699900.0,4,2.5,2190,11500,1.0,0,0,4,8,760,1972,0,98006,47.5668,-122.147,2580,9700
1096500.0,5,3.25,4010,12110,2.0,0,0,3,11,0,2003,0,98059,47.5228,-122.151,4010,12334
605000.0,4,2.25,2510,31584,2.0,0,0,4,9,0,1979,0,98074,47.6153,-122.054,2510,39221
499950.0,5,3.5,3200,43560,2.0,0,0,3,7,0,1989,0,98059,47.475,-122.093,2730,43560
693000.0,3,2.25,2090,45535,1.0,0,2,5,8,810,1952,0,98006,47.5538,-122.191,3090,12889
535000.0,3,2.5,2280,2289,2.0,0,0,3,8,400,2006,0,98027,47.5375,-122.073,2280,2425
676000.0,3,2.0,1730,6784,2.5,0,0,4,7,0,1942,0,98199,47.6462,-122.403,1210,6784
430000.0,3,2.5,2000,35438,2.0,0,0,3,7,0,1968,2005,98027,47.4733,-121.994,2000,51836
258000.0,3,1.0,1490,7435,1.0,0,0,3,7,370,1969,0,98198,47.368,-122.314,1490,7530
400000.0,3,1.75,1590,8219,1.5,0,0,5,6,620,1938,0,98034,47.7146,-122.217,2030,7504
278000.0,4,2.5,2290,3777,2.0,0,0,3,7,0,2004,0,98198,47.3617,-122.308,1480,3608
760000.0,3,2.5,4040,147856,2.0,0,0,3,9,0,2004,0,98092,47.2711,-122.067,3000,125452
380000.0,4,2.0,1710,9996,1.0,0,0,3,7,0,1950,0,98108,47.5472,-122.3,1550,6768
561000.0,3,2.25,1640,7200,2.0,0,0,4,8,0,1985,0,98007,47.5948,-122.153,1830,8372
385000.0,3,2.0,1480,6600,1.0,0,2,3,7,740,1943,0,98146,47.5081,-122.385,1250,7300
739375.0,5,3.0,2640,3200,2.0,0,0,4,7,500,1906,0,98112,47.6188,-122.308,1540,2242
309000.0,3,2.5,1990,3614,2.0,0,0,3,7,0,2005,0,98038,47.36,-122.039,1980,3800
967000.0,4,3.25,1860,4356,2.0,0,0,3,9,0,1917,2005,98103,47.6785,-122.351,1860,4356
389000.0,2,1.0,910,7000,1.0,0,0,3,7,0,1952,0,98115,47.6999,-122.305,1260,7528
290000.0,3,1.0,1240,9300,1.0,0,0,3,7,0,1954,0,98148,47.4363,-122.333,1250,9300
457500.0,2,1.0,840,5000,1.0,0,0,4,7,0,1908,0,98117,47.6803,-122.371,1240,5000
345000.0,3,1.0,1340,9339,1.0,0,0,5,7,0,1960,0,98056,47.5407,-122.177,1310,9350
650000.0,3,2.5,2320,5284,2.0,0,0,3,8,0,2004,0,98075,47.591,-122.017,2320,4383
280000.0,6,3.0,2400,9373,2.0,0,0,3,7,0,1991,0,98002,47.3262,-122.214,2060,7316
352800.0,4,2.0,2080,6360,1.0,0,0,3,7,750,1960,0,98118,47.5392,-122.278,2080,6741
1890000.0,4,4.25,4285,9345,2.0,0,0,3,10,0,2013,0,98004,47.6332,-122.199,1570,8994
312500.0,3,1.75,1490,9493,1.0,0,0,4,8,0,1976,0,98058,47.4514,-122.134,2440,9600
285000.0,2,1.0,920,5850,1.0,0,0,4,6,0,1900,0,98108,47.5441,-122.304,1640,5476
422500.0,3,1.75,1560,7245,1.5,0,0,3,7,0,1962,1985,98052,47.6868,-122.119,2220,8502
1532500.0,5,4.5,4270,8076,2.0,0,0,3,11,870,2007,0,98033,47.699,-122.206,4100,10631
400000.0,2,1.75,1800,224769,1.0,0,0,3,7,380,1950,2008,98038,47.4327,-122.06,1620,112384
420000.0,3,1.5,1780,5000,1.0,0,4,4,7,750,1958,0,98118,47.5168,-122.256,1780,7500
1200000.0,2,2.25,2160,17861,2.0,1,4,4,9,0,1956,0,98146,47.502,-122.385,2660,18530
272000.0,3,2.0,1380,7476,1.0,0,0,3,7,0,1989,0,98001,47.3336,-122.272,1600,7227
385000.0,3,2.25,2110,8000,2.0,0,0,3,8,0,1975,0,98034,47.7311,-122.204,1740,7270
555000.0,4,1.75,2320,4800,1.5,0,0,3,7,150,1918,0,98117,47.6893,-122.365,1390,4800
577500.0,2,1.0,1640,5515,1.0,0,0,4,7,700,1926,0,98103,47.6912,-122.334,2054,5515
245000.0,2,2.0,1070,4500,1.0,0,0,4,6,160,1932,0,98055,47.4896,-122.204,1280,4500
3800000.0,3,4.25,5510,35000,2.0,0,4,3,13,600,1997,0,98177,47.7296,-122.37,3430,45302
275000.0,4,2.0,1960,30480,1.0,0,2,4,7,900,1972,0,98022,47.1924,-121.988,1460,8914
234999.0,3,1.0,1330,8912,1.0,0,0,3,6,0,1948,0,98188,47.4493,-122.274,1200,8913
202000.0,2,1.0,670,7844,1.0,0,0,3,6,0,1942,0,98126,47.5165,-122.372,740,7218
447000.0,3,2.25,1520,14080,2.0,0,0,3,7,0,1984,0,98074,47.6273,-122.059,1530,9758
315000.0,3,2.25,1370,1533,3.0,0,0,3,8,0,2009,0,98133,47.7326,-122.343,1370,1125
805000.0,4,2.0,1890,4500,1.5,0,0,3,7,400,1907,1993,98103,47.6684,-122.356,1640,4010
285000.0,2,1.0,990,2446,2.0,0,0,3,7,0,1998,0,98144,47.5919,-122.297,1260,2805
282000.0,3,2.5,2010,5399,2.0,0,0,3,7,0,2006,0,98042,47.3338,-122.052,2280,5141
600000.0,2,1.75,2080,13054,1.0,0,1,3,7,0,1951,0,98155,47.7435,-122.292,2440,13054
539950.0,3,2.5,1330,2180,3.0,0,0,3,8,0,2014,0,98117,47.6987,-122.365,1330,5000
760000.0,3,2.5,2190,10000,1.0,0,0,4,7,650,1957,0,98040,47.5419,-122.214,2880,11782
450000.0,3,1.5,1440,9711,1.0,0,0,3,7,300,1956,0,98028,47.7394,-122.252,1590,9711
299250.0,3,2.5,2530,8669,2.0,0,0,3,9,0,1990,0,98023,47.3073,-122.395,2530,9469
519950.0,5,3.5,2440,10200,2.0,0,0,4,7,0,1974,0,98075,47.5814,-122.003,2000,10568
290000.0,3,1.0,1210,33919,1.0,0,0,3,7,0,1954,0,98058,47.4375,-122.184,1640,14910
710000.0,4,2.5,4070,129808,2.0,0,0,3,10,0,1998,0,98038,47.4433,-122.016,4070,102366
245000.0,2,1.75,1840,7230,1.0,0,0,3,7,270,1938,0,98030,47.3815,-122.228,1282,6769
461100.0,2,2.25,1210,1267,2.0,0,0,3,8,90,2010,0,98117,47.6783,-122.376,1360,1349
207000.0,4,2.0,1690,7728,1.5,0,0,4,7,0,1967,0,98198,47.3666,-122.318,1480,8009
525000.0,4,1.75,2120,7725,1.0,0,0,3,8,900,1965,0,98007,47.6003,-122.144,2160,7725
250000.0,3,1.5,1170,9848,1.0,0,0,3,7,0,1963,0,98028,47.7612,-122.234,2220,5542
710000.0,4,2.5,2870,8995,1.0,0,0,5,8,1000,1968,0,98006,47.5678,-122.128,2670,9672
425590.0,3,2.75,1940,3088,2.0,0,3,3,8,170,2008,0,98065,47.5185,-121.878,1410,2335
448000.0,3,3.25,1560,1345,2.0,0,0,3,8,300,2009,0,98126,47.5637,-122.375,1560,4800
535000.0,3,2.5,2790,19485,2.0,0,0,3,9,0,1990,0,98059,47.4688,-122.124,2580,17859
675000.0,3,1.5,1710,4000,2.0,0,0,3,8,0,1926,0,98116,47.5714,-122.385,1910,4000
482500.0,3,2.5,1690,3068,2.0,0,0,3,7,0,2005,0,98053,47.6763,-122.028,1690,3260
2300000.0,4,2.5,3370,8402,1.0,0,0,5,10,1130,1962,0,98112,47.6349,-122.29,3190,8700
705000.0,4,3.25,2740,5339,2.5,0,0,3,9,0,2004,0,98103,47.6706,-122.356,1770,4820
562000.0,4,2.75,2560,83200,1.0,0,0,3,8,700,1980,0,98072,47.7511,-122.111,1990,38332
470000.0,5,1.75,2740,9600,1.0,0,0,4,7,1370,1945,0,98144,47.5738,-122.315,1990,4800
320000.0,3,2.5,1820,1855,2.0,0,0,3,8,250,2008,0,98166,47.4643,-122.346,1470,6900
569950.0,5,4.25,3380,7805,2.0,0,0,3,8,0,2014,0,98148,47.4349,-122.328,2790,7805
184500.0,2,1.0,720,5880,1.0,0,0,3,6,0,1940,0,98178,47.5056,-122.27,1440,7200
349000.0,3,2.25,1640,7261,2.0,0,0,3,7,0,1989,0,98034,47.7192,-122.176,1640,6789
200000.0,4,2.0,2090,6630,1.0,0,0,3,7,1020,1974,0,98178,47.5077,-122.268,1550,7980
563000.0,3,2.75,2340,16500,1.0,0,0,4,8,840,1972,0,98075,47.5952,-122.051,2210,15251
399990.0,5,2.75,1690,4000,1.0,0,0,5,7,720,1943,0,98106,47.5312,-122.354,1240,4000
130000.0,2,1.0,780,5300,1.0,0,0,3,6,0,1941,0,98146,47.513,-122.354,780,5300
185000.0,3,1.0,1150,8100,1.0,0,0,3,6,0,1932,0,98168,47.494,-122.307,1120,8100
180000.0,2,1.0,800,9450,1.0,0,0,3,6,0,1958,0,98058,47.4563,-122.184,1090,9450
396000.0,1,1.0,630,5150,1.0,0,0,4,5,0,1954,0,98117,47.6923,-122.369,1390,5150
275250.0,3,2.25,1520,7199,2.0,0,0,4,7,0,1992,0,98038,47.3492,-122.034,1410,6751
430000.0,2,2.25,1040,1516,2.0,0,0,3,8,0,2008,0,98122,47.6037,-122.307,1560,1920
275000.0,3,1.5,1400,9750,1.0,0,0,4,6,0,1964,0,98030,47.3768,-122.17,1160,9750
570000.0,3,1.75,2390,9000,1.0,0,0,3,8,890,1975,0,98052,47.6809,-122.113,2040,9000
770000.0,3,2.5,2190,2658,2.0,0,3,4,9,0,1979,0,98033,47.6528,-122.203,2315,2538
489950.0,3,2.0,1580,4010,1.0,0,0,4,7,790,1909,0,98117,47.6769,-122.371,1350,5350
492000.0,4,2.5,3305,16164,1.5,0,0,5,7,1060,1922,1956,98133,47.7563,-122.338,1620,8883
689800.0,2,1.75,1370,3125,1.0,0,0,3,7,280,1950,0,98199,47.6492,-122.391,1730,5966
410000.0,3,1.75,1760,3520,1.0,0,0,3,7,600,1966,0,98144,47.5773,-122.303,1840,5000
256900.0,3,2.5,1720,3951,2.0,0,0,3,7,0,1992,0,98031,47.4033,-122.187,1720,3605
900000.0,5,3.75,3870,8225,2.0,0,0,3,10,0,1998,0,98074,47.6078,-122.01,3600,9361
950000.0,5,2.5,3450,35880,2.0,0,0,3,11,0,1992,0,98052,47.7173,-122.099,3450,26820
1600000.0,3,2.5,3160,12824,1.0,0,2,4,9,1340,1966,0,98004,47.6151,-122.216,3390,11985
360000.0,3,1.75,1020,7020,1.5,0,0,4,7,0,1953,0,98155,47.7362,-122.314,1020,5871
925000.0,4,2.5,2670,5100,2.0,0,0,3,8,730,1929,2010,98117,47.6768,-122.39,1470,4080
249950.0,5,2.0,1730,7375,1.0,0,0,4,6,0,1944,0,98178,47.4953,-122.238,1550,7125
630000.0,4,2.0,2670,3240,1.5,0,0,4,9,890,1930,0,98144,47.5841,-122.294,1820,4000
279900.0,3,1.0,1400,10800,1.0,0,0,3,6,0,1962,0,98034,47.719,-122.202,1430,10000
915557.0,5,3.25,3740,11536,2.0,0,0,4,9,1200,1984,0,98006,47.5599,-122.108,2920,11258
533000.0,3,2.5,2810,4607,2.0,0,0,3,8,0,2004,0,98011,47.7735,-122.227,2540,4871
920000.0,3,1.75,2480,4000,1.0,0,0,3,8,1240,1948,2014,98122,47.615,-122.288,2450,4000
251000.0,3,2.0,1300,8400,1.0,0,0,4,7,0,1967,0,98198,47.368,-122.315,1300,7500
268500.0,4,1.75,1670,8000,1.0,0,0,4,8,0,1974,0,98023,47.3193,-122.383,1720,8000
2500000.0,5,3.25,5620,12672,2.0,0,0,4,11,1480,1916,0,98144,47.5786,-122.287,4470,8050
679950.0,5,2.75,3600,9437,2.0,0,0,3,9,0,2014,0,98059,47.4822,-122.131,3550,9421
274000.0,3,1.75,1590,7620,1.0,0,0,4,7,500,1984,0,98038,47.3655,-122.048,1590,7620
450000.0,2,1.75,840,3340,1.0,0,0,3,6,140,1912,0,98107,47.6692,-122.359,1700,3980
110000.0,2,1.0,790,8250,1.0,0,0,3,6,0,1947,0,98188,47.4523,-122.286,900,8250
725000.0,3,2.0,1550,12262,1.0,0,0,4,7,0,1964,0,98040,47.5755,-122.216,2900,12372
450000.0,3,2.5,2880,426452,2.0,0,3,3,7,0,1979,0,98092,47.2485,-122.101,1460,320890
380000.0,4,2.5,1984,32400,1.0,0,0,3,8,420,1962,0,98198,47.36,-122.318,1390,9152
349000.0,3,1.75,1590,9620,1.0,0,0,3,7,0,1988,0,98059,47.4815,-122.152,2980,9398
225000.0,3,1.0,1120,10665,1.0,0,0,4,6,0,1961,0,98001,47.2886,-122.274,1240,10639
496500.0,4,2.5,2250,14440,1.0,0,0,3,7,700,1967,0,98027,47.5221,-122.045,2090,11400
155000.0,2,1.0,910,6232,1.0,0,0,3,6,0,1943,0,98118,47.5328,-122.272,1070,6232
485000.0,4,2.25,1850,9911,1.0,0,0,4,7,0,1957,0,98008,47.6019,-122.116,1650,8670
220000.0,3,2.5,1980,11900,2.0,0,0,3,8,0,1990,0,98092,47.2656,-122.217,2130,9933
430000.0,3,3.25,1550,1444,3.0,0,0,3,8,0,2006,0,98115,47.6767,-122.291,1550,1444
600000.0,4,2.5,2710,6474,2.0,0,0,3,8,0,2004,0,98065,47.5383,-121.878,2870,6968
262500.0,3,1.5,1610,10291,1.0,0,0,4,7,0,1961,0,98022,47.2025,-121.999,1410,7729
475000.0,3,2.5,2600,7210,2.0,0,0,3,8,0,1989,0,98059,47.5123,-122.151,2350,7225
477500.0,3,2.0,1860,5146,2.0,0,0,3,8,0,1991,0,98029,47.5706,-121.999,1950,5146
313000.0,3,1.75,1320,6205,1.0,0,0,5,7,0,1948,0,98133,47.7412,-122.343,1210,6205
364000.0,4,1.0,1020,11383,1.5,0,0,5,6,0,1947,0,98155,47.7429,-122.321,1290,11213
1600000.0,3,2.75,3040,21052,2.0,0,0,4,10,0,1980,0,98004,47.638,-122.225,2950,21052
538000.0,3,1.75,1400,3825,1.5,0,0,4,6,300,1904,0,98117,47.6793,-122.393,1720,5100
410000.0,3,2.5,1860,15457,2.0,0,0,3,8,0,1997,0,98019,47.7383,-121.955,2040,14055
663000.0,3,2.5,2480,37843,1.5,1,3,4,8,0,1974,0,98070,47.4003,-122.422,2350,42122
423000.0,4,2.5,2660,5539,2.0,0,0,3,8,0,2004,0,98059,47.4981,-122.162,2380,5539
575000.0,3,1.0,1740,9163,1.0,0,0,3,7,0,1954,0,98125,47.705,-122.299,1490,6509
294000.0,3,1.75,1530,9362,1.0,0,0,3,7,0,1987,0,98038,47.3643,-122.049,1480,8125
195000.0,2,1.0,720,9520,1.0,0,0,4,6,0,1947,0,98155,47.7678,-122.316,1450,8612
568000.0,3,2.5,2740,22499,2.0,0,0,3,9,0,1994,0,98058,47.4597,-122.153,2710,22499
350000.0,3,1.0,1050,8583,1.0,0,0,5,6,0,1955,0,98133,47.7451,-122.339,1460,7351
553000.0,3,2.75,3160,9072,2.0,0,0,3,9,0,2005,0,98056,47.5147,-122.177,3160,9072
480500.0,4,2.5,2180,11200,1.0,0,0,4,8,0,1968,0,98072,47.7476,-122.086,1790,11200
830000.0,4,2.75,2090,13500,1.0,0,0,4,8,0,1949,0,98040,47.573,-122.225,2130,13500
732350.0,4,2.5,2270,7665,2.0,0,0,3,9,0,1986,0,98052,47.6612,-122.148,2450,8706
800000.0,4,2.5,2680,7200,1.0,0,0,3,8,1300,1952,2013,98033,47.6835,-122.187,1950,8520
219950.0,2,1.0,1010,4120,2.0,0,0,3,6,0,1907,1953,98055,47.488,-122.2,1200,4120
320000.0,4,2.5,2130,9653,1.0,0,0,3,7,630,1978,0,98031,47.4068,-122.175,2000,7988
334000.0,4,2.5,2210,6080,1.0,0,2,4,8,800,1965,0,98178,47.4915,-122.228,2210,6175
395000.0,3,1.75,1400,8640,1.0,0,0,3,7,0,1962,0,98011,47.7659,-122.204,1630,8640
1015000.0,3,2.5,2920,5629,1.0,0,2,5,8,1460,1955,0,98199,47.642,-122.405,2380,5000
265000.0,3,2.25,1750,9298,1.0,0,0,4,7,340,1969,0,98058,47.4579,-122.164,1720,7875
479950.0,3,2.5,2780,6000,2.0,0,0,3,9,0,2004,0,98058,47.4569,-122.118,1940,3466
465000.0,4,1.75,1730,11700,1.0,0,0,3,7,850,1956,0,98008,47.6031,-122.13,1570,7820
238000.0,3,1.0,1470,32670,1.0,0,0,3,7,450,1958,0,98042,47.3811,-122.144,2640,24100
280000.0,3,1.75,2080,87991,1.0,0,0,3,6,1040,1970,0,98014,47.6724,-121.865,2080,84300
190000.0,1,0.75,930,29258,1.0,0,0,3,6,0,1941,0,98178,47.4837,-122.236,2000,18321
822000.0,3,2.5,2290,9158,2.0,0,0,4,8,0,1984,0,98006,47.5476,-122.14,2210,9588
557500.0,3,2.0,2510,35255,1.0,0,2,3,9,0,1994,0,98038,47.4012,-122.025,3140,36450
1400000.0,4,3.5,4380,66613,1.5,0,0,3,11,0,1993,0,98077,47.7279,-122.048,4010,70109
545000.0,3,2.25,2290,14585,2.0,0,0,3,8,0,1981,0,98075,47.5874,-122.074,1660,36961
1800000.0,5,4.5,4400,15580,2.0,0,0,3,11,1010,2003,0,98004,47.6232,-122.207,2150,14249
228500.0,3,1.0,1080,7486,1.5,0,0,3,6,90,1942,0,98146,47.4838,-122.335,1170,7800
409000.0,3,2.5,1890,6500,2.0,0,0,3,7,0,2012,0,98074,47.6225,-122.058,2340,7500
450000.0,3,1.0,1350,92721,1.0,0,0,2,6,150,1946,0,98055,47.4657,-122.198,1860,8096
425000.0,4,2.75,2440,15349,2.0,0,1,4,7,0,1957,0,98198,47.4117,-122.333,2280,9250
218500.0,3,1.75,1390,9328,1.0,0,0,4,7,0,1987,0,98092,47.2766,-122.146,1550,8374
625000.0,3,2.0,1880,4000,1.0,0,2,3,8,600,1950,0,98199,47.6375,-122.391,1920,4000
899000.0,4,3.5,2490,5500,2.0,0,0,3,9,710,2015,0,98136,47.5499,-122.393,1710,5500
340000.0,4,2.5,3020,8750,1.0,0,0,3,8,1310,1960,0,98188,47.4298,-122.29,1900,8750
355000.0,3,1.0,900,37800,1.0,0,0,4,5,200,1923,0,98034,47.7146,-122.234,1750,11998
760000.0,4,3.25,2590,3889,3.0,0,0,3,9,0,2013,0,98007,47.6259,-122.142,2590,4062
397500.0,4,2.5,2570,7859,2.0,0,0,3,8,0,1992,0,98038,47.3736,-122.045,2150,7284
1610000.0,5,4.5,6085,142725,3.0,0,0,3,11,0,2000,0,98014,47.6085,-121.952,4830,128457
468000.0,4,2.5,2480,176418,1.5,0,3,5,8,0,1927,0,98022,47.1941,-122.038,1640,112384
1150000.0,4,2.5,2330,30122,1.0,0,1,3,8,840,1951,0,98115,47.6843,-122.267,2430,6726
505000.0,3,2.0,1260,5460,1.0,0,0,3,7,0,1972,0,98034,47.7355,-122.18,1510,5460
317000.0,5,2.5,2360,11375,1.0,0,0,4,7,1180,1962,0,98178,47.4875,-122.255,1160,7800
605000.0,3,2.5,1500,1119,3.0,0,2,3,7,390,2008,0,98109,47.6327,-122.346,1500,1057
1107460.0,4,3.5,3660,4760,2.0,0,0,3,9,820,2014,0,98199,47.6482,-122.409,3210,4640
306000.0,3,2.5,1680,11193,2.0,0,0,3,8,0,1984,0,98058,47.4482,-122.125,2080,8084
515500.0,4,2.75,2830,8126,2.0,0,0,3,8,0,2005,0,98059,47.4863,-122.14,2830,7916
1175000.0,4,3.25,3780,10099,1.0,0,1,3,11,1540,2006,0,98006,47.5508,-122.192,3120,10669
350000.0,2,1.0,1160,5395,1.0,0,0,3,7,300,1940,0,98103,47.7007,-122.354,1664,5363
211000.0,3,1.5,1350,7620,1.0,0,0,5,6,0,1941,0,98166,47.4565,-122.35,1350,7620
302000.0,4,2.5,1740,7895,2.0,0,0,3,7,0,1999,0,98001,47.3401,-122.282,1720,6813
429000.0,4,1.0,1350,3333,1.5,0,0,3,7,0,1912,0,98107,47.6727,-122.397,1530,5000
380000.0,3,2.25,1530,1305,2.0,0,0,3,7,414,2007,0,98177,47.7034,-122.357,1320,1427
345000.0,3,1.0,1250,7210,1.0,0,0,4,7,0,1964,0,98008,47.6329,-122.121,1530,8800
231000.0,3,2.5,1370,7247,2.0,0,0,3,7,0,1995,0,98032,47.3767,-122.303,1720,8085
342000.0,4,2.25,1964,3541,2.0,0,0,3,9,0,2013,0,98030,47.3594,-122.201,1757,3547
280000.0,3,2.25,1360,9600,2.0,0,0,3,7,0,1992,0,98045,47.4687,-121.749,1200,10400
175000.0,3,1.0,1150,8924,1.0,0,0,3,6,0,1943,0,98030,47.3865,-122.217,1492,8924
273000.0,4,3.0,1990,6180,2.0,0,0,3,7,0,1990,0,98023,47.3083,-122.36,1910,6180
475000.0,4,1.75,1910,8775,1.0,0,0,3,7,700,1956,0,98028,47.7396,-122.247,2210,8778
223000.0,3,1.0,1030,9120,1.0,0,0,3,7,0,1961,0,98032,47.3607,-122.291,1470,10220
998160.0,2,2.5,3010,16050,1.0,0,3,4,9,1750,1976,0,98006,47.5643,-122.16,3010,11612
630000.0,3,1.75,1940,7306,1.0,0,0,3,8,470,1982,0,98052,47.6632,-122.153,2360,8865
630500.0,3,1.0,1180,3600,1.5,0,0,3,7,0,1926,0,98112,47.6337,-122.28,1900,3600
470000.0,3,3.25,1710,2381,2.0,0,0,3,8,350,2003,0,98029,47.5477,-122.004,1420,1163
635000.0,3,1.75,1940,167125,1.0,1,1,4,7,460,1955,0,98070,47.459,-122.504,1910,127195
385000.0,3,1.0,1420,10980,1.0,0,0,4,7,220,1954,0,98006,47.574,-122.138,1630,9763
630000.0,4,2.25,2900,9680,2.0,0,0,3,7,910,1947,0,98125,47.7037,-122.308,1850,7540
795000.0,3,3.25,2260,3727,2.0,0,0,3,8,380,2003,0,98119,47.6422,-122.361,1600,4800
640000.0,3,3.5,1740,1975,2.0,0,3,3,8,430,1998,0,98122,47.6085,-122.311,1740,1975
682000.0,5,2.75,2760,5000,2.0,0,0,3,9,0,2005,0,98059,47.539,-122.188,2870,5030
355000.0,4,1.75,2160,7417,1.0,0,0,4,7,800,1983,0,98056,47.5122,-122.181,1880,8022
484950.0,3,2.25,1590,926,3.0,0,0,3,8,0,2014,0,98136,47.5402,-122.387,1640,1321
550000.0,3,2.75,1960,13252,1.0,0,0,5,8,720,1975,0,98006,47.5582,-122.139,2040,9866
565000.0,2,1.75,1330,6000,1.0,0,0,4,7,370,1914,1945,98199,47.6539,-122.396,1620,6000
230000.0,3,0.75,1040,15000,1.0,0,0,3,6,0,1941,0,98028,47.7639,-122.234,1410,19000
428750.0,3,1.0,1100,4080,1.0,0,0,4,7,200,1929,0,98103,47.6872,-122.351,1170,4080
280000.0,4,1.0,1880,6288,1.0,0,0,3,7,760,1974,0,98178,47.5101,-122.259,1880,6334
245000.0,5,1.5,2000,8100,1.5,0,0,3,6,0,1946,0,98168,47.4945,-122.304,960,9239
288000.0,3,2.5,1150,887,3.0,0,0,3,7,0,2007,0,98133,47.7072,-122.356,1180,915
825000.0,4,3.5,3810,9792,2.0,0,0,3,9,0,1938,2013,98146,47.5018,-122.38,1950,9792
355000.0,4,2.25,1810,4970,2.0,0,0,3,7,0,2003,0,98059,47.5003,-122.156,1810,4858
440000.0,3,2.5,2060,11231,2.0,0,0,3,8,0,1987,0,98072,47.7571,-122.141,2140,10224
680000.0,4,2.75,2220,5310,1.0,0,0,5,7,1050,1951,0,98144,47.5801,-122.294,1540,4200
550000.0,3,2.75,2230,14400,1.0,0,0,4,8,770,1977,0,98075,47.5791,-122.048,2200,13280
280000.0,3,2.5,1610,10022,2.0,0,0,3,7,0,1996,0,98003,47.2583,-122.3,1820,10017
337000.0,4,3.0,2240,8504,2.0,0,0,3,7,0,1992,0,98155,47.7348,-122.295,1570,8460
744000.0,4,3.0,1980,5352,2.5,0,0,3,8,0,1941,2005,98136,47.532,-122.385,1680,5352
597400.0,4,2.5,2420,4500,2.0,0,0,3,7,0,2001,0,98053,47.6874,-122.037,2280,4500
625000.0,3,3.0,2780,6000,2.0,0,0,3,9,0,2013,0,98065,47.5184,-121.886,2850,6000
550000.0,3,1.5,1900,5000,1.5,0,0,3,7,260,1926,0,98115,47.6779,-122.294,2090,5000
279000.0,3,1.5,1280,16738,1.5,0,0,4,5,0,1932,0,98038,47.3895,-122.023,1590,16317
770000.0,5,1.5,2160,5000,1.5,0,2,4,8,0,1926,0,98107,47.6645,-122.36,1450,4265
460000.0,3,1.5,1870,15685,1.0,0,0,3,7,400,1936,0,98133,47.723,-122.353,1340,7620
670000.0,5,2.25,2290,39000,2.0,0,0,3,8,0,1979,0,98052,47.7012,-122.12,2750,39900
620000.0,4,2.5,2680,9185,2.0,0,0,3,9,0,1989,0,98029,47.5738,-121.992,2810,8505
340000.0,5,2.75,2440,6858,2.0,0,0,3,8,0,2003,0,98030,47.3655,-122.174,2300,6858
397500.0,4,3.0,2350,9952,1.0,0,0,3,9,700,1989,0,98031,47.4194,-122.211,2440,9100
603500.0,6,2.75,2660,8400,1.0,0,0,5,8,1110,1962,0,98006,47.549,-122.173,2280,8400
380000.0,4,3.25,2864,8035,3.0,0,0,3,8,0,2014,0,98030,47.3746,-122.189,2419,8984
235000.0,3,1.0,1430,7599,1.5,0,0,4,6,420,1930,0,98168,47.4783,-122.265,1290,10320
280000.0,3,1.75,1630,10001,1.0,0,0,4,7,530,1977,0,98042,47.3605,-122.12,1630,10001
259500.0,4,1.5,1300,7200,1.0,0,0,4,7,0,1970,0,98031,47.4179,-122.181,1420,7200
327000.0,4,2.5,2110,3825,2.0,0,0,3,7,0,2013,0,98042,47.359,-122.082,1950,3825
269500.0,3,2.0,1640,8395,1.0,0,0,4,7,0,1991,0,98038,47.348,-122.035,1510,7180
520000.0,4,2.5,2490,34947,2.0,0,0,3,9,340,1985,0,98027,47.4823,-122.031,2490,39639
760000.0,4,2.5,2730,36183,2.0,0,0,3,9,0,1986,0,98052,47.7036,-122.127,2710,5964
630000.0,3,1.75,1540,6930,1.0,0,0,3,7,290,1944,0,98115,47.6782,-122.278,1760,6930
775000.0,5,1.5,1720,5000,1.5,0,0,3,8,0,1915,0,98103,47.6627,-122.355,1720,5000
355000.0,2,1.75,1620,3640,1.0,0,0,3,7,720,1929,0,98108,47.543,-122.299,1590,5538
445434.0,2,1.0,1470,7137,1.0,0,0,3,7,450,1941,0,98103,47.7008,-122.352,1470,7067
550000.0,3,2.25,1720,9600,1.0,0,0,4,7,500,1967,0,98052,47.6581,-122.126,1720,9600
500000.0,4,2.75,2260,7209,1.0,0,3,3,7,930,2002,0,98125,47.7088,-122.302,1790,10860
327555.0,3,2.5,2329,5720,2.0,0,0,3,8,0,2010,0,98030,47.362,-122.2,2197,5720
730000.0,4,2.5,3470,14271,2.0,0,0,3,9,0,2005,0,98065,47.5423,-121.877,3450,9380
545000.0,2,1.75,1660,5581,1.0,0,0,3,8,0,2005,0,98053,47.713,-122.033,1670,4871
213000.0,2,1.0,740,7380,1.0,0,0,4,6,0,1951,0,98188,47.4481,-122.278,1500,10075
312000.0,3,2.25,1470,7857,1.0,0,0,4,7,290,1973,0,98055,47.4547,-122.209,1900,7600
950000.0,5,4.0,4100,8120,2.0,0,0,3,9,0,2011,0,98053,47.6917,-122.02,4100,7625
779000.0,3,2.5,1580,1487,3.0,0,1,3,9,0,2009,0,98119,47.6276,-122.359,1610,1297
820000.0,3,2.5,2510,5503,2.0,0,2,3,9,0,1995,0,98136,47.5419,-122.383,1790,6099
660000.0,3,1.0,1210,9622,1.0,0,1,3,8,0,1955,2009,98006,47.5728,-122.179,1580,9714
1636000.0,3,2.5,3110,6765,2.0,0,1,4,9,560,1946,0,98115,47.6886,-122.276,2630,7626
441000.0,4,1.5,1100,3300,1.0,0,0,1,7,0,1919,0,98122,47.6033,-122.295,2020,4000
496600.0,4,2.25,2020,8400,1.0,0,0,4,8,670,1961,0,98006,47.5488,-122.171,2060,8400
869000.0,5,3.25,4180,49222,2.0,0,0,4,8,1300,1979,0,98027,47.5488,-122.094,3170,8029
360000.0,6,2.75,2850,15240,1.0,0,0,3,7,1000,1962,0,98106,47.5288,-122.345,2090,7620
230950.0,2,1.0,930,12724,1.0,0,0,4,6,0,1912,0,98014,47.6567,-121.909,1240,21828
506000.0,5,3.0,2430,8000,1.0,0,0,4,7,1060,1957,0,98008,47.603,-122.12,1770,8000
375000.0,3,2.0,1260,7560,2.0,0,0,5,6,0,1943,0,98133,47.7225,-122.351,1260,7595
459000.0,2,1.75,1170,4887,1.0,0,0,3,6,150,1929,0,98117,47.695,-122.366,1170,5441
437000.0,5,2.0,2190,8316,1.0,0,0,3,7,800,1961,0,98108,47.5488,-122.298,2010,8316
413000.0,3,2.0,1520,3451,1.0,0,0,3,8,0,1996,0,98177,47.7753,-122.375,1800,3451
145000.0,3,1.0,1010,5490,1.0,0,0,3,6,0,1954,0,98168,47.4762,-122.293,1740,10658
825500.0,3,2.5,2780,11964,2.0,0,0,3,9,0,2009,0,98034,47.7127,-122.216,1760,9640
465000.0,4,2.25,1820,20349,1.0,0,0,5,8,480,1977,0,98072,47.7415,-122.096,1270,12800
209950.0,3,1.75,1570,15570,1.0,0,0,3,7,0,1981,0,98023,47.3207,-122.362,2000,28200
569000.0,4,2.25,2250,41688,2.0,0,0,3,8,0,1980,0,98053,47.6695,-122.05,2350,37920
464050.0,2,1.0,780,2750,1.0,0,0,4,7,0,1928,0,98116,47.5842,-122.388,1320,4440
376500.0,3,2.0,1630,7800,1.0,0,0,5,7,0,1950,0,98125,47.7326,-122.307,1470,7800
291750.0,3,2.25,1310,12825,1.0,0,0,3,7,0,1950,2013,98166,47.4515,-122.368,1600,11250
425000.0,3,1.0,1180,7200,1.5,0,0,4,7,0,1949,0,98133,47.7121,-122.333,2240,7875
492000.0,4,3.75,2810,10840,2.0,0,2,4,8,740,1994,0,98045,47.4861,-121.804,2370,11248
735000.0,4,2.75,3040,2415,2.0,1,4,3,8,0,1966,0,98118,47.5188,-122.256,2620,2433
235000.0,3,2.25,1670,7606,2.0,0,0,3,7,0,1990,0,98022,47.1949,-121.982,1670,7433
249000.0,3,1.0,1752,14626,2.0,0,2,3,8,0,2005,0,98032,47.3755,-122.278,1800,9000
582000.0,2,1.75,1210,4141,1.0,0,0,4,7,300,1942,0,98117,47.686,-122.382,1310,4141
359000.0,3,1.75,2200,11520,1.0,0,0,4,7,0,1952,0,98133,47.7659,-122.341,1690,8038
410000.0,3,1.0,1020,6903,1.0,0,0,3,7,0,1951,0,98116,47.571,-122.392,1440,6678
283500.0,3,1.75,1250,5375,1.0,0,0,3,7,0,1985,0,98198,47.3787,-122.323,1320,6258
408000.0,3,1.0,1380,7015,1.5,0,0,4,7,0,1925,0,98117,47.6987,-122.36,1160,6700
382000.0,5,2.25,2880,11965,2.0,0,0,4,8,0,1990,0,98042,47.3734,-122.124,2370,10715
2230000.0,3,3.5,3760,5634,2.0,1,4,3,11,930,2014,0,98056,47.5285,-122.205,3560,5762
1350000.0,5,3.0,5530,38816,1.5,0,2,3,10,0,1969,1994,98072,47.7352,-122.116,3800,44417
560000.0,5,2.5,2880,9000,1.0,0,0,5,8,1440,1966,0,98006,47.5456,-122.179,2010,9000
476000.0,2,2.25,1140,1332,3.0,0,0,3,8,0,1999,0,98103,47.6543,-122.356,1140,1267
280000.0,3,1.0,1260,7660,1.0,0,0,3,6,0,1947,0,98133,47.7476,-122.35,1990,7861
169950.0,3,1.0,840,8470,1.0,0,0,4,6,0,1961,0,98023,47.3275,-122.338,840,8450
495500.0,3,1.75,2130,6360,1.0,0,0,3,7,410,1959,0,98125,47.7059,-122.301,1540,6361
383000.0,4,2.5,2370,10580,2.0,0,0,3,8,0,1966,0,98055,47.464,-122.192,1590,8584
455000.0,2,1.5,1310,12196,1.5,0,0,3,6,0,1970,0,98052,47.6487,-122.122,2970,12196
314950.0,4,1.75,1890,9623,1.0,0,0,4,7,600,1969,0,98001,47.2901,-122.279,1510,9711
470000.0,4,1.0,2590,18224,1.5,0,0,4,7,590,1911,0,98118,47.5318,-122.286,1800,7080
365000.0,2,1.0,680,4800,1.0,0,0,3,6,0,1917,0,98122,47.6084,-122.304,1610,4800
315000.0,4,2.5,1780,6000,2.0,0,0,3,9,0,2000,0,98038,47.3774,-122.027,2650,6000
375000.0,4,1.5,1770,6650,1.0,0,0,3,7,0,1958,0,98008,47.6011,-122.124,1600,7000
234000.0,3,1.0,960,9624,1.0,0,0,3,7,0,1953,0,98155,47.7758,-122.301,1540,9624
371500.0,3,1.0,1650,6400,1.0,0,0,4,7,670,1954,0,98106,47.52,-122.365,1230,6400
360000.0,3,1.75,1255,1113,3.0,0,0,3,8,0,2010,0,98103,47.6958,-122.343,1010,1038
199950.0,2,1.0,1010,10057,1.0,0,0,3,6,0,1961,0,98023,47.3286,-122.336,1040,8591
1387800.0,3,3.0,2480,5500,2.0,0,3,3,10,750,1950,2005,98199,47.6466,-122.404,2950,5670
230000.0,2,1.0,1080,9435,1.0,0,0,3,6,0,1958,0,98058,47.459,-122.181,1200,9210
325000.0,2,2.25,1550,2285,2.0,0,0,3,8,0,2007,0,98106,47.5398,-122.369,1550,2135
275000.0,5,2.25,1820,10500,1.0,0,0,4,7,740,1979,0,98031,47.4058,-122.177,1820,7500
415000.0,4,2.5,2150,8173,2.0,0,0,3,8,0,1987,0,98059,47.511,-122.153,2080,7620
811500.0,5,4.25,3970,4500,2.0,0,0,3,9,1110,2004,0,98027,47.5402,-122.069,3480,4500
320000.0,3,3.25,1530,1602,2.0,0,0,3,8,390,2013,0,98106,47.5555,-122.362,1450,1198
378000.0,2,1.5,980,853,2.0,0,0,3,7,160,2009,0,98144,47.5925,-122.295,1130,1270
185900.0,3,1.0,940,10890,1.0,0,0,4,5,0,1909,0,98001,47.2763,-122.257,1370,10255
770000.0,4,2.25,2730,5000,1.0,0,0,5,7,1270,1955,0,98116,47.5843,-122.393,2010,5000
729950.0,4,3.5,3510,10010,2.0,0,0,3,10,0,2001,0,98065,47.5412,-121.876,4200,9935
585000.0,3,2.5,2330,33750,2.0,0,0,3,9,0,1983,2001,98045,47.4787,-121.723,2270,35000
365000.0,2,1.0,980,5110,1.0,0,0,4,7,200,1939,0,98115,47.7002,-122.314,1430,5110
334500.0,3,2.5,1990,3694,2.0,0,0,3,8,0,1989,0,98042,47.3872,-122.154,2110,3842
425000.0,3,2.5,1800,14036,2.0,0,0,3,8,0,1993,0,98019,47.7334,-121.97,2450,14025
150000.0,2,1.0,820,10270,1.0,0,0,3,7,0,1954,0,98168,47.5119,-122.329,1670,10086
150000.0,3,1.0,820,7680,1.5,0,0,3,6,0,1910,0,98106,47.528,-122.359,1470,6912
399000.0,4,2.5,2480,4334,2.0,0,0,3,8,0,2012,0,98038,47.3826,-122.036,2480,5632
290000.0,4,1.75,1820,22043,2.5,0,0,4,7,0,1918,0,98155,47.7606,-122.28,1880,19961
512000.0,2,2.25,1170,1313,3.0,0,0,3,8,0,2007,0,98107,47.6712,-122.378,1310,1304
1010000.0,3,2.25,2160,7500,2.0,0,0,3,10,0,1982,0,98112,47.6232,-122.299,1550,3839
435000.0,3,1.75,1750,16748,1.0,0,0,3,7,420,1978,0,98072,47.7421,-122.089,1750,16050
305000.0,4,1.75,1000,7200,1.5,0,0,4,6,0,1947,0,98155,47.742,-122.324,1280,7200
645000.0,3,3.25,3870,11000,2.0,0,2,3,9,900,1991,0,98106,47.5545,-122.354,2970,11000
1315000.0,4,2.25,3180,6105,2.0,0,0,3,10,0,1905,0,98112,47.6255,-122.314,3180,6029
700000.0,4,1.75,1980,10800,1.0,0,0,4,8,660,1953,0,98005,47.5899,-122.173,2310,10800
254950.0,4,2.0,2180,8800,1.0,0,0,5,7,1010,1977,0,98038,47.3676,-122.046,1630,8800
590000.0,4,2.0,2990,12970,1.5,0,2,4,7,1030,1948,0,98028,47.7605,-122.258,2500,10680
561000.0,4,2.5,2550,5395,2.0,0,0,3,8,0,2001,0,98065,47.5355,-121.874,2850,6109
599950.0,4,1.75,2720,7810,1.0,0,0,3,8,1210,1952,0,98115,47.6788,-122.283,2120,7315
621500.0,3,1.75,2570,39634,2.0,0,0,3,8,0,1984,0,98075,47.596,-122.08,2990,39634
422500.0,2,1.0,800,4046,1.0,0,0,3,7,0,1940,0,98117,47.6895,-122.382,1400,4046
470000.0,3,2.75,2770,54707,1.5,0,0,3,8,400,1938,0,98155,47.7555,-122.289,1640,54707
720000.0,3,2.0,1590,5200,1.0,0,0,3,7,270,1939,0,98103,47.6864,-122.341,1620,5150
998000.0,5,4.5,4130,10404,2.0,0,0,3,10,0,2004,0,98029,47.5556,-122.03,3890,11531
650000.0,5,3.5,3960,25245,2.0,0,0,3,9,1460,1996,0,98056,47.525,-122.172,2640,13675
324950.0,3,2.0,1340,9750,1.0,0,0,4,7,450,1974,0,98024,47.5644,-121.898,1460,12900
485000.0,3,1.5,1870,7853,1.0,0,0,3,7,570,1962,0,98125,47.7045,-122.281,1870,8300
550000.0,3,1.0,1630,6009,1.0,0,3,4,8,0,1954,0,98117,47.693,-122.383,2120,6009
302100.0,3,1.0,1790,6120,1.0,0,0,3,6,0,1937,1964,98146,47.508,-122.337,830,6120
436110.0,3,2.5,1770,1235,3.0,0,0,3,8,170,2007,0,98103,47.6965,-122.342,1680,1203
865000.0,3,1.75,2090,4725,2.0,0,0,3,7,480,1947,2013,98199,47.657,-122.394,1280,4725
585000.0,5,1.75,2000,3750,2.0,0,0,4,7,0,1921,0,98103,47.6618,-122.355,1520,3750
262000.0,4,2.5,1560,7800,2.0,0,0,3,7,0,1997,0,98168,47.514,-122.316,1160,7800
782000.0,4,3.5,3910,8095,2.0,0,0,3,9,780,2007,0,98029,47.5588,-122.036,3770,7021
327200.0,2,2.0,1440,8425,1.0,0,0,4,6,0,1942,1983,98168,47.4831,-122.296,1430,12037
210000.0,3,1.0,1520,8600,1.0,0,0,3,6,480,1951,0,98168,47.5134,-122.335,1320,8600
435000.0,3,2.5,1930,5790,2.0,0,0,4,7,0,1988,0,98011,47.7733,-122.17,1790,4901
160000.0,2,2.5,1660,2258,2.0,0,0,3,7,0,1981,0,98042,47.3793,-122.146,1740,2390
483300.0,4,2.0,1210,11100,1.0,0,0,4,7,0,1955,0,98006,47.5747,-122.145,1280,11100
404500.0,2,2.0,1320,3060,1.5,0,0,4,6,0,1910,0,98118,47.5643,-122.284,1410,3264
810000.0,5,3.25,3290,6422,2.0,0,0,3,9,0,2012,0,98074,47.5933,-122.061,3210,6891
327000.0,3,3.0,1370,1001,3.0,0,0,3,8,0,2009,0,98133,47.7302,-122.355,1399,1151
710000.0,3,2.5,2830,9680,2.0,0,0,3,10,0,1991,0,98074,47.6249,-122.024,2970,8691
464500.0,5,1.5,2940,13425,1.0,0,0,3,8,1470,1955,0,98155,47.7632,-122.29,1580,8200
580000.0,3,2.5,2040,4627,2.0,0,0,3,8,0,1992,0,98052,47.6365,-122.108,2230,4500
435000.0,6,3.5,2400,8620,2.0,0,0,3,8,760,1987,0,98034,47.7152,-122.162,1940,7350
525000.0,3,1.75,1520,8835,1.0,0,0,4,7,0,1957,0,98008,47.6054,-122.118,1760,8580
1295000.0,2,2.5,2910,19449,2.0,1,4,5,9,970,1985,0,98177,47.7729,-122.393,2540,23598
850000.0,5,2.25,3100,97661,2.0,0,0,3,9,0,1986,0,98053,47.6624,-122.062,2370,53993
495000.0,3,2.5,1780,47480,2.0,0,0,3,7,0,1995,0,98045,47.4723,-121.707,1890,51836
795000.0,3,2.0,2420,17859,1.0,0,1,5,9,920,1979,0,98034,47.7074,-122.246,2955,17859
587100.0,2,1.0,1190,6967,1.0,0,0,3,7,0,1946,0,98040,47.5896,-122.243,1700,6968
1054710.0,4,3.5,4210,6481,2.0,0,3,3,9,950,2014,0,98075,47.5765,-122.072,3920,5331
456000.0,4,1.0,1700,7689,1.0,0,0,3,7,620,1977,0,98052,47.6955,-122.116,1700,7333
375000.0,3,1.0,980,7296,1.0,0,0,3,7,0,1967,0,98034,47.7292,-122.231,1280,7296
180000.0,2,1.0,890,6000,1.0,0,0,2,6,0,1919,0,98178,47.4976,-122.225,1100,6000
384400.0,3,3.25,1689,1388,3.0,0,0,3,8,0,2008,0,98125,47.7174,-122.317,1459,1384
290000.0,3,2.25,1500,7308,1.0,0,0,4,7,290,1968,0,98055,47.4621,-122.187,1480,7400
275000.0,4,2.5,1840,1562,2.0,0,0,3,7,440,2004,0,98106,47.5345,-122.364,1840,1766
239999.0,3,2.75,1740,8436,1.0,0,0,3,7,600,1967,0,98003,47.3456,-122.305,1550,8436
368750.0,3,2.5,2230,5717,2.0,0,0,3,7,0,2004,0,98058,47.4388,-122.117,2230,5194
990000.0,3,2.25,2630,12899,2.0,0,0,4,9,0,1966,0,98040,47.5479,-122.233,3140,15320
85000.0,2,1.0,830,9000,1.0,0,0,3,6,0,1939,0,98032,47.3813,-122.243,1160,7680
449000.0,3,2.5,1810,1658,3.0,0,0,3,8,0,1998,0,98117,47.6955,-122.376,1470,1585
270000.0,2,1.0,1000,10320,1.0,0,0,3,6,0,1943,0,98106,47.527,-122.356,1100,5160
299000.0,3,1.5,1190,9135,1.0,0,0,4,7,0,1959,0,98056,47.5164,-122.189,1520,9146
175000.0,3,1.5,1220,7300,1.0,0,0,3,7,0,1973,0,98001,47.3341,-122.279,1260,7347
299000.0,3,1.0,1040,9514,1.0,0,0,4,7,0,1969,0,98059,47.4936,-122.102,1040,9514
353000.0,2,1.0,860,8511,1.0,0,0,3,7,0,1949,0,98125,47.7312,-122.3,1554,8499
296000.0,2,2.0,1320,2040,3.0,0,0,3,7,0,1997,0,98125,47.7224,-122.291,1430,2040
322000.0,3,1.75,2200,12231,1.0,0,0,4,7,950,1964,0,98056,47.5076,-122.173,2200,9825
395000.0,5,1.75,1840,10453,1.0,0,2,3,8,480,1948,0,98166,47.4508,-122.368,2250,11250
608095.0,3,2.5,2680,17707,2.0,0,1,3,9,0,1983,0,98034,47.7031,-122.224,2840,21743
150000.0,3,1.0,1200,9527,1.0,0,0,3,7,0,1959,0,98168,47.5112,-122.316,1510,9457
979700.0,4,2.25,2480,6000,2.0,0,2,3,10,100,1929,0,98199,47.6392,-122.406,3030,5600
200000.0,2,1.0,1000,6227,1.0,0,0,3,6,0,1949,0,98168,47.513,-122.333,1240,6250
260000.0,3,1.0,1200,6615,1.0,0,0,4,7,0,1954,0,98106,47.5168,-122.351,1230,6615
575000.0,4,2.5,2510,47044,2.0,0,0,3,9,0,1987,0,98077,47.7699,-122.085,2600,42612
280000.0,3,1.0,1020,8400,1.0,0,0,4,7,0,1957,0,98056,47.4905,-122.18,1690,8030
2250000.0,5,4.25,4860,9453,1.5,0,1,5,10,1760,1905,0,98112,47.6196,-122.286,3150,8557
580000.0,4,3.25,3569,8327,2.0,0,0,3,10,0,2013,0,98055,47.4595,-122.208,2550,5251
1325000.0,4,3.25,2470,4760,1.5,0,0,5,9,580,1906,0,98112,47.6331,-122.31,2470,4760
317750.0,3,2.5,1980,4500,2.0,0,0,3,7,0,2012,0,98042,47.3682,-122.117,1980,4500
660000.0,3,3.0,2260,1825,2.0,0,0,3,8,600,2002,0,98122,47.6108,-122.308,2260,1834
375000.0,2,1.0,940,5120,1.0,0,0,3,7,0,1909,0,98122,47.6073,-122.308,1300,5120
637000.0,4,2.75,2850,7510,2.0,0,0,3,8,0,2008,0,98125,47.7097,-122.305,1510,8833
416000.0,3,2.0,2220,94300,1.0,0,0,5,7,580,1976,0,98010,47.3459,-121.95,2070,80100
424950.0,5,3.5,2760,3865,2.5,0,0,3,8,0,2013,0,98056,47.5049,-122.17,2590,4587
370950.0,3,2.5,2529,9653,2.0,0,0,3,7,0,2012,0,98042,47.3738,-122.161,2533,6125
400000.0,3,2.0,2260,11305,1.0,0,0,3,7,1130,1986,0,98055,47.4544,-122.204,2080,10248
274900.0,3,2.0,1936,6612,2.0,0,0,3,7,0,2014,0,98001,47.2602,-122.246,1620,21600
452000.0,4,2.0,1660,6150,1.0,0,0,3,6,810,1945,0,98126,47.5371,-122.368,1110,6250
415000.0,3,2.5,2280,6031,2.0,0,0,3,8,0,2011,0,98019,47.7322,-121.966,2430,7200
420000.0,3,1.75,1720,8102,1.0,0,0,5,6,860,1940,0,98125,47.7336,-122.29,1440,8106
325000.0,4,2.5,2240,5105,2.0,0,0,4,8,0,2002,0,98042,47.3922,-122.165,1920,5288
509900.0,3,2.5,3030,9053,2.0,0,0,3,8,0,2009,0,98059,47.4945,-122.149,3010,6026
535000.0,5,2.5,3190,6178,2.0,0,0,3,8,0,2003,0,98059,47.5104,-122.154,2480,7548
306888.0,2,1.5,1010,7719,2.0,0,0,3,7,0,1981,0,98056,47.5128,-122.189,1210,7719
654500.0,4,1.0,1780,5000,1.5,0,0,3,8,0,1947,0,98115,47.6761,-122.297,2030,5000
460000.0,2,2.25,1230,929,2.0,0,0,3,8,210,2004,0,98122,47.6191,-122.301,1270,1370
2050000.0,4,3.0,4280,18834,1.0,0,4,5,11,2100,1971,0,98116,47.5811,-122.4,2490,8858
525000.0,4,2.5,2303,16801,2.0,0,0,3,8,0,1995,0,98019,47.7266,-121.966,2080,14013
1750000.0,4,4.5,4650,7660,2.0,0,0,3,11,1010,2008,0,98004,47.6349,-122.198,1710,8400
420000.0,4,1.0,1750,9600,1.5,0,0,4,7,0,1954,0,98006,47.5759,-122.137,1750,10530
283500.0,4,2.5,1990,5577,2.0,0,0,3,7,0,1999,0,98092,47.3191,-122.191,2020,6400
1080000.0,3,2.5,2240,21477,2.0,0,2,3,8,0,1995,0,98006,47.5745,-122.18,2930,21569
279000.0,3,1.0,1520,8055,1.5,0,0,3,7,0,1952,0,98125,47.7222,-122.305,1560,8160
605000.0,3,2.0,2060,4040,1.0,0,0,4,8,940,1947,0,98103,47.6798,-122.352,1500,4000
290000.0,4,1.0,1010,7200,1.5,0,0,3,6,0,1947,0,98155,47.742,-122.325,1360,7200
700000.0,2,1.75,1679,577605,2.0,0,0,3,9,0,2001,0,98070,47.463,-122.475,1850,358934
385000.0,4,2.75,2700,37011,2.0,0,0,3,9,0,1984,0,98042,47.3496,-122.088,2700,37457
617000.0,3,2.5,1880,5500,2.0,0,0,4,7,0,1947,2007,98199,47.657,-122.393,1230,5500
1250000.0,4,3.75,4520,9240,1.5,0,2,3,10,1250,1992,0,98040,47.5897,-122.229,3380,9240
410000.0,3,2.0,1700,4250,1.0,0,0,3,6,810,1944,0,98199,47.6542,-122.385,1440,4250
535000.0,3,2.5,1970,6634,2.0,0,0,3,8,0,1989,0,98029,47.5759,-122.012,2090,6176
710000.0,4,2.25,2000,8068,2.0,0,0,5,8,0,1976,0,98006,47.5584,-122.137,2080,7837
391500.0,3,2.5,1920,9625,2.0,0,0,3,8,0,1993,0,98045,47.4876,-121.8,1920,10343
222000.0,3,1.0,1460,8400,1.0,0,0,4,6,0,1962,0,98023,47.3086,-122.365,1060,8563
352000.0,4,2.5,2470,5015,2.0,0,0,3,8,0,2004,0,98038,47.3457,-122.041,2470,5100
1118000.0,4,2.5,3840,16619,2.0,0,1,4,10,0,1983,0,98040,47.5634,-122.213,3600,16553
1289000.0,5,3.5,3210,4060,2.0,0,2,3,10,920,1917,2003,98117,47.6801,-122.357,1940,5000
695000.0,5,3.25,3940,9780,2.0,0,0,3,9,0,2007,0,98065,47.5435,-121.888,3550,8468
620000.0,3,1.75,2140,5808,1.0,0,1,3,7,1070,1947,0,98119,47.6435,-122.373,1930,5808
190000.0,3,1.0,950,7610,1.0,0,0,3,7,0,1983,0,98092,47.3188,-122.174,1360,7938
734000.0,4,2.75,3090,7650,2.0,0,2,3,8,750,1959,1989,98042,47.3622,-122.157,2760,10370
664950.0,2,1.75,1180,900,2.0,0,0,3,10,400,2014,0,98102,47.6395,-122.329,1380,3610
86500.0,3,1.0,840,9480,1.0,0,0,3,6,0,1960,0,98023,47.3277,-122.341,840,9420
275436.0,4,2.75,2170,9658,1.5,0,0,3,7,0,1966,0,98030,47.3741,-122.189,1490,9731
740000.0,5,5.0,5774,31675,1.0,0,2,3,11,1284,1984,0,98003,47.3466,-122.323,3260,13200
387500.0,3,1.0,1220,8329,1.0,0,0,3,6,0,1946,0,98115,47.6982,-122.298,1490,8322
763000.0,4,2.5,3220,7873,2.0,0,0,3,10,0,1994,0,98075,47.5849,-122.03,2610,8023
546000.0,2,2.25,1530,1324,2.0,0,0,3,8,250,2010,0,98122,47.6032,-122.311,1410,1689
500000.0,3,1.0,1800,7200,1.0,0,0,3,7,780,1964,0,98118,47.5616,-122.275,1740,5475
575575.0,3,1.75,1516,2897,1.0,0,0,3,7,518,1925,0,98103,47.6842,-122.341,2100,3854
500000.0,3,1.5,2150,4000,1.5,0,0,3,7,680,1928,0,98144,47.5733,-122.312,1750,4000
529000.0,3,1.0,1590,6420,1.0,0,0,3,7,0,1944,0,98136,47.5355,-122.392,1780,5900
379500.0,3,2.25,1830,25641,2.0,0,0,3,8,0,1989,0,98059,47.4786,-122.112,1500,25641
265000.0,4,1.5,2050,7100,1.0,0,0,3,7,1000,1963,0,98001,47.3395,-122.28,1950,7350
495000.0,3,3.5,2380,6250,2.0,0,3,3,8,710,1997,0,98118,47.5137,-122.252,2540,4010
559900.0,5,3.0,2200,6380,1.0,0,0,3,7,760,1987,0,98125,47.7033,-122.322,1960,5800
315000.0,4,2.0,1780,5336,1.5,0,0,5,6,850,1918,0,98178,47.5094,-122.263,1910,10304
595000.0,4,1.75,1880,4080,1.0,0,0,3,7,940,1924,0,98115,47.6754,-122.327,1410,4080
2250000.0,5,5.25,3410,8118,2.0,0,0,3,11,0,2006,0,98039,47.6295,-122.236,3410,16236
908800.0,3,3.0,3420,7826,2.0,0,0,4,8,990,1939,0,98144,47.5873,-122.29,980,6300
660000.0,4,1.5,1960,4500,1.5,0,2,3,7,0,1922,0,98117,47.6797,-122.359,1960,4500
305000.0,2,1.0,1960,186872,1.5,0,0,4,6,0,1936,0,98001,47.2681,-122.267,1650,19200
489000.0,3,3.0,3700,10375,2.0,0,0,3,9,0,1982,0,98188,47.4286,-122.291,2130,9132
509900.0,3,2.5,1790,2700,2.0,0,0,3,8,0,2010,0,98027,47.564,-122.093,1890,3078
334900.0,4,1.75,2180,4066,1.5,0,0,3,6,910,1911,0,98118,47.5487,-122.277,1400,1343
671000.0,4,3.0,3130,5700,1.5,0,0,3,7,1380,1953,0,98115,47.6811,-122.283,2080,5700
442500.0,3,1.5,1800,8303,1.0,0,0,3,7,600,1957,0,98133,47.7693,-122.357,1800,8171
1000000.0,4,1.5,2100,4560,1.5,0,0,4,8,0,1912,0,98103,47.6497,-122.336,1930,4560
288400.0,4,2.5,1860,6687,1.0,0,0,4,7,640,1983,0,98031,47.4046,-122.186,1860,6117
425000.0,3,1.5,1190,8100,1.0,0,0,3,7,360,1947,0,98125,47.7146,-122.311,1256,8100
338000.0,3,2.5,1690,1760,2.0,0,0,3,8,280,2014,0,98106,47.5387,-122.367,1740,1760
153000.0,3,1.0,1200,10500,1.0,0,0,3,7,0,1962,0,98023,47.322,-122.351,1350,10500
510000.0,3,1.75,1610,11950,1.0,0,2,3,7,400,1984,0,98052,47.6705,-122.138,1610,9363
200000.0,3,1.0,2120,31564,1.0,0,0,3,7,900,1942,0,98168,47.4938,-122.298,1790,11571
372500.0,2,1.0,880,10950,1.0,0,0,4,7,0,1944,0,98133,47.7332,-122.352,1450,7560
500000.0,4,2.75,2280,15347,1.0,0,0,5,7,0,1960,0,98059,47.5218,-122.164,2280,15347
369900.0,1,0.75,760,10079,1.0,1,4,5,5,0,1936,0,98070,47.4683,-122.438,1230,14267
426700.0,3,1.75,2080,7700,1.0,0,0,5,7,480,1968,0,98056,47.5375,-122.178,1680,7700
860000.0,3,2.5,2770,9136,2.0,0,0,3,10,0,1991,0,98006,47.5605,-122.115,2890,8442
230000.0,4,1.0,1870,14703,1.5,0,0,3,6,780,1928,0,98118,47.5274,-122.281,1650,6045
339950.0,3,1.0,1320,11457,1.0,0,0,3,8,0,1959,0,98028,47.7738,-122.261,1900,9800
760000.0,4,2.25,3300,8365,3.0,0,0,3,9,0,2014,0,98126,47.5363,-122.377,1290,8369
310000.0,4,2.5,2310,7384,2.0,0,0,3,8,0,2010,0,98042,47.3737,-122.165,2310,7800
565000.0,4,2.5,2230,8624,1.0,0,0,4,8,800,1969,0,98052,47.6623,-122.152,1970,8402
785500.0,4,4.0,3280,8448,2.0,0,0,3,10,0,2007,0,98075,47.5818,-121.973,3730,8030
831500.0,5,2.5,4470,35124,2.5,0,0,3,11,0,1984,0,98072,47.7377,-122.084,4050,34118
342000.0,3,2.5,1740,2226,2.0,0,0,3,8,420,2008,0,98106,47.525,-122.366,1740,1789
460000.0,3,2.0,2930,29136,2.0,0,0,3,8,690,1990,0,98010,47.3102,-122.042,2110,29362
449000.0,4,2.0,1870,6000,1.5,0,0,3,7,0,1956,0,98125,47.7155,-122.315,1520,7169
469000.0,3,2.25,2620,10659,1.0,0,0,3,7,960,1976,0,98155,47.7643,-122.273,1820,12071
554000.0,3,1.75,1760,10780,1.0,0,0,3,8,0,1977,0,98005,47.5938,-122.154,2090,10780
446000.0,4,2.0,2280,43692,1.0,0,0,3,7,1140,1957,1984,98038,47.4067,-122.03,2580,37938
1050000.0,4,2.5,4080,11054,2.0,0,0,3,11,0,2001,0,98059,47.5188,-122.151,3520,11914
280000.0,3,1.0,1400,13975,1.0,0,0,4,6,0,1956,0,98198,47.4195,-122.33,1260,7500
630000.0,3,2.5,2460,38794,2.0,0,0,3,9,0,1999,0,98077,47.7602,-122.022,2470,51400
325000.0,2,1.0,1060,6050,1.0,0,0,3,7,120,1939,0,98125,47.7028,-122.321,1540,5279
453000.0,3,2.5,1820,16300,1.0,0,0,4,7,600,1955,0,98166,47.4582,-122.365,1870,16300
280000.0,3,1.5,1670,11610,1.0,0,0,4,7,0,1963,0,98055,47.4404,-122.191,1930,10200
485000.0,3,1.75,2590,8384,1.0,0,0,4,8,1000,1971,0,98011,47.7739,-122.199,2590,8800
425000.0,3,2.25,1740,9682,1.0,0,0,5,8,0,1969,0,98056,47.5138,-122.173,2100,9536
350000.0,3,3.25,1210,941,2.0,0,0,3,8,210,2002,0,98133,47.7114,-122.356,1650,1493
410000.0,3,1.0,1230,7020,1.0,0,0,3,7,140,1924,0,98116,47.5719,-122.39,1390,5850
600000.0,5,2.25,2760,6350,1.0,0,0,3,7,1380,1958,0,98126,47.5561,-122.379,2060,6342
705000.0,3,3.0,1970,20978,2.0,1,3,4,9,200,1980,0,98070,47.3844,-122.438,2280,75396
426000.0,2,2.5,1550,2657,2.0,0,0,4,8,0,1987,0,98033,47.7034,-122.188,1570,2442
525000.0,5,2.75,2880,8364,2.0,0,0,3,9,0,2006,0,98059,47.4893,-122.147,3010,8296
344500.0,3,1.75,1890,9535,1.0,0,0,3,7,680,1976,0,98055,47.4872,-122.223,2040,11108
595000.0,4,2.5,2100,3125,2.0,0,2,3,7,700,1907,1993,98107,47.6634,-122.358,2060,5040
297000.0,3,2.5,1690,4988,2.0,0,0,3,7,0,2002,0,98038,47.3561,-122.015,1830,4733
350500.0,2,1.0,1450,6380,1.0,0,0,3,7,0,1967,0,98115,47.6924,-122.321,1240,6380
590000.0,4,2.0,2490,339332,1.0,0,0,3,8,0,2002,0,98022,47.2725,-121.929,1910,129373
597500.0,3,2.0,2150,5400,1.5,0,0,4,7,770,1911,0,98126,47.555,-122.379,1940,6500
203000.0,3,1.75,1190,6000,1.0,0,0,3,7,0,1952,2015,98178,47.5026,-122.236,1200,6000
383610.0,3,2.0,1230,8450,1.0,0,0,3,7,0,1989,0,98155,47.7548,-122.305,2110,8536
565000.0,4,2.5,2440,22594,2.0,0,0,3,8,0,1996,0,98053,47.6333,-121.97,2560,33341
280000.0,4,3.0,2460,9606,1.0,0,0,3,8,0,2012,0,98168,47.4889,-122.317,1730,7500
289000.0,4,2.25,1930,8925,1.0,0,0,4,8,0,1974,0,98058,47.4501,-122.128,1930,8400
358000.0,2,1.0,1140,8340,1.0,0,0,3,7,0,1948,0,98155,47.7448,-122.3,1030,8149
395000.0,3,2.25,1780,9672,1.0,0,0,3,8,430,1960,0,98133,47.7774,-122.35,1860,10080
675000.0,3,2.5,2250,4134,2.0,0,0,3,9,0,2004,0,98052,47.6651,-122.084,2390,4134
380000.0,3,2.0,1660,8281,1.0,0,0,3,7,0,1949,0,98136,47.5568,-122.382,1660,7559
1047500.0,3,2.25,2930,7005,3.0,0,2,3,9,260,1999,0,98117,47.6763,-122.404,2450,6460
337000.0,4,2.5,2470,5100,2.0,0,0,3,8,0,2005,0,98038,47.3622,-122.041,2240,5123
180000.0,3,1.0,780,3540,1.0,0,0,2,6,0,1920,0,98118,47.565,-122.291,1260,3540
268000.0,4,1.75,1680,9966,1.0,0,0,3,7,580,1977,0,98198,47.3923,-122.311,2400,10369
655000.0,4,2.5,2860,12394,2.0,0,0,3,10,0,1999,0,98075,47.5832,-122.026,3070,8515
256950.0,2,2.0,1070,635,2.0,0,0,3,9,350,2008,0,98106,47.5212,-122.357,1070,928
502000.0,2,1.0,1570,4704,1.5,0,1,3,8,0,1931,0,98136,47.5256,-122.392,1820,4704
302200.0,4,1.5,1730,10396,1.0,0,0,3,7,0,1964,0,98058,47.4497,-122.168,1510,10396
1100000.0,3,2.0,3010,5000,2.0,0,2,5,9,1120,1931,0,98199,47.6347,-122.396,2688,5000
305000.0,3,1.0,1250,23680,1.0,0,0,5,7,0,1967,0,98059,47.475,-122.11,1450,23680
550000.0,3,2.5,2720,62310,1.0,0,0,3,8,680,1985,0,98038,47.4168,-122.074,2770,204296
625000.0,3,1.75,3160,76230,1.0,0,0,4,8,1000,1978,0,98001,47.274,-122.287,1990,45789
359950.0,5,2.25,2450,9432,2.0,0,0,3,8,0,1973,0,98058,47.4519,-122.13,2310,9100
435000.0,5,2.25,1970,15247,1.0,0,0,3,7,520,1986,0,98024,47.5669,-121.905,1300,10800
268500.0,4,2.5,2100,4237,2.0,0,0,3,8,0,2006,0,98031,47.3901,-122.174,2100,4575
570000.0,3,2.25,2010,6000,1.0,0,0,3,8,680,1975,0,98052,47.6912,-122.115,2080,8260
455000.0,3,1.75,1700,8360,1.0,0,0,4,7,850,1955,0,98006,47.5766,-122.147,1520,8360
319950.0,2,1.0,920,8341,1.0,0,0,3,7,0,1939,0,98146,47.5015,-122.38,2330,9792
441500.0,3,2.5,2420,9592,2.0,0,0,3,8,640,1993,0,98059,47.5093,-122.153,2420,9145
397950.0,4,1.75,2360,8116,1.0,0,0,4,7,1180,1916,1970,98133,47.7635,-122.335,1670,8160
430000.0,2,1.0,1460,9207,1.0,0,0,3,7,250,1947,0,98125,47.7195,-122.287,1500,6898
1199500.0,4,2.5,3240,13044,2.0,0,0,4,9,0,1984,0,98040,47.5825,-122.242,2920,13044
795127.0,4,3.25,4360,91158,1.0,0,0,3,10,1000,1993,0,98053,47.6398,-121.985,3540,90940
525000.0,4,1.5,1580,6360,1.5,0,0,3,7,290,1945,0,98115,47.6873,-122.286,1690,6360
538000.0,3,2.25,2570,7242,2.0,0,0,3,7,400,1951,1991,98125,47.721,-122.319,1690,7639
464950.0,4,2.5,1640,6000,2.0,0,0,3,7,0,2011,0,98106,47.559,-122.365,1640,4800
375000.0,2,1.0,1230,1820,2.0,0,0,4,7,400,1948,0,98107,47.6684,-122.401,1660,3056
770000.0,3,1.0,2230,3200,2.0,0,2,3,8,600,1918,0,98109,47.6334,-122.356,2280,5400
687500.0,3,1.5,1280,2114,1.5,0,0,3,8,0,1904,0,98122,47.6174,-122.308,1540,1456
285000.0,3,1.5,1870,42070,1.0,0,0,3,7,0,1953,0,98168,47.509,-122.313,1870,19965
587750.0,2,1.0,890,4730,1.0,0,0,3,7,0,1941,0,98103,47.6876,-122.341,1330,5904
366000.0,3,2.0,1350,10200,1.0,0,0,3,7,0,1977,0,98074,47.6159,-122.05,1820,9600
715000.0,3,2.25,1990,4977,3.0,0,0,3,9,0,2012,0,98118,47.5404,-122.268,1280,5000
729000.0,4,2.5,2660,5608,2.0,0,0,3,9,0,2003,0,98029,47.5449,-121.995,3010,5608
265000.0,4,1.0,1940,9533,1.0,0,0,3,7,860,1962,0,98031,47.4139,-122.208,1940,8839
765000.0,5,3.0,2870,5700,1.0,0,0,3,7,920,1964,0,98103,47.6621,-122.33,1730,5529
565000.0,3,1.5,1540,3570,1.5,0,0,5,7,50,1930,0,98105,47.6692,-122.325,1620,4080
381000.0,3,1.75,1330,7216,1.0,0,0,3,7,0,1969,0,98034,47.7199,-122.18,1500,8000
443000.0,3,2.5,1780,2778,2.0,0,0,3,8,250,2007,0,98126,47.5487,-122.372,1380,1998
485000.0,4,2.5,2400,10364,2.0,0,0,3,8,0,1995,0,98045,47.4832,-121.799,2390,9918
249000.0,3,2.0,1360,6082,1.0,0,0,3,7,0,1994,0,98042,47.3577,-122.16,1360,6987
355000.0,3,2.25,1960,7000,1.0,0,0,3,8,360,1980,0,98058,47.4427,-122.126,1980,7140
1225000.0,4,2.25,2020,5800,1.0,0,3,4,9,260,1941,0,98199,47.6471,-122.412,3100,5800
295000.0,2,1.75,1560,43748,2.0,0,0,3,8,0,1967,2000,98065,47.5729,-121.676,1000,24602
244900.0,3,1.5,1360,9980,1.0,0,0,4,7,0,1966,0,98031,47.4143,-122.206,1360,9750
940000.0,3,1.0,1220,8119,1.0,0,0,4,7,0,1955,0,98039,47.6328,-122.236,1910,8119
395900.0,3,1.75,1880,8706,1.0,0,0,3,7,940,1927,0,98155,47.7362,-122.292,1880,7200
300000.0,3,2.5,1330,1200,3.0,0,0,3,7,0,2002,0,98133,47.7034,-122.344,1330,1206
537000.0,4,2.25,2640,8800,1.0,0,0,3,8,1020,1980,0,98072,47.7552,-122.148,2500,11700
410000.0,3,2.0,1740,9300,1.0,0,0,4,7,0,1952,0,98166,47.4526,-122.357,1540,9638
303210.0,4,2.5,2009,5000,2.0,0,0,3,8,0,2014,0,98092,47.2577,-122.198,2009,5182
385000.0,4,2.0,1850,11700,1.0,0,0,4,8,0,1969,0,98059,47.4702,-122.12,2110,11700
541100.0,4,2.25,2510,9800,2.0,0,0,3,9,0,1978,0,98072,47.753,-122.145,2440,11000
300000.0,3,2.5,1870,3439,2.0,0,0,3,7,0,2005,0,98042,47.3992,-122.163,2190,4029
410000.0,3,2.25,1790,5794,1.5,0,0,3,7,410,1985,0,98072,47.7477,-122.171,2140,7769
355000.0,4,1.75,2160,8000,1.0,0,0,4,9,500,1976,0,98023,47.3165,-122.382,2350,8200
1480000.0,3,3.25,3700,2264,2.0,0,0,3,11,1420,1998,0,98033,47.6653,-122.205,3930,2567
765000.0,4,2.5,3300,10764,1.0,0,0,4,9,1580,1971,0,98177,47.7119,-122.365,2290,10975
685000.0,4,1.0,1550,15239,1.5,1,4,3,6,180,1930,0,98166,47.4502,-122.378,1790,22047
915000.0,4,2.5,2910,4356,3.0,0,0,3,8,0,2010,0,98034,47.6705,-122.146,2840,4181
260000.0,3,1.0,1180,5350,1.5,0,0,4,6,0,1959,0,98178,47.505,-122.259,1490,5350
800000.0,4,2.0,2130,2800,1.0,0,0,5,7,1060,1922,0,98103,47.6545,-122.333,1990,3990
565000.0,3,2.25,2440,8378,1.0,0,0,3,7,960,1962,0,98028,47.7705,-122.26,2510,9602
362000.0,3,2.75,1420,955,2.0,0,0,3,8,260,2004,0,98029,47.5477,-122.003,1420,955
385000.0,4,3.0,2090,5102,1.0,0,0,3,7,740,1994,0,98106,47.5427,-122.356,2090,5102
580000.0,4,3.0,3280,11060,2.0,0,0,3,8,1010,1986,0,98056,47.5399,-122.181,2320,11004
390000.0,3,2.5,2500,21780,1.0,0,0,3,8,730,1986,0,98092,47.3282,-122.198,2670,23400
210000.0,3,1.0,1200,7200,1.0,0,0,3,6,0,1977,0,98030,47.3746,-122.183,1200,7420
753000.0,3,2.5,3070,223463,2.0,0,0,3,9,0,2003,0,98053,47.664,-121.993,3640,223463
620000.0,3,1.0,1710,4050,1.5,0,0,3,7,0,1909,0,98103,47.6732,-122.331,1790,4896
902000.0,3,2.75,3240,7200,1.0,0,2,3,8,1620,1960,0,98118,47.567,-122.273,2700,7200
250000.0,3,1.0,1060,52272,1.0,0,0,3,7,0,1960,0,98030,47.36,-122.178,1900,5971
675000.0,4,2.25,2760,12100,2.0,0,0,4,9,0,1976,0,98074,47.6285,-122.058,2850,12410
720000.0,4,3.0,3550,12327,1.5,0,0,4,10,1370,1990,0,98011,47.7533,-122.205,3170,12937
1095000.0,5,3.0,4090,12850,1.0,0,2,4,10,2000,1986,0,98033,47.6627,-122.188,2540,10270
303000.0,3,2.25,1340,873,3.0,0,0,3,8,0,2009,0,98133,47.7325,-122.343,1340,1186
550000.0,3,2.5,1840,3035,1.0,0,0,3,7,920,1926,0,98105,47.6557,-122.327,1780,4000
830000.0,4,3.25,3330,7809,2.0,0,0,3,9,0,2004,0,98075,47.5977,-121.976,3100,6465
215000.0,4,2.5,2130,4496,2.0,0,0,3,7,0,2004,0,98001,47.3041,-122.28,3220,5400
292500.0,3,2.25,1690,7320,2.0,0,0,3,7,0,1987,0,98198,47.3889,-122.316,1520,7450
299000.0,3,1.75,1730,14270,1.0,0,0,3,7,0,1959,0,98065,47.5318,-121.833,1600,11232
455000.0,4,1.75,1790,45738,1.0,0,0,3,8,380,1976,0,98072,47.7453,-122.129,1870,47480
775000.0,4,2.75,3010,15992,2.0,0,0,3,11,0,1996,0,98075,47.5895,-121.994,3330,12333
245000.0,4,1.75,2020,8800,1.0,0,0,4,8,0,1969,0,98023,47.3202,-122.384,2320,8000
930000.0,4,4.0,6050,84942,2.5,0,2,3,9,1900,2009,0,98077,47.7466,-122.029,2700,199504
335000.0,2,1.75,1660,11437,2.0,0,0,3,7,0,1958,1992,98146,47.4899,-122.339,1290,7860
385000.0,3,0.75,1330,7020,1.0,0,0,5,7,0,1924,0,98126,47.5377,-122.376,1410,5802
255000.0,3,1.75,1260,1133,2.0,0,0,3,7,450,2011,0,98106,47.5261,-122.361,1260,1172
363990.0,4,2.5,2240,3712,2.0,0,0,3,8,0,2014,0,98038,47.3551,-122.061,2530,4315
555000.0,2,1.5,1190,1361,2.0,0,0,3,8,0,2007,0,98122,47.6161,-122.302,1280,3360
206000.0,3,1.0,920,8400,1.0,0,0,3,7,0,1963,0,98032,47.3771,-122.287,1260,8400
575000.0,3,1.75,1530,6743,1.0,0,0,3,7,120,1955,0,98116,47.5745,-122.396,2040,6000
835000.0,4,3.0,4480,42717,2.0,0,0,3,9,0,1987,0,98077,47.7711,-122.088,3140,41632
291850.0,3,1.5,1060,9711,1.0,0,0,3,7,0,1963,0,98198,47.4095,-122.315,1650,9711
305000.0,1,1.0,900,7500,1.0,0,0,3,5,0,1946,1987,98155,47.7553,-122.283,1470,7500
335000.0,2,1.0,1510,3844,1.0,0,0,4,7,0,1923,1970,98133,47.7038,-122.348,1170,3844
603000.0,3,2.25,1700,2800,2.0,0,0,5,7,550,1926,0,98115,47.6819,-122.311,1500,3400
617000.0,3,2.5,1910,4488,2.0,0,0,3,8,0,1998,0,98007,47.6176,-122.14,1530,3696
540000.0,3,1.0,1050,4160,1.0,0,0,4,7,0,1925,0,98115,47.6756,-122.3,1580,3680
205000.0,4,1.0,1340,7920,1.0,0,0,4,7,0,1970,0,98001,47.2845,-122.267,1090,9600
520000.0,3,3.25,1540,1487,2.0,0,0,3,8,0,2011,0,98027,47.5397,-122.027,1620,1104
935000.0,5,2.5,3150,35283,1.0,0,0,3,10,1350,1975,0,98005,47.6368,-122.157,3280,35283
375000.0,4,3.0,2420,9566,2.0,0,0,3,7,0,2003,0,98188,47.4693,-122.266,2420,9135
310000.0,4,1.75,1880,12150,1.0,0,0,3,7,600,1976,0,98023,47.3272,-122.363,1980,9680
810000.0,6,2.75,3970,9500,1.0,0,0,4,10,1790,1970,0,98005,47.5956,-122.178,2490,9775
850000.0,3,2.5,3120,12406,2.0,0,2,3,9,1180,1983,0,98006,47.5507,-122.141,3240,13141
289950.0,3,2.5,2070,5013,2.0,0,0,3,8,0,1987,0,98023,47.3202,-122.395,1670,5013
217500.0,2,2.0,1070,8400,1.0,0,0,4,7,0,1980,0,98031,47.4014,-122.186,1430,8190
710000.0,3,1.75,2430,11448,1.0,0,1,5,7,810,1949,0,98117,47.6971,-122.391,2140,8144
397500.0,3,1.75,1300,8480,1.0,0,0,3,7,0,1969,0,98052,47.6991,-122.13,1740,7280
999000.0,3,2.5,2710,23292,1.0,0,4,3,9,630,1956,0,98177,47.7608,-122.374,2430,20000
385000.0,3,1.0,1220,4800,1.0,0,0,3,6,0,1901,0,98122,47.6101,-122.307,1200,4800
965000.0,4,3.5,3290,5559,1.5,0,0,3,8,1000,1906,2004,98103,47.6788,-122.346,1790,6000
279900.0,2,1.75,1360,10000,1.0,0,0,3,6,0,1957,1989,98019,47.7421,-121.982,1430,10000
450000.0,5,2.0,1870,7344,1.5,0,0,3,7,0,1960,0,98007,47.5951,-122.144,1870,7650
1500000.0,3,1.75,2430,12757,1.0,0,2,4,8,1090,1952,0,98004,47.6201,-122.209,2930,12450
206000.0,3,1.0,1060,10350,1.0,0,0,4,7,0,1980,0,98038,47.365,-122.028,1500,9660
515000.0,3,3.0,2100,2409,2.0,0,0,3,8,440,2008,0,98144,47.5973,-122.298,1900,2400
725000.0,4,2.5,2490,5170,2.0,0,0,4,9,0,2000,0,98052,47.6836,-122.162,2490,5170
474000.0,4,2.25,1960,14834,1.0,0,0,4,8,630,1976,0,98072,47.7434,-122.095,1540,15000
315000.0,3,2.0,1660,11135,1.0,0,0,3,8,0,1971,0,98045,47.4897,-121.787,1660,11560
175000.0,2,1.0,960,5508,1.0,0,0,3,6,190,1951,0,98118,47.5307,-122.277,1280,5304
205000.0,3,1.0,1370,10708,1.0,0,0,3,7,0,1969,0,98001,47.2769,-122.264,1770,14482
795000.0,4,2.5,2920,32219,2.0,0,0,5,10,0,1995,0,98077,47.7439,-122.041,3420,37206
1582500.0,4,2.5,3980,16304,1.0,0,1,3,10,1500,1968,0,98004,47.639,-122.21,3980,16304
801501.0,4,2.25,2250,13500,2.0,0,0,4,9,0,1980,0,98007,47.621,-122.151,2730,13500
883000.0,4,2.5,3670,54450,2.0,0,0,3,10,0,1999,0,98074,47.6211,-122.016,2900,49658
245000.0,3,1.5,1340,7391,1.0,0,0,4,7,0,1966,0,98198,47.3837,-122.317,1300,7391
597500.0,4,3.0,1890,35280,1.0,0,0,3,9,380,1979,0,98052,47.7112,-122.099,2730,34525
585000.0,5,2.25,2480,12614,1.0,0,0,4,8,620,1979,0,98011,47.7393,-122.2,2470,12392
520000.0,3,2.5,2280,58712,2.5,0,3,3,9,0,1987,0,98010,47.3053,-122.0,2240,24332
665000.0,4,1.75,2280,3680,1.5,0,0,5,7,810,1926,0,98115,47.6754,-122.3,1850,3680
405000.0,2,1.75,1710,4234,2.0,0,0,3,7,380,1920,1979,98136,47.5319,-122.386,1530,4556
385000.0,3,2.25,1710,11500,1.0,0,0,3,7,500,1978,0,98028,47.7675,-122.267,1800,11500
490000.0,5,3.5,4460,2975,3.0,0,2,3,10,1180,2015,0,98119,47.6313,-122.37,2490,4231
248000.0,3,1.0,950,9400,1.0,0,0,4,7,0,1954,0,98006,47.5746,-122.136,1260,9400
365000.0,4,3.5,2720,6781,2.0,0,0,3,8,620,1999,0,98055,47.4612,-122.215,2280,5942
707900.0,3,1.0,1750,5355,2.0,0,0,4,7,0,1929,0,98115,47.6792,-122.31,2240,4590
790500.0,4,2.75,3350,5416,2.0,0,0,3,9,0,2014,0,98053,47.6849,-122.016,3625,5637
500000.0,3,1.5,2040,6750,1.0,0,0,3,7,760,1950,0,98117,47.7013,-122.369,1970,6750
937750.0,4,2.75,2580,3560,1.5,0,0,5,7,870,1917,0,98115,47.6753,-122.304,1980,3800
215000.0,3,1.5,1100,33600,1.0,0,0,3,7,0,1967,0,98001,47.3185,-122.29,1570,32700
330000.0,2,1.0,790,9784,1.0,0,0,3,6,0,1932,0,98155,47.7634,-122.284,2350,10102
158800.0,3,1.0,960,8291,1.0,0,0,3,6,0,1950,0,98146,47.5006,-122.334,1110,8231
414500.0,3,1.0,1050,6002,1.0,0,0,3,7,210,1941,0,98115,47.6988,-122.316,1180,6003
150000.0,2,1.0,830,4045,1.0,0,0,3,6,0,1943,0,98106,47.5293,-122.351,1100,4116
380000.0,4,2.5,2540,6365,2.0,0,0,3,8,670,2000,0,98055,47.4608,-122.215,2290,5942
1370000.0,2,2.25,2460,16940,1.5,0,4,4,9,530,1936,0,98117,47.6792,-122.404,2260,6851
600000.0,5,2.0,2190,9072,1.0,0,0,5,7,1080,1965,0,98052,47.6696,-122.149,1660,8327
445000.0,3,2.5,1730,4408,2.0,0,0,3,8,0,1996,0,98029,47.5683,-122.005,1730,4408
362500.0,3,2.5,1800,2700,2.0,0,0,3,8,0,2011,0,98126,47.5458,-122.369,1380,1200
280000.0,3,1.0,1350,7553,1.5,0,0,3,6,0,1914,0,98118,47.5345,-122.274,1380,7470
327000.0,4,1.0,1900,9000,1.0,0,0,4,7,610,1948,0,98166,47.4629,-122.361,1950,10800
401000.0,4,1.0,1940,5753,1.5,0,0,3,7,0,1947,0,98177,47.7188,-122.358,2170,6075
1014250.0,3,1.0,1640,12855,1.5,0,0,5,6,140,1920,0,98004,47.6169,-122.212,2190,11262
390000.0,3,1.5,1000,13991,1.0,0,0,4,7,0,1956,0,98006,47.5643,-122.138,1520,11465
604000.0,4,2.5,2260,7753,2.0,0,0,3,9,0,1989,0,98029,47.5752,-121.995,2690,8924
269950.0,3,2.0,1660,8641,2.0,0,0,4,8,0,1987,0,98042,47.3663,-122.088,1490,8641
430000.0,3,2.0,1550,6039,1.0,0,0,5,7,720,1942,0,98126,47.5436,-122.378,1330,6042
162000.0,4,1.0,1460,16638,1.0,0,0,4,6,0,1975,0,98010,47.3431,-122.048,1460,16638
795000.0,4,3.25,3520,5250,2.0,0,0,3,9,0,2012,0,98053,47.6869,-122.019,3220,5781
449500.0,4,2.0,2430,199940,1.0,0,0,3,8,1120,1961,0,98038,47.4116,-122.029,2220,150282
642000.0,3,2.5,2670,10082,1.0,0,0,3,10,0,1987,0,98074,47.6359,-122.045,2740,10854
187250.0,2,1.0,710,14700,1.0,0,0,5,6,0,1926,0,98168,47.4939,-122.318,1320,14700
345000.0,2,1.0,1080,4000,1.0,0,0,3,7,0,1940,0,98117,47.6902,-122.387,1530,4240
1017100.0,4,3.75,4060,19290,2.0,0,0,3,10,0,2002,0,98074,47.6051,-122.053,4020,13250
537000.0,4,2.0,1720,6413,1.0,0,0,4,7,860,1950,0,98116,47.5734,-122.395,1280,6413
197000.0,4,1.0,1360,11175,1.0,0,0,3,7,0,1961,0,98188,47.4551,-122.272,1340,9702
248500.0,3,2.0,1240,12285,1.0,0,0,3,7,620,1939,1991,98023,47.3219,-122.341,1560,11564
339000.0,4,1.5,2390,7480,1.5,0,2,3,7,0,1920,0,98178,47.504,-122.227,2850,6867
520500.0,3,2.0,1900,8100,1.0,0,0,4,7,950,1940,0,98115,47.6997,-122.319,1400,6380
356999.0,3,1.5,1010,1546,2.0,0,0,3,8,0,1971,2014,98144,47.5998,-122.311,1010,1517
860000.0,3,3.25,4720,32467,2.0,0,2,3,10,1530,1998,0,98059,47.508,-122.113,3260,26386
525000.0,3,1.5,1380,4290,1.0,0,0,3,7,300,1955,0,98107,47.674,-122.379,1510,3900
244500.0,2,1.75,1300,14500,1.0,0,0,3,6,650,1939,0,98168,47.4989,-122.329,1370,12986
394950.0,2,2.25,1300,2104,2.0,0,0,3,8,290,2011,0,98136,47.5477,-122.388,1430,1850
510000.0,4,1.5,1320,14250,1.0,0,0,4,7,0,1954,0,98033,47.7016,-122.199,1720,14250
621000.0,4,2.75,1950,6930,1.0,0,2,4,7,700,1960,0,98008,47.616,-122.113,1950,8560
561000.0,4,2.5,2570,5250,2.0,0,0,3,8,0,1990,0,98029,47.5763,-122.0,2260,5392
357000.0,2,1.0,870,4600,1.0,0,0,4,7,0,1942,0,98126,47.5274,-122.379,930,4600
309950.0,1,1.0,1120,11800,1.5,0,0,3,7,0,1950,0,98168,47.5123,-122.331,2330,9290
453000.0,4,1.75,2120,7420,1.0,0,0,4,7,1060,1956,0,98008,47.6019,-122.13,1540,7420
850000.0,3,2.5,2940,10809,2.0,0,0,3,10,0,1992,0,98006,47.5418,-122.136,3090,10348
260000.0,4,2.75,2250,7345,1.0,0,0,4,8,930,1984,0,98023,47.2895,-122.37,1800,6950
263000.0,3,1.0,1250,7560,1.0,0,0,3,6,0,1959,0,98058,47.4493,-122.173,1270,7615
875000.0,6,3.25,2820,4536,2.0,0,0,4,8,890,1917,0,98105,47.6688,-122.309,2820,4536
840000.0,3,1.75,2020,4800,1.0,0,0,4,8,930,1926,0,98115,47.6726,-122.294,1680,4800
229000.0,3,1.5,1200,5000,1.0,0,0,3,6,0,1979,0,98146,47.5122,-122.357,1440,2500
700000.0,2,1.5,1850,4945,1.5,0,2,4,7,0,1907,1969,98126,47.5742,-122.379,1850,4950
707000.0,5,4.5,3540,21217,2.0,0,0,4,8,600,1926,0,98188,47.4274,-122.28,1290,12040
545000.0,4,2.25,2390,40510,1.0,0,0,4,8,0,1969,0,98072,47.7566,-122.113,3200,36989
572500.0,3,1.0,1590,4600,1.5,0,0,4,7,300,1926,0,98117,47.6807,-122.399,1770,4350
618000.0,4,2.25,2530,8736,1.0,0,0,4,7,1320,1958,0,98008,47.6049,-122.126,1720,8500
315000.0,3,1.75,1460,7884,1.0,0,0,3,8,0,1975,0,98058,47.4457,-122.128,2050,7210
230000.0,3,1.0,1120,7500,1.0,0,0,3,7,0,1965,0,98146,47.5112,-122.359,1120,5000
628000.0,3,1.75,4000,11894,1.0,0,0,3,9,1810,1987,0,98011,47.7738,-122.203,2530,8650
293000.0,4,1.0,1130,8308,1.5,0,0,4,6,0,1944,0,98166,47.4669,-122.355,1130,8652
775000.0,2,1.0,1010,3600,1.0,0,0,3,7,0,1913,0,98107,47.6641,-122.357,1540,3600
905000.0,4,2.5,3330,9557,2.0,0,0,3,10,0,1995,0,98006,47.5526,-122.102,3360,9755
499000.0,3,1.75,2650,11774,1.0,0,1,3,8,410,1952,0,98146,47.4909,-122.363,2650,10120
280000.0,4,2.5,1934,5677,2.0,0,0,3,8,0,2013,0,98001,47.2602,-122.252,1919,5049
318000.0,3,2.25,1250,1017,3.0,0,0,3,8,0,2008,0,98133,47.7099,-122.333,1250,1017
414000.0,3,2.5,1790,3754,2.0,0,0,3,8,0,2013,0,98065,47.534,-121.841,1800,3393
260750.0,3,2.0,1560,9635,1.0,0,0,3,7,300,1966,0,98003,47.341,-122.309,1570,8276
399950.0,3,1.0,1720,8910,1.0,0,0,4,7,0,1954,0,98155,47.7736,-122.296,1870,8640
219950.0,3,1.5,1620,9310,1.0,0,0,4,7,0,1967,0,98042,47.3665,-122.107,1610,10640
321000.0,4,2.25,1800,4500,2.0,0,0,4,8,0,2004,0,98031,47.394,-122.183,2010,5050
595000.0,4,2.25,2050,8372,2.0,0,0,4,8,0,1984,0,98052,47.7234,-122.107,2010,8037
278500.0,4,2.5,1940,6206,2.0,0,0,3,7,0,1990,0,98023,47.3063,-122.359,2060,7092
815000.0,4,1.5,2060,16110,1.0,0,0,4,8,0,1949,0,98004,47.5983,-122.202,2060,16110
505000.0,4,2.25,2350,12540,2.0,0,0,3,8,0,1968,0,98177,47.7732,-122.382,2090,7964
500000.0,4,3.0,3720,15048,3.0,0,0,3,7,0,1979,2014,98059,47.5116,-122.144,2020,15180
555000.0,2,2.25,1160,954,2.0,0,0,3,8,200,2014,0,98105,47.6647,-122.284,1160,1327
350000.0,3,2.5,2040,13590,2.0,0,0,3,8,0,2009,0,98042,47.3122,-122.04,1850,12485
610750.0,4,2.25,2180,7297,2.0,0,0,3,8,0,1984,0,98074,47.6459,-122.058,2250,9781
560000.0,4,1.0,1660,4690,1.5,0,0,3,7,400,1945,0,98117,47.6829,-122.378,1400,3876
563500.0,4,2.5,2800,12831,2.0,0,0,3,8,0,2001,0,98019,47.7392,-121.966,2810,10235
407000.0,2,1.0,740,6380,1.0,0,0,3,6,0,1912,0,98115,47.6929,-122.318,1800,6380
335606.0,3,2.5,2538,4600,2.0,0,0,3,8,0,2013,0,98092,47.2584,-122.196,2570,4800
415000.0,3,1.75,1790,15142,1.0,0,0,3,7,430,1976,0,98072,47.7362,-122.172,1910,7500
424240.0,3,2.0,2080,12094,2.0,0,0,4,8,0,1982,0,98052,47.7035,-122.164,2230,12204
750000.0,3,2.25,3270,168000,2.0,0,0,4,10,0,1982,0,98056,47.5197,-122.191,3220,7963
542126.0,4,2.5,2360,43088,2.0,0,0,3,8,0,1977,0,98077,47.7661,-122.071,2850,39216
750000.0,2,2.0,2180,21392,2.0,0,0,3,8,0,1934,1979,98034,47.7162,-122.246,2890,22000
404000.0,3,1.5,2030,8880,1.0,0,0,3,7,700,1963,0,98108,47.5586,-122.311,2140,5592
334950.0,3,2.5,1620,2930,2.0,0,0,3,8,0,2002,0,98058,47.4491,-122.12,1900,2943
320000.0,3,1.75,1790,66250,1.5,0,0,3,7,0,2003,0,98014,47.7179,-121.403,1440,59346
428000.0,3,1.75,1580,507038,1.0,0,2,4,7,0,1985,0,98022,47.2303,-121.936,2040,210394
298000.0,3,1.75,1620,12825,1.0,0,0,3,8,280,1962,0,98003,47.3321,-122.323,2076,11200
2500000.0,4,3.25,3960,16224,2.0,0,2,3,12,860,1938,0,98105,47.6701,-122.259,3960,15050
401500.0,4,2.5,3140,94525,2.0,0,0,4,8,860,1977,0,98042,47.4155,-122.163,1910,14300
310000.0,2,1.5,1010,10005,2.0,0,0,3,7,0,1981,0,98056,47.5118,-122.189,1210,7794
369000.0,4,2.5,2370,6557,2.0,0,0,3,9,0,1998,0,98042,47.423,-122.155,2370,7378
349000.0,2,1.0,1150,7552,1.0,0,0,3,7,0,1951,0,98125,47.7215,-122.323,1150,7346
378000.0,3,2.5,2130,8404,2.0,0,0,3,8,0,1991,0,98058,47.4623,-122.13,2130,8404
299000.0,2,1.75,1250,34395,1.0,0,0,4,7,0,1950,0,98003,47.2802,-122.316,1910,26042
160000.0,3,1.5,960,6497,1.0,0,0,4,7,0,1970,0,98023,47.3018,-122.378,1160,7080
339950.0,2,1.0,820,681,3.0,0,0,3,8,0,2006,0,98103,47.6619,-122.352,820,1156
339000.0,3,2.25,1970,7210,1.0,0,0,4,8,590,1978,0,98030,47.3821,-122.171,1970,7350
359000.0,4,1.75,1580,6396,1.0,0,0,4,6,790,1945,0,98126,47.5378,-122.369,1180,6396
301000.0,3,1.5,1030,8414,1.0,0,0,4,7,0,1967,0,98155,47.7654,-122.297,1750,8414
350000.0,4,2.75,2500,11659,1.0,0,2,3,9,1010,1979,0,98003,47.3381,-122.332,2830,9915
778000.0,3,2.25,2260,33080,1.0,0,0,5,9,570,1974,0,98005,47.6386,-122.183,3020,35291
1040000.0,5,3.25,4770,50094,1.0,0,0,4,11,1700,1973,0,98005,47.6525,-122.16,3530,38917
635000.0,5,2.25,2180,6000,1.0,0,0,4,8,750,1966,0,98007,47.6235,-122.143,2160,8800
1005000.0,5,2.0,2440,3080,2.0,0,0,4,8,0,1910,0,98112,47.6242,-122.306,1640,3077
344000.0,3,2.5,1232,1130,3.0,0,0,3,7,0,2007,0,98125,47.7185,-122.317,1232,1202
575000.0,3,1.0,1530,2400,1.0,0,0,4,7,640,1928,0,98103,47.6543,-122.354,1240,2400
410000.0,4,2.5,1900,15123,2.0,0,0,3,8,0,1995,0,98045,47.5015,-121.772,1900,16477
350000.0,3,1.0,1180,7455,1.0,0,0,4,7,0,1964,0,98034,47.7276,-122.241,1450,8154
1300000.0,6,3.5,6563,32670,2.0,0,0,3,10,1410,2002,0,98005,47.6078,-122.157,2610,22651
360000.0,4,1.75,2140,49658,1.0,0,0,5,7,0,1959,0,98010,47.3583,-121.922,1720,99316
365000.0,3,1.75,1820,5555,1.0,0,0,4,7,790,1939,0,98103,47.6867,-122.352,1420,4000
913000.0,4,2.5,3640,10576,2.0,0,0,3,11,0,1999,0,98075,47.5899,-121.979,3370,10351
410500.0,4,2.5,1980,5000,2.0,0,0,3,8,0,2008,0,98014,47.6492,-121.908,1400,8500
1242500.0,4,2.75,2680,8500,1.0,0,4,4,9,1200,1962,0,98006,47.5634,-122.156,2940,8650
440000.0,4,2.25,2080,15750,1.0,0,0,3,8,620,1976,0,98034,47.7225,-122.2,1960,10500
550000.0,3,1.0,960,12527,1.0,0,0,3,7,0,1972,0,98033,47.6891,-122.203,1220,7579
257100.0,3,1.5,1500,10227,1.0,0,0,4,7,500,1945,0,98022,47.2043,-121.996,1490,7670
275000.0,3,1.75,1300,8099,1.0,0,0,4,7,220,1976,0,98056,47.5026,-122.172,1270,8099
455000.0,5,2.0,1510,3000,2.0,0,0,3,6,0,1983,0,98122,47.6029,-122.304,1610,3600
368000.0,4,2.75,2610,9426,1.0,0,0,3,7,1250,1965,0,98188,47.4435,-122.279,1600,9426
476000.0,3,2.5,1440,3840,2.0,0,0,3,7,0,2001,0,98053,47.6873,-122.043,1600,3131
576000.0,4,2.5,2440,28405,2.0,0,0,3,8,0,2002,0,98028,47.7386,-122.238,2480,11429
667000.0,3,1.75,3320,478288,1.5,0,3,4,8,1060,1933,1982,98022,47.2407,-121.953,2960,217800
250000.0,3,2.5,1790,6191,2.0,0,0,3,8,0,1992,0,98031,47.4102,-122.195,1790,6758
350000.0,3,2.75,3070,5280,2.0,0,1,3,7,710,1950,1986,98166,47.4486,-122.353,2570,18983
556000.0,3,3.0,1960,1168,2.0,0,0,3,9,360,2007,0,98027,47.5445,-122.014,2080,1423
625000.0,3,2.5,2750,35000,2.0,0,0,3,9,0,1993,0,98077,47.75,-122.024,2780,35862
520000.0,2,1.75,1340,1368,2.0,0,0,3,7,280,2006,0,98122,47.618,-122.311,2480,1707
631000.0,5,2.0,2270,2400,2.0,0,0,3,7,0,1905,0,98122,47.6051,-122.319,1320,2400
989000.0,5,4.5,4030,13474,2.0,0,0,3,11,0,2000,0,98075,47.5812,-121.995,3860,12438
602000.0,4,1.75,2420,37800,1.0,0,0,4,8,540,1981,0,98053,47.6688,-122.024,2780,35532
552775.0,3,2.5,1900,18414,2.0,0,0,3,8,0,1971,2007,98074,47.6326,-122.015,2900,39921
1595000.0,4,2.5,2980,13341,1.5,1,4,5,8,1180,1928,0,98034,47.704,-122.245,2340,19810
413107.0,3,1.5,1420,7520,1.0,0,0,4,7,0,1956,0,98007,47.601,-122.134,2000,7520
219950.0,3,1.5,1200,8404,1.0,0,0,3,7,0,1964,0,98188,47.4482,-122.269,2120,12000
263500.0,3,1.75,1610,14000,1.0,0,0,4,7,560,1977,0,98010,47.3429,-122.036,1550,10080
282000.0,3,1.0,1250,13503,1.5,0,0,4,6,0,1931,0,98065,47.526,-121.829,1450,13503
600000.0,3,1.75,2340,57499,1.0,0,0,3,8,0,1988,0,98053,47.6989,-122.044,3260,137649
312500.0,4,1.75,2280,7840,1.0,0,0,3,7,1000,1957,0,98055,47.4809,-122.224,2120,7260
339950.0,0,2.5,2290,8319,2.0,0,0,3,8,0,1985,0,98042,47.3473,-122.151,2500,8751
370000.0,4,2.0,1950,3757,1.0,0,0,4,6,790,1908,0,98118,47.5372,-122.269,1720,3757
329000.0,4,2.0,1850,9126,1.0,0,0,5,7,0,1963,0,98059,47.5009,-122.164,1730,9110
220000.0,3,1.5,1280,7742,1.0,0,0,4,7,0,1962,0,98031,47.3947,-122.197,1450,8316
745000.0,2,2.5,2170,7546,1.0,0,0,3,8,0,2007,0,98053,47.7242,-122.032,2170,7083
373000.0,3,2.0,1400,2445,1.0,0,0,3,7,560,2002,0,98144,47.5926,-122.299,1400,3200
190000.0,2,1.0,930,11450,1.0,0,0,3,6,0,1946,0,98178,47.4862,-122.264,1150,11450
918000.0,5,3.5,3920,5150,2.0,0,0,3,9,1100,2004,0,98052,47.6638,-122.084,3170,5530
235000.0,3,2.0,1090,8400,1.0,0,0,4,6,0,1961,0,98168,47.4942,-122.322,1100,10850
535000.0,4,2.5,2750,15099,2.0,0,0,3,8,0,1994,0,98019,47.7298,-121.972,2500,14564
500000.0,4,2.5,2040,8400,1.0,0,0,3,8,620,1963,0,98006,47.5512,-122.17,2540,8925
185000.0,3,1.75,1080,9262,1.0,0,0,3,7,0,1968,0,98178,47.4883,-122.248,1090,9262
719000.0,3,2.5,1690,4500,1.5,0,1,4,8,0,1928,0,98116,47.5841,-122.383,2140,7200
282000.0,4,2.5,1785,2552,2.0,0,0,3,8,0,2009,0,98030,47.3582,-122.2,1691,2700
274000.0,5,1.75,1950,8720,1.0,0,0,3,7,900,1962,0,98001,47.3381,-122.289,1660,8030
590000.0,4,2.5,3220,7875,1.5,0,0,4,8,0,1966,0,98008,47.626,-122.12,1600,7875
280000.0,3,1.0,1160,10881,1.0,0,0,2,7,240,1983,0,98074,47.6339,-122.033,1280,10843
537000.0,4,2.0,1560,7104,1.5,0,0,3,7,420,1945,0,98105,47.6714,-122.28,1850,7105
374500.0,3,2.25,1400,11400,2.0,0,0,3,8,0,1984,0,98028,47.7428,-122.231,2180,9248
262000.0,3,2.5,1680,10300,2.0,0,0,4,7,0,1994,0,98010,47.314,-122.001,1680,9849
805000.0,4,2.5,2910,9000,2.0,0,0,3,9,0,1989,0,98006,47.5451,-122.142,2530,9000
459000.0,3,1.75,1730,7807,1.0,0,0,3,7,470,1976,0,98034,47.7211,-122.169,1800,7650
525000.0,2,2.5,1160,1458,2.0,0,0,3,8,120,2012,0,98119,47.6384,-122.373,1650,2311
1510000.0,5,3.25,4390,11250,2.0,0,0,3,10,0,2007,0,98040,47.5785,-122.225,2160,9249
1000000.0,3,2.5,3180,10492,2.0,0,2,3,10,0,1991,0,98052,47.655,-122.124,3000,9812
270000.0,3,1.5,1890,9450,1.0,0,0,3,7,800,1957,0,98146,47.4829,-122.341,1470,8100
578000.0,3,1.75,2120,10875,1.0,0,2,3,8,580,1977,0,98146,47.504,-122.382,2460,11760
570000.0,3,3.25,1570,1777,2.0,0,0,3,8,310,2007,0,98107,47.6655,-122.369,1000,1777
546000.0,2,1.0,1120,6180,1.0,0,0,4,7,0,1939,0,98115,47.6824,-122.301,1420,5356
330600.0,1,1.0,580,1799,1.0,0,0,3,7,0,1908,2005,98117,47.6829,-122.375,1260,4000
527700.0,2,2.25,1330,806,3.0,0,0,3,8,0,2009,0,98117,47.6904,-122.395,1320,1389
338150.0,4,2.25,2700,8580,2.0,0,0,3,8,0,1992,0,98022,47.2087,-122.009,2420,8580
352000.0,5,2.5,2420,8560,1.0,0,2,3,7,800,1978,0,98118,47.532,-122.285,2210,7040
347950.0,5,2.25,1700,13500,1.5,0,0,4,7,0,1962,0,98059,47.4611,-122.067,1810,14550
688500.0,3,1.75,1760,4125,1.5,0,3,4,7,0,1927,0,98103,47.6748,-122.352,1760,4000
1200000.0,4,3.25,3850,19842,2.0,0,3,3,11,670,1989,0,98074,47.6239,-122.065,4320,19500
300000.0,3,2.5,1830,12750,2.0,0,0,3,7,0,1991,0,98168,47.5003,-122.328,1610,10000
590000.0,3,2.25,2680,41250,2.0,0,0,3,7,0,1984,0,98045,47.4817,-121.749,1940,47044
550000.0,4,2.0,2070,9822,1.0,0,0,5,7,0,1955,0,98006,47.566,-122.14,1300,9572
523000.0,3,1.5,1240,7735,1.0,0,0,4,7,0,1957,0,98008,47.601,-122.122,1260,7500
1315000.0,4,3.0,2860,10292,1.0,0,0,4,8,0,1953,1999,98004,47.6286,-122.206,1840,10273
245000.0,3,1.75,1490,6930,1.0,0,0,4,7,0,1990,0,98030,47.3682,-122.179,1880,6861
394950.0,3,2.5,1090,7700,1.0,0,0,4,7,0,1957,0,98008,47.607,-122.12,1740,7700
598850.0,4,2.5,2350,7245,2.0,0,0,3,8,0,1993,0,98074,47.6318,-122.023,2350,9419
650000.0,3,2.0,2800,10501,1.0,0,0,3,7,1400,1954,0,98125,47.7055,-122.315,2260,6534
499900.0,4,2.25,2360,7650,1.0,0,0,3,8,720,1963,0,98155,47.75,-122.292,2320,11060
235000.0,4,1.5,1920,11595,1.0,0,0,4,7,0,1962,0,98002,47.2858,-122.212,1400,10550
790000.0,3,2.5,2390,15084,2.0,0,0,3,8,0,2000,0,98010,47.3389,-122.048,1850,17494
265000.0,4,1.75,1430,5490,1.0,0,0,5,6,0,1942,0,98056,47.494,-122.184,1030,5900
454000.0,2,1.0,880,6731,1.0,0,0,4,7,0,1950,0,98116,47.5694,-122.395,1240,6731
237000.0,3,2.0,1290,7952,1.0,0,0,3,7,0,1998,0,98030,47.3867,-122.19,1670,7280
210000.0,3,1.0,1230,12201,1.0,0,0,3,7,0,1969,0,98042,47.3285,-122.134,1230,10780
770000.0,3,2.75,2070,54557,2.0,0,0,3,8,0,1996,0,98058,47.4659,-122.116,2190,49658
580000.0,3,1.75,2040,81021,1.0,0,0,3,8,0,1980,0,98053,47.6536,-122.045,2260,39280
229000.0,3,1.0,1030,7800,1.0,0,0,3,7,0,1954,0,98168,47.473,-122.324,1630,12664
319000.0,2,1.5,1090,847,3.0,0,0,3,8,0,2009,0,98133,47.7235,-122.352,1090,1118
303500.0,3,1.5,1060,10464,1.0,0,0,4,7,0,1973,0,98034,47.7313,-122.229,1420,10464
455000.0,5,2.25,3470,28212,1.5,0,0,4,8,680,1978,0,98042,47.3342,-122.108,2020,28177
188000.0,3,1.5,1140,8500,1.0,0,0,4,7,0,1964,0,98022,47.2093,-122.005,1600,8500
646000.0,5,2.75,2870,4461,1.0,0,0,3,7,1220,1976,0,98107,47.675,-122.39,1890,4196
598000.0,4,2.5,2030,9825,1.0,0,0,3,8,700,1985,0,98115,47.6892,-122.3,2180,7500
980000.0,4,1.75,2260,17711,1.0,0,1,4,9,0,1968,0,98040,47.5498,-122.214,2880,16594
347000.0,4,1.5,2670,10026,2.0,0,0,3,8,0,1996,0,98092,47.2659,-122.215,2420,11900
768000.0,3,2.5,3220,54160,2.0,0,2,4,9,530,1981,0,98006,47.5468,-122.109,3460,44374
1250000.0,5,2.75,2960,28300,1.0,0,3,4,9,800,1959,0,98177,47.7606,-122.37,2940,23250
270000.0,2,1.5,1380,209959,1.0,0,0,1,6,0,1954,0,98011,47.7461,-122.195,3130,19868
338000.0,4,1.75,1530,8152,1.0,0,0,5,6,620,1948,0,98155,47.7557,-122.328,1310,8152
400000.0,3,1.0,1460,43000,1.0,0,0,3,7,0,1952,0,98166,47.4434,-122.347,2250,20023
530000.0,3,1.75,1660,4800,1.0,0,0,3,7,700,1941,1996,98116,47.5734,-122.412,1510,4800
425000.0,3,1.5,1120,6653,1.0,0,0,4,7,0,1937,0,98133,47.7321,-122.334,1580,7355
355000.0,2,1.0,1270,3200,1.0,0,0,4,7,310,1920,0,98103,47.6565,-122.348,1410,1320
427500.0,3,1.75,1430,16200,1.0,0,0,4,7,0,1967,0,98027,47.5223,-122.043,1690,13125
217000.0,2,1.0,720,4760,1.0,0,0,5,5,0,1942,0,98056,47.496,-122.186,840,4760
445000.0,2,2.0,1150,6634,1.0,0,0,3,7,290,1940,0,98115,47.7001,-122.309,1680,6892
329900.0,4,2.75,2475,4000,2.0,0,0,3,7,0,2014,0,98002,47.3452,-122.209,2475,4000
1710000.0,5,4.5,4590,14685,2.0,0,0,3,10,0,2009,0,98033,47.664,-122.2,3030,9486
2479000.0,5,3.75,6810,7500,2.5,0,0,3,13,700,1922,0,98102,47.6285,-122.322,2660,7500
285650.0,3,1.0,1040,8199,1.0,0,0,3,7,0,1953,0,98155,47.7348,-122.302,1420,8200
350000.0,4,1.0,1010,6000,1.0,0,0,3,6,260,1925,0,98136,47.5518,-122.383,1450,6000
699000.0,3,2.5,2580,8154,1.0,0,0,3,10,490,1956,1997,98177,47.7259,-122.361,1660,8155
305000.0,4,2.5,2250,9091,1.0,0,0,3,7,910,1982,0,98001,47.336,-122.269,1540,7802
699000.0,4,2.5,3230,40319,2.0,0,0,4,10,0,1987,0,98027,47.4856,-122.069,2990,40234
739900.0,5,2.5,2980,5377,2.0,0,0,3,9,0,2006,0,98052,47.7074,-122.101,3150,6593
484000.0,6,2.5,3300,13501,1.0,0,0,3,8,1240,1980,0,98059,47.5116,-122.163,2060,8745
705000.0,4,2.75,2780,6207,2.0,0,0,3,8,0,2001,0,98053,47.6867,-122.038,2660,5592
680000.0,2,1.0,2140,6000,1.0,0,0,4,7,1070,1946,0,98199,47.651,-122.399,1560,6000
1050000.0,3,4.0,4380,42769,2.0,0,0,5,11,0,1983,0,98052,47.7167,-122.109,3630,35425
461000.0,3,1.75,3600,8666,2.0,0,0,4,6,1200,1948,0,98033,47.6893,-122.167,2290,8200
545000.0,4,2.0,1700,2350,1.0,0,0,3,6,850,1926,2014,98117,47.6865,-122.366,1600,4160
279200.0,1,1.0,640,6350,1.0,0,0,3,5,0,1939,0,98117,47.6976,-122.359,1270,6350
464950.0,4,2.5,2230,64438,1.0,0,0,4,7,1000,1978,0,98027,47.4754,-122.007,2230,71002
497000.0,3,2.25,1630,3817,2.0,0,0,3,7,0,2005,0,98029,47.5485,-121.999,1630,3348
360500.0,3,2.5,3300,11525,1.0,0,0,5,8,1650,1961,0,98198,47.4113,-122.315,1950,9680
650500.0,5,4.25,3920,11412,2.0,0,0,3,7,0,1955,2005,98006,47.5766,-122.151,1400,9750
670000.0,3,2.5,1800,4763,2.0,0,0,3,7,560,1985,0,98119,47.646,-122.362,1790,4763
1265000.0,4,2.25,2870,6000,1.0,0,0,5,8,1140,1951,0,98112,47.6362,-122.282,2370,5500
318000.0,3,2.25,1690,12662,1.0,0,0,5,7,600,1982,0,98178,47.4972,-122.264,1950,9642
519000.0,4,2.5,1950,2617,1.5,0,0,4,7,700,1910,0,98107,47.6696,-122.372,1520,1438
530000.0,3,2.5,1410,1250,2.0,0,0,3,8,270,2010,0,98119,47.6515,-122.375,1720,2825
260000.0,4,2.25,2160,8811,1.0,0,0,3,8,800,1978,0,98023,47.3129,-122.39,2090,8400
674000.0,5,1.75,2110,5000,1.5,0,0,4,7,860,1946,0,98115,47.6745,-122.287,1720,5000
222000.0,3,1.0,1220,7695,1.0,0,0,3,7,0,1954,0,98106,47.5191,-122.339,1210,7412
579950.0,4,2.75,2460,8643,2.0,0,0,3,9,0,2011,0,98059,47.4828,-122.133,3110,8626
379500.0,2,1.0,960,5096,1.0,0,0,5,7,0,1949,0,98126,47.5314,-122.378,1760,4488
242000.0,3,1.75,1300,9856,1.0,0,0,4,7,0,1962,0,98003,47.3448,-122.298,1400,9600
808000.0,4,2.25,2500,8866,2.0,0,0,4,9,0,1987,0,98007,47.6604,-122.146,2630,8847
790000.0,4,2.5,3500,9198,2.0,0,0,3,9,0,2004,0,98053,47.6785,-122.025,3990,8598
1325000.0,3,3.75,6400,76665,1.0,0,2,4,10,2590,1966,0,98177,47.7313,-122.37,3430,60548
259500.0,3,2.0,1330,35060,1.0,0,0,3,7,0,1989,0,98092,47.3128,-122.13,1660,35100
325000.0,2,2.0,1040,5796,1.0,0,2,4,6,0,1921,0,98155,47.7362,-122.29,2300,5796
770000.0,3,2.0,2350,5700,1.5,0,0,4,8,540,1939,0,98112,47.639,-122.31,2170,6000
348000.0,3,1.5,1040,1824,1.0,0,0,3,6,0,1925,0,98115,47.6793,-122.3,1010,5100
545000.0,4,2.75,2180,8480,1.0,0,3,4,7,970,1959,0,98146,47.4961,-122.366,2240,8497
521000.0,3,2.0,1840,6000,1.0,0,0,4,6,0,1908,1944,98136,47.5508,-122.392,2010,6000
425000.0,4,1.75,2520,11017,1.0,0,0,4,7,1200,1956,0,98133,47.7604,-122.356,1660,8775
479000.0,3,1.75,1470,6018,1.0,0,0,3,8,0,1987,0,98074,47.6171,-122.044,1720,6584
905000.0,4,2.5,3300,10250,1.0,0,0,3,7,910,1946,1991,98040,47.5873,-122.249,1950,6045
235000.0,1,1.5,1170,1456,2.0,0,0,3,8,100,2007,0,98126,47.5493,-122.372,1360,1730
835000.0,3,3.0,2790,12523,2.0,1,4,4,8,1190,1977,0,98198,47.3571,-122.324,2990,11476
350000.0,3,1.75,1000,8268,1.0,0,0,3,6,0,1969,0,98072,47.7417,-122.172,1220,7800
934550.0,4,3.25,2320,5900,1.5,0,2,4,9,0,1910,0,98144,47.597,-122.292,2320,6240
267500.0,3,2.25,2080,2856,1.5,0,0,3,7,530,2003,0,98042,47.4198,-122.158,2080,2275
1870000.0,5,4.0,4510,15175,2.0,0,0,3,10,0,1969,2002,98040,47.5309,-122.228,3510,13500
430000.0,2,1.0,760,7114,1.0,0,0,3,6,0,1946,0,98103,47.7005,-122.352,780,7102
429000.0,3,3.25,2210,3600,2.0,0,0,3,8,390,1995,0,98125,47.7031,-122.279,2010,6690
365000.0,2,1.0,960,223898,1.0,0,0,3,6,0,1985,0,98014,47.6668,-121.892,1830,230868
339275.0,3,1.5,1590,7260,1.0,0,0,3,7,510,1964,0,98133,47.7753,-122.353,1590,7594
2900000.0,5,4.0,5190,14600,2.0,0,1,3,11,0,2013,0,98039,47.6102,-122.225,3840,19250
678000.0,3,2.75,2770,10000,1.0,0,1,5,8,1130,1962,0,98033,47.7011,-122.206,2450,10000
555000.0,3,2.5,2690,4819,2.0,0,0,3,7,0,2004,0,98065,47.5302,-121.849,2360,4829
339950.0,3,2.0,1340,10200,1.5,0,0,3,7,0,1953,0,98133,47.7756,-122.351,1420,10200
245000.0,3,2.5,1770,6187,2.0,0,0,3,7,0,1992,0,98031,47.4034,-122.189,1650,7200
508800.0,3,2.0,1720,10098,1.0,0,0,4,8,580,1981,0,98074,47.6231,-122.043,1840,10098
812000.0,4,3.5,3370,3634,2.0,0,0,3,9,620,2007,0,98029,47.5519,-122.001,3200,3650
812000.0,3,2.0,1970,3420,2.0,0,3,5,8,0,1913,0,98103,47.6762,-122.354,1770,3420
419600.0,3,1.75,1680,8460,1.0,0,0,3,7,500,1976,0,98133,47.7554,-122.353,1890,9529
350000.0,4,1.75,2740,10086,1.0,0,0,3,7,1300,1972,0,98168,47.5112,-122.329,1710,9840
353000.0,3,2.25,1900,3800,2.0,0,0,3,7,0,2006,0,98059,47.4866,-122.16,1950,3800
272500.0,3,2.0,1540,6250,1.0,0,0,3,7,0,1998,0,98038,47.3539,-122.025,2070,6250
611206.0,1,1.0,1940,6300,1.0,0,3,3,8,0,1963,0,98116,47.5782,-122.4,2560,6300
242500.0,3,1.75,1550,1905,2.0,0,0,3,7,0,2005,0,98055,47.4331,-122.195,1550,1866
570000.0,3,1.75,1370,3300,2.0,0,0,5,7,0,1927,0,98105,47.6714,-122.32,1560,3927
550000.0,3,1.75,1840,8086,1.0,0,0,4,8,0,1964,0,98052,47.67,-122.155,1840,8060
329950.0,3,1.0,1750,7800,1.0,0,0,4,7,600,1956,0,98166,47.4596,-122.343,1750,7560
325000.0,3,2.25,1570,43350,1.0,0,3,4,7,0,1967,0,98022,47.2377,-122.016,1570,220849
442000.0,2,1.0,990,4313,1.5,0,2,4,6,0,1917,0,98126,47.5677,-122.38,1480,5750
370000.0,4,2.0,2020,8100,1.5,0,0,4,7,860,1946,0,98125,47.7307,-122.297,1840,8680
330000.0,4,3.0,1920,12040,1.0,0,0,3,7,0,1962,0,98168,47.4805,-122.301,1530,10230
430000.0,3,2.0,1860,7500,1.0,0,0,3,7,930,1909,1950,98106,47.5662,-122.364,1000,5000
350000.0,3,1.75,1820,9545,1.0,0,0,3,7,590,1976,0,98155,47.7772,-122.296,1790,9530
460000.0,2,2.5,1830,8107,1.0,0,0,5,7,900,1946,0,98125,47.701,-122.305,1260,6960
365000.0,3,2.5,1800,2700,2.0,0,0,3,8,0,2011,0,98126,47.5458,-122.369,1580,2036
379900.0,2,1.5,1240,1331,2.0,0,0,3,7,190,2007,0,98144,47.5959,-122.298,1250,1431
453500.0,5,2.5,2300,23345,1.0,0,0,5,7,1130,1967,0,98059,47.4739,-122.114,2280,23345
180000.0,2,1.0,770,9370,1.0,0,0,3,7,0,1947,0,98155,47.762,-122.321,1060,9352
612125.0,2,1.5,1670,6000,1.0,0,0,3,7,580,1950,0,98119,47.6517,-122.374,1670,6000
950000.0,3,2.75,2750,18029,1.0,0,2,5,9,940,1978,0,98006,47.5617,-122.134,2850,10021
630000.0,4,2.5,2740,43101,2.0,0,0,3,9,0,1993,0,98077,47.7649,-122.049,2740,33447
475000.0,4,2.5,1850,5444,2.0,0,0,5,7,0,1981,0,98034,47.7227,-122.16,1540,5000
450000.0,7,3.5,2830,8625,1.0,0,0,4,8,1000,1957,0,98133,47.7493,-122.355,1570,8400
753000.0,4,2.5,3060,8167,2.0,0,0,3,9,0,2005,0,98029,47.5521,-121.989,2930,4800
268000.0,5,2.5,2400,4564,2.0,0,0,3,7,0,2004,0,98042,47.369,-122.126,1880,4109
391500.0,3,2.5,2424,6143,2.0,0,0,3,9,0,2014,0,98030,47.3512,-122.135,2381,6036
630000.0,4,2.5,2807,9430,2.0,0,0,3,8,0,1996,0,98028,47.7449,-122.223,2028,11056
285000.0,3,1.75,1720,13104,1.0,0,0,4,7,0,1962,0,98168,47.4709,-122.26,1840,13104
690000.0,3,2.0,1610,5100,1.5,0,0,5,8,0,1940,0,98115,47.6825,-122.307,1740,5100
330000.0,4,1.5,1250,8400,1.0,0,0,3,7,290,1951,0,98155,47.7505,-122.315,1560,8400
795000.0,3,2.75,1820,7517,1.0,0,0,3,9,0,1997,0,98116,47.5705,-122.406,2540,8035
790000.0,2,1.5,1940,4400,1.0,0,0,3,7,970,1923,0,98112,47.6371,-122.279,1480,3080
402000.0,3,1.5,1450,7375,1.0,0,0,3,7,440,1968,0,98034,47.7212,-122.179,1350,7440
589950.0,4,2.5,3190,8195,2.0,0,0,3,10,0,2006,0,98038,47.3555,-122.003,3400,7607
450000.0,3,1.0,1290,47044,1.0,0,0,3,7,140,1968,0,98029,47.5655,-121.998,1960,49658
407500.0,3,3.5,1522,1465,2.0,0,0,3,8,274,2006,0,98117,47.6922,-122.375,1522,1341
268000.0,3,2.5,1550,8134,2.0,0,0,3,7,0,1991,0,98031,47.404,-122.191,1550,8134
575000.0,4,2.5,2280,9491,1.0,0,0,4,7,990,1966,0,98008,47.6297,-122.117,1560,8050
224400.0,3,1.75,1070,7200,1.0,0,0,3,7,0,1994,0,98010,47.3129,-122.023,1280,7200
515000.0,3,2.5,1510,1178,2.0,0,0,3,8,450,2007,0,98122,47.6181,-122.301,1510,1210
540000.0,4,1.0,1360,5766,1.5,0,0,5,7,0,1951,0,98115,47.6827,-122.289,1500,5704
1410000.0,4,2.25,3250,16684,2.0,0,0,3,9,0,1979,0,98039,47.6334,-122.229,2890,16927
425000.0,3,2.25,1800,7371,1.0,0,0,3,7,520,1979,0,98072,47.7584,-122.145,1960,7675
743000.0,4,2.75,3410,5838,2.0,0,0,3,9,0,2012,0,98053,47.6931,-122.022,3420,7048
267000.0,3,1.0,1740,10875,1.0,0,0,4,7,720,1962,0,98188,47.4682,-122.283,1470,8532
412500.0,3,2.0,1680,5246,1.0,0,0,3,7,0,2007,0,98065,47.5206,-121.868,2430,6883
610685.0,4,2.5,2520,6023,2.0,0,0,3,9,0,2014,0,98056,47.5137,-122.167,2520,6023
428000.0,3,2.5,1650,2201,3.0,0,0,3,8,0,2007,0,98133,47.7108,-122.333,1650,1965
447000.0,3,2.5,1650,3076,2.0,0,0,3,7,0,2003,0,98053,47.682,-122.035,1560,3064
580000.0,5,2.0,2060,6000,2.0,0,0,3,7,0,1903,0,98105,47.6685,-122.305,1770,5000
225000.0,3,1.0,1010,7633,1.0,0,0,4,6,0,1961,0,98198,47.3781,-122.314,1190,8386
456000.0,4,1.5,2220,12385,1.0,0,0,3,8,950,1978,0,98033,47.6734,-122.185,2030,8831
330000.0,4,2.25,2440,8098,2.0,0,0,3,8,0,1983,0,98023,47.3126,-122.346,2110,7911
700000.0,2,1.0,930,5000,1.0,0,3,3,7,0,1926,2013,98136,47.5333,-122.388,1760,5228
271000.0,4,1.75,1490,9112,1.0,0,0,3,6,520,1940,0,98146,47.4991,-122.345,1650,8411
770000.0,5,3.0,2370,6000,1.5,0,2,3,8,1030,1926,2003,98107,47.6645,-122.358,1350,4500
365000.0,3,2.25,2430,7614,1.5,0,0,3,8,530,1979,0,98056,47.5065,-122.191,1720,11250
203000.0,3,1.0,840,6500,1.0,0,0,5,6,0,1969,0,98042,47.3637,-122.083,920,4680
616950.0,5,3.5,3560,5008,2.0,0,0,3,8,750,2013,0,98106,47.5542,-122.359,2910,5026
299000.0,1,1.0,740,5000,1.0,0,0,3,7,0,1923,0,98118,47.5519,-122.292,1400,4400
760000.0,4,2.5,3600,155509,2.0,0,0,3,9,0,2004,0,98010,47.3538,-121.986,3410,34412
260000.0,6,2.0,2220,8797,1.0,0,0,3,7,0,1977,0,98002,47.2977,-122.227,1170,5123
420000.0,3,1.75,1770,6000,1.0,0,0,3,7,640,1952,0,98125,47.7135,-122.315,1900,7200
654000.0,3,3.25,1530,1565,2.0,0,0,3,8,250,2005,0,98122,47.6179,-122.312,1530,1381
335000.0,5,2.5,2400,4548,2.0,0,0,3,7,0,2003,0,98042,47.371,-122.127,2200,4465
209950.0,3,1.5,1380,11130,1.0,0,0,3,7,0,1960,0,98003,47.3146,-122.323,1380,9200
739000.0,3,2.75,2950,6667,2.0,0,0,3,9,0,2003,0,98029,47.5577,-122.026,3340,6667
282000.0,3,1.0,1670,5200,1.0,0,0,5,7,640,1977,0,98042,47.3659,-122.092,1620,6696
267800.0,2,1.0,700,6000,1.0,0,0,4,6,0,1949,0,98155,47.7515,-122.316,920,6000
750000.0,3,2.5,3280,6750,2.0,0,1,3,9,840,2001,0,98126,47.5219,-122.38,1770,6387
640000.0,4,2.5,2320,11259,2.0,0,0,3,9,0,1982,0,98004,47.6443,-122.194,2820,11770
605000.0,5,1.75,3240,34510,2.0,0,0,4,7,550,1963,0,98029,47.5529,-122.027,2650,28250
340000.0,3,1.0,1600,7324,1.0,0,0,4,7,0,1958,0,98056,47.5054,-122.19,1430,7249
535000.0,4,2.5,2610,4595,2.0,0,0,3,8,0,2008,0,98028,47.7728,-122.235,2440,4588
440000.0,2,1.0,1190,3400,1.0,0,0,4,7,200,1917,0,98118,47.5539,-122.268,1180,4000
282000.0,3,2.5,1680,15711,1.0,0,0,3,7,440,1994,0,98031,47.423,-122.171,1420,8588
230000.0,3,2.0,1440,5600,1.0,0,0,4,6,720,1942,2007,98056,47.4947,-122.185,1120,5700
299999.0,4,2.5,1981,4828,2.0,0,0,3,8,0,2013,0,98092,47.3252,-122.167,1981,3783
376000.0,4,2.25,2200,6750,1.0,0,0,5,8,720,1959,0,98056,47.5215,-122.202,2710,6750
455000.0,3,1.75,890,3800,1.5,0,0,3,7,140,1926,0,98115,47.6803,-122.291,1280,3800
359950.0,3,2.25,1940,11612,1.0,0,0,4,8,840,1981,0,98178,47.5018,-122.23,2180,8954
554000.0,4,1.0,1120,7104,1.5,0,0,3,7,0,1946,0,98177,47.7055,-122.372,1370,7104
915000.0,5,2.5,3490,18850,1.0,0,4,4,9,1650,1958,0,98005,47.5955,-122.176,2690,11625
452250.0,4,2.25,2550,10000,1.0,0,0,4,7,990,1979,0,98028,47.77,-122.259,2440,10000
500000.0,4,2.0,1980,4500,2.0,0,0,4,7,0,1910,0,98107,47.6728,-122.379,1550,2541
699850.0,4,3.5,2690,6164,2.0,0,0,3,9,0,2002,0,98075,47.599,-121.973,2910,5000
305000.0,3,2.25,1646,12414,2.0,0,0,3,7,0,1996,0,98038,47.363,-122.035,1654,8734
364250.0,3,2.5,2280,213879,2.0,0,0,3,8,0,1994,0,98038,47.4213,-122.033,2380,178160
685000.0,4,3.5,2840,4637,3.0,0,0,3,8,0,2008,0,98125,47.7033,-122.321,1730,5279
461000.0,3,1.75,1420,5170,1.0,0,0,4,7,0,1963,0,98007,47.6151,-122.145,2250,7700
252750.0,4,1.0,1230,7410,1.5,0,0,3,7,0,1944,0,98166,47.4798,-122.344,1020,7648
509950.0,3,2.5,2210,70567,2.0,0,3,3,9,0,1995,0,98014,47.6087,-121.895,2000,73616
2535000.0,5,3.25,3730,10626,1.0,0,4,4,10,0,1963,0,98004,47.624,-122.221,4180,19110
425000.0,4,2.5,1940,4517,1.0,0,0,3,8,750,2010,0,98028,47.776,-122.26,1910,10410
305000.0,4,2.25,2340,5250,2.0,0,0,5,7,0,1965,0,98118,47.5183,-122.266,1540,5250
350000.0,2,2.75,2820,11770,2.0,0,0,3,7,1190,1947,0,98168,47.5102,-122.324,1690,12500
350000.0,2,1.0,1070,2880,1.0,0,0,3,7,0,1902,0,98102,47.6261,-122.324,2030,2880
1598000.0,5,3.75,4270,7500,2.0,0,0,3,10,1060,2014,0,98033,47.6845,-122.207,2410,8350
1185000.0,4,2.75,3020,8622,2.0,0,0,3,9,0,1976,2003,98004,47.5866,-122.201,3060,14303
142500.0,1,1.0,690,6825,1.0,0,0,4,5,0,1917,0,98002,47.3109,-122.225,1330,5381
642000.0,3,1.0,1040,4480,1.0,0,0,3,7,170,1924,0,98109,47.6461,-122.356,1730,4200
253750.0,4,1.0,1380,7110,1.5,0,0,3,6,0,1939,0,98030,47.3846,-122.226,1430,7110
425000.0,3,1.0,1790,6000,1.5,0,0,2,8,0,1937,0,98108,47.5448,-122.32,1060,4000
501000.0,3,1.75,1970,7972,1.0,0,3,5,8,600,1976,0,98055,47.4908,-122.225,2460,9796
700000.0,3,2.75,2500,7378,1.0,0,0,5,7,1110,1948,0,98177,47.7032,-122.37,2040,7140
355000.0,3,3.0,1850,9600,1.0,0,0,3,7,620,1981,0,98028,47.7717,-122.25,1970,10000
335000.0,3,1.0,1030,7200,1.0,0,0,3,6,150,1948,0,98126,47.5255,-122.376,1030,7200
1150000.0,4,3.75,4160,35000,2.0,0,0,3,11,0,1991,0,98053,47.669,-122.067,5330,36446
866800.0,4,3.5,2970,5000,2.0,0,2,3,9,770,2001,0,98117,47.6772,-122.399,1470,4560
194820.0,3,1.5,1100,32700,1.0,0,0,3,7,0,1967,0,98001,47.3186,-122.289,1616,32700
577000.0,3,1.75,1740,5500,1.0,0,0,5,7,770,1953,0,98116,47.577,-122.395,1740,7250
299950.0,3,1.0,1410,81021,1.0,0,0,3,7,0,1949,1981,98058,47.4303,-122.067,2000,81021
292000.0,4,2.75,2414,7693,2.0,0,0,3,8,0,2006,0,98002,47.3046,-122.222,1500,7177
215000.0,3,1.0,860,6635,1.0,0,0,3,6,0,1952,0,98133,47.7508,-122.339,1170,8000
387500.0,3,1.0,1560,14333,1.0,0,0,4,7,0,1953,0,98166,47.432,-122.348,1640,14333
375000.0,3,1.0,1310,8400,1.0,0,0,3,7,0,1972,1989,98034,47.7253,-122.197,1680,8000
270500.0,5,2.5,2406,7093,2.0,0,0,3,8,0,2006,0,98001,47.2615,-122.252,1767,7093
390000.0,3,1.75,1320,7725,1.0,0,0,3,8,0,1978,0,98058,47.4425,-122.133,2020,7210
740000.0,3,3.5,2420,4000,2.0,0,0,5,9,600,1907,0,98122,47.6054,-122.295,2030,4550
248000.0,4,2.0,2080,13510,1.0,0,0,3,7,1040,1950,0,98178,47.4918,-122.258,2010,11625
1240000.0,7,5.5,6630,13782,2.0,0,0,3,10,1700,2004,0,98006,47.5399,-122.118,4470,8639
364000.0,3,2.25,1420,6600,1.0,0,0,3,7,260,1987,0,98028,47.77,-122.265,1920,7902
470000.0,4,2.0,1500,3659,1.0,0,0,3,7,670,1906,0,98122,47.6088,-122.293,1560,3706
312000.0,5,4.0,2900,9779,2.0,0,0,4,7,950,1937,0,98168,47.5003,-122.306,1360,8000
289000.0,3,2.5,2090,4700,2.0,0,0,3,8,0,2002,0,98042,47.3724,-122.104,2740,5040
550000.0,4,2.0,1540,5000,1.5,0,0,4,7,0,1913,0,98105,47.6713,-122.3,1790,4000
568000.0,3,2.0,2350,5080,1.5,0,0,3,8,570,1929,0,98118,47.5516,-122.263,1700,5080
815000.0,3,2.0,2310,6000,2.0,0,1,4,9,750,1926,0,98199,47.648,-122.395,2000,6000
465000.0,4,1.75,1470,5350,1.0,0,0,3,7,490,1955,0,98125,47.7048,-122.315,1970,6138
1325000.0,4,3.0,3370,7920,1.0,0,3,3,10,1510,1988,0,98117,47.6773,-122.403,2730,7380
1500000.0,4,4.25,5020,26319,2.0,0,0,3,12,0,1998,0,98074,47.6008,-122.01,4930,26319
220000.0,3,1.0,1060,9126,1.0,0,2,5,7,0,1956,0,98022,47.201,-121.999,1300,9126
600000.0,3,2.5,2320,7609,2.0,0,0,3,8,0,2003,0,98027,47.5391,-122.069,2590,4000
525000.0,3,1.75,1710,7350,1.0,0,0,3,8,430,1981,0,98033,47.699,-122.167,2100,7560
635000.0,4,3.0,2100,3800,2.0,0,0,3,8,0,1972,0,98115,47.6807,-122.291,1320,3800
235000.0,2,1.0,720,4840,1.0,0,0,4,6,0,1947,0,98126,47.5534,-122.375,1510,4840
1450000.0,3,3.5,4110,15720,1.0,0,1,3,10,1880,2000,0,98034,47.6996,-122.229,2500,15400
720000.0,3,2.5,2820,14250,2.0,0,0,3,11,0,1991,0,98074,47.6396,-122.054,2820,12600
1940000.0,4,5.75,7220,223462,2.0,0,4,3,12,1000,2000,0,98053,47.7097,-122.013,2680,7593
707500.0,3,1.0,1500,2555,2.0,0,2,3,7,0,1910,0,98109,47.627,-122.353,1820,2555
276000.0,3,1.0,1140,5000,1.0,0,0,3,7,0,1960,0,98106,47.5535,-122.362,1140,5000
300000.0,4,2.25,1660,3200,2.0,0,0,3,7,0,2011,0,98038,47.3666,-122.019,1960,3558
286700.0,3,1.0,1220,6600,1.0,0,0,3,6,0,1958,0,98065,47.5297,-121.827,1100,6600
514000.0,3,1.5,1610,9964,1.0,0,0,3,7,530,1977,0,98052,47.6681,-122.143,1610,9964
445000.0,3,2.25,1860,7200,1.0,0,0,4,7,620,1977,0,98034,47.7332,-122.192,1560,7630
293550.0,4,1.75,2120,9706,1.0,0,0,3,7,750,1965,0,98168,47.4939,-122.297,1730,11337
317000.0,3,1.0,1160,8813,1.0,0,0,3,7,0,1952,0,98125,47.7257,-122.329,1200,7615
275000.0,3,1.0,1370,17859,1.0,0,0,4,7,220,1930,0,98024,47.5617,-121.859,1460,47044
998000.0,3,3.75,3710,34412,2.0,0,0,3,10,800,1978,0,98075,47.5888,-122.04,2390,34412
237500.0,2,1.0,810,8494,1.0,0,0,3,6,0,1949,0,98155,47.7389,-122.324,1050,7975
265000.0,5,1.75,1580,5292,1.0,0,0,3,6,600,1913,0,98118,47.5677,-122.29,1600,2976
352000.0,5,2.5,2900,6650,1.0,0,0,3,7,1450,1964,0,98168,47.4935,-122.332,1600,8246
450000.0,3,1.0,1360,3737,1.5,0,0,4,6,0,1910,0,98107,47.6751,-122.362,1820,4500
250600.0,4,2.5,1930,8660,1.0,0,0,3,7,810,1981,0,98001,47.3261,-122.26,1830,9591
634950.0,3,3.0,2180,2650,1.5,0,0,5,8,770,1930,0,98117,47.6891,-122.375,1570,4820
530000.0,3,2.25,2190,220414,1.0,0,0,4,7,860,1976,0,98059,47.5041,-122.102,2550,175982
400000.0,2,2.0,1050,1173,2.0,0,0,3,8,330,2004,0,98122,47.6181,-122.302,1340,1317
340000.0,3,2.5,2170,9798,2.0,0,0,3,7,0,1995,0,98038,47.3817,-122.023,2020,8121
418500.0,2,1.0,790,5800,1.0,0,0,3,6,0,1943,0,98117,47.6973,-122.36,1460,5800
684000.0,4,2.5,2500,8434,2.0,0,0,4,8,0,1988,0,98052,47.6915,-122.101,1900,8131
589000.0,4,2.5,2630,15000,2.0,0,0,5,8,0,1962,0,98027,47.5262,-122.028,1770,8700
660000.0,3,1.75,2030,9032,2.0,0,2,4,7,0,1963,0,98008,47.586,-122.117,2350,8937
420850.0,1,1.0,960,40946,1.0,0,0,5,5,0,1945,0,98014,47.6951,-121.864,1320,20350
601000.0,4,1.75,1950,4200,1.0,0,0,5,7,910,1951,0,98115,47.6755,-122.285,1450,5000
887500.0,3,3.0,4230,54977,2.0,0,3,3,9,450,1951,2000,98166,47.4176,-122.343,2880,27201
895900.0,4,3.5,3640,4983,2.0,0,3,3,9,850,2014,0,98075,47.5619,-122.027,3270,14700
379500.0,3,2.25,2070,14196,2.0,0,0,3,7,0,1989,0,98059,47.4617,-122.07,1550,13860
1500000.0,4,3.25,3860,7199,2.0,0,1,3,9,990,2005,0,98115,47.6855,-122.269,2940,9600
590000.0,4,3.5,3450,6873,2.0,0,0,3,10,700,2004,0,98058,47.459,-122.118,3450,6873
752888.0,3,2.5,2420,9000,2.0,0,0,4,9,0,1987,0,98007,47.6599,-122.146,2630,9000
306000.0,3,1.0,1450,7200,1.0,0,0,3,7,440,1969,0,98034,47.7311,-122.199,1500,6767
455000.0,3,2.25,1470,4653,2.0,0,0,4,7,0,1985,0,98029,47.5667,-122.018,1560,4119
305000.0,2,1.0,860,7250,1.0,0,0,3,6,0,1949,0,98133,47.7206,-122.35,1270,7250
350000.0,3,1.75,1320,10500,1.0,0,0,3,7,0,1966,0,98034,47.7267,-122.226,1310,10500
1880000.0,4,2.75,3260,19542,1.0,0,0,4,10,1090,1968,0,98039,47.6245,-122.236,3480,19863
865000.0,4,4.0,2790,16117,2.0,0,0,4,9,0,1999,0,98005,47.6033,-122.155,2740,25369
260000.0,3,1.0,1300,10139,1.0,0,0,3,7,0,1962,2007,98042,47.3427,-122.087,1260,10139
292500.0,2,1.0,750,5026,1.0,0,0,4,6,0,1942,0,98126,47.5368,-122.374,1260,5040
1675000.0,5,3.25,4560,19080,1.0,0,0,5,9,2070,1963,0,98004,47.6291,-122.226,3390,20140
585000.0,3,2.5,2160,1250,3.0,0,0,3,8,330,2010,0,98119,47.6515,-122.375,1870,2825
385000.0,3,2.5,1740,4145,2.0,0,0,3,7,0,2010,0,98053,47.6875,-122.015,1740,4045
279000.0,4,1.75,1840,7275,1.0,0,0,3,7,750,1976,0,98031,47.4002,-122.189,1840,7275
749950.0,4,2.5,2370,2971,2.0,0,2,3,9,290,2008,0,98034,47.7064,-122.224,2970,7500
945000.0,4,2.25,2420,9000,1.0,0,4,5,9,420,1967,0,98146,47.4884,-122.363,2400,9035
625000.0,3,2.5,2000,6341,1.0,0,0,5,8,960,1981,0,98116,47.5639,-122.401,2030,6341
435000.0,5,1.0,2170,65340,1.5,0,0,4,7,500,1930,0,98011,47.7555,-122.204,3170,12884
638000.0,3,2.0,1660,3729,1.0,0,0,5,7,690,1922,0,98116,47.5741,-122.414,1560,3729
320000.0,2,1.0,950,5316,1.0,0,2,3,7,0,1948,0,98126,47.57,-122.38,1620,6085
371000.0,4,1.75,1690,10854,1.0,0,0,3,7,0,1977,0,98056,47.5241,-122.199,2390,7000
160000.0,2,1.0,1020,13647,1.0,0,0,5,6,0,1915,1974,98022,47.2848,-121.927,980,8250
439888.0,2,2.0,1300,6515,1.0,0,0,3,8,0,2005,0,98053,47.7078,-122.013,1640,6009
328000.0,4,1.75,1990,7194,1.0,0,0,4,8,590,1978,0,98058,47.4417,-122.135,1820,7400
206000.0,3,1.0,1050,5233,1.0,0,0,5,5,0,1906,0,98010,47.3106,-121.999,970,7500
1248000.0,2,2.5,2310,3313,2.0,0,0,3,9,0,2006,0,98119,47.6318,-122.365,2700,5670
965000.0,5,2.75,3280,12673,1.0,0,0,4,9,1230,1981,0,98006,47.5504,-122.146,3060,12847
1075000.0,4,2.75,2990,7389,1.5,0,0,4,8,900,1923,0,98144,47.5711,-122.284,2510,6157
770000.0,4,2.5,3920,12415,2.0,0,0,3,10,0,1997,0,98075,47.5658,-122.032,3639,12805
385000.0,4,1.5,2040,10726,1.0,0,0,3,7,660,1954,0,98177,47.772,-122.358,1610,10020
335900.0,4,2.75,2475,4000,2.0,0,0,3,7,0,2014,0,98002,47.345,-122.209,2475,4000
533050.0,2,1.0,910,295772,1.0,0,0,3,5,0,1953,0,98042,47.3752,-122.11,2050,48351
274900.0,4,1.75,1840,10528,1.0,0,0,3,7,630,1990,0,98023,47.2987,-122.385,1620,9331
690000.0,3,1.0,1090,4000,1.5,0,0,4,7,0,1945,0,98117,47.6846,-122.386,1520,4000
240000.0,4,1.0,1220,8075,1.0,0,0,2,7,330,1969,0,98001,47.3341,-122.282,1290,7800
375000.0,2,2.5,750,1430,2.0,0,0,3,8,0,2006,0,98122,47.6093,-122.31,1320,2790
342000.0,4,2.5,2300,6448,2.0,0,0,3,8,0,2001,0,98030,47.3813,-122.204,1860,5872
599000.0,5,2.75,2730,22572,1.0,0,0,3,7,650,1968,1992,98075,47.5951,-122.037,2260,15458
750000.0,3,2.5,2960,69351,2.0,1,3,4,9,0,1990,0,98070,47.4,-122.42,2350,41433
1475000.0,5,3.25,3680,10300,1.5,0,0,4,10,0,1927,0,98105,47.6548,-122.28,2690,7200
580000.0,3,2.0,2040,4800,1.0,0,0,4,7,1020,1925,0,98126,47.5561,-122.377,1640,4800
443000.0,3,2.25,1920,8223,2.0,0,0,4,7,0,1989,0,98011,47.735,-122.201,1940,7274
315000.0,5,2.5,3220,5751,2.0,0,0,3,8,0,2002,0,98042,47.3717,-122.104,2740,5500
355000.0,3,1.75,2040,8173,1.0,0,0,3,7,570,1958,0,98133,47.7439,-122.333,1900,8172
500000.0,3,2.0,1550,6394,1.5,0,0,5,8,0,1918,0,98126,47.5222,-122.379,1440,6387
935000.0,4,2.0,1220,7489,2.0,0,0,3,7,0,1903,0,98122,47.6133,-122.306,1220,3750
260000.0,2,1.0,1120,5650,1.0,0,0,3,6,0,1944,0,98178,47.4979,-122.241,1270,6875
552500.0,3,2.5,2450,3582,2.0,0,0,3,9,0,2008,0,98072,47.7749,-122.159,2490,5449
2480000.0,4,5.0,5310,16909,1.0,0,4,3,12,2220,1992,0,98006,47.5515,-122.113,5220,15701
240000.0,2,1.0,1120,45302,1.0,0,2,4,5,0,1932,0,98045,47.5105,-121.77,2150,101930
282150.0,2,1.0,700,5940,1.0,0,0,3,7,0,1948,0,98133,47.7289,-122.337,1070,5995
529000.0,3,1.75,2340,7724,1.0,0,0,3,10,0,2010,0,98058,47.4593,-122.134,3040,5787
455000.0,4,1.75,3060,94089,1.0,0,0,3,8,0,1958,0,98072,47.744,-122.087,2180,43995
270000.0,3,2.25,1400,3825,2.0,0,0,3,7,0,2012,0,98042,47.3596,-122.082,2110,3825
521000.0,4,2.25,1890,8034,1.0,0,0,4,8,0,1967,0,98008,47.6338,-122.117,1920,7210
188500.0,2,1.75,1240,2493,1.0,0,0,4,8,0,1985,0,98198,47.3813,-122.322,1270,4966
252500.0,2,1.0,900,7500,1.0,0,0,4,6,0,1961,0,98014,47.6481,-121.916,1190,10000
284000.0,3,2.25,2080,2050,1.5,0,0,3,7,530,2003,0,98042,47.4199,-122.157,2080,2275
305000.0,3,2.25,1740,6650,1.0,0,0,3,7,500,1978,0,98023,47.2979,-122.379,1740,7000
4668000.0,5,6.75,9640,13068,1.0,1,4,3,12,4820,1983,2009,98040,47.557,-122.21,3270,10454
476100.0,4,2.5,1850,1836,2.0,0,0,3,7,250,2005,0,98029,47.5529,-121.996,1770,2236
297000.0,3,1.0,1340,18000,1.0,0,0,4,7,0,1924,0,98070,47.4443,-122.509,1660,196591
215000.0,3,1.0,810,5240,1.0,0,0,3,6,0,1942,0,98166,47.4734,-122.35,1700,5245
535610.0,3,1.0,1610,5100,1.5,0,0,5,7,600,1901,0,98117,47.6765,-122.386,1270,5100
213000.0,3,1.75,1200,55321,1.5,0,0,5,7,0,1977,0,98010,47.3492,-121.935,1910,54450
1013050.0,4,2.5,2480,12688,1.0,0,0,4,9,660,1967,0,98004,47.6344,-122.205,2910,11979
635000.0,2,2.5,1390,1132,2.0,0,0,3,8,260,2006,0,98102,47.6228,-122.319,1400,1237
270000.0,3,1.5,1300,7907,1.0,0,0,3,7,400,1970,0,98030,47.3737,-122.224,1630,7600
255000.0,3,1.75,1240,8659,1.0,0,0,5,7,0,1986,0,98042,47.3663,-122.089,1490,8223
550000.0,3,2.0,1810,2159,1.0,0,0,3,7,800,1922,0,98109,47.6273,-122.345,1810,2159
432000.0,3,2.5,1970,4036,2.0,0,0,4,7,0,2003,0,98065,47.5335,-121.869,1960,5020
545000.0,4,2.5,2040,6034,2.0,0,0,3,7,0,1990,0,98115,47.6952,-122.323,1380,5986
690000.0,4,2.5,2820,8307,2.0,0,0,3,9,0,1990,0,98074,47.6253,-122.027,2820,8307
522500.0,3,2.5,2370,7875,2.0,0,0,3,9,0,2003,0,98065,47.5427,-121.863,2660,7752
246000.0,4,1.75,1720,7455,1.0,0,0,4,7,700,1963,0,98058,47.4669,-122.182,1720,7700
349000.0,3,2.5,2550,7709,2.0,0,0,3,9,0,1989,0,98023,47.3081,-122.391,2410,9250
310000.0,5,1.75,2190,27260,1.0,0,0,4,7,0,1947,1974,98166,47.4546,-122.337,1620,39480
264950.0,2,1.0,1000,6000,1.0,0,0,3,6,0,1951,0,98126,47.5208,-122.372,1250,6000
680000.0,4,3.0,3150,6175,2.0,0,0,3,9,0,2001,0,98075,47.5968,-122.017,3150,6986
289200.0,3,2.25,1760,7023,2.0,0,0,3,7,0,1995,0,98019,47.7468,-121.98,1760,7082
385100.0,3,1.0,1060,8040,1.0,0,0,4,6,0,1949,0,98125,47.7121,-122.287,1300,7620
355000.0,3,2.25,1410,1332,2.0,0,0,3,7,120,2004,0,98027,47.5345,-122.069,1445,1290
383000.0,4,2.5,1850,8310,1.0,0,0,3,7,650,1962,0,98155,47.7717,-122.29,1840,10080
568000.0,4,2.0,2340,50233,1.0,0,0,4,7,1170,1966,0,98075,47.5905,-122.022,2470,62290
196000.0,3,1.0,1000,8470,1.0,0,0,4,6,0,1963,0,98023,47.3056,-122.37,1020,8470
796500.0,3,2.75,2590,12063,2.0,0,0,3,10,0,1993,0,98006,47.5527,-122.12,2850,8469
552100.0,3,3.0,1330,1379,2.0,0,0,4,8,210,2005,0,98122,47.6126,-122.313,1810,1770
385000.0,2,1.5,1370,159865,1.0,0,0,3,7,0,1960,0,98072,47.7592,-122.092,1370,16217
240000.0,3,1.0,1350,7560,1.0,0,0,4,7,400,1959,0,98032,47.3784,-122.303,1470,7560
440000.0,3,2.5,2160,3738,2.0,0,0,3,8,0,1994,0,98126,47.5661,-122.375,1500,4000
725000.0,3,2.5,2610,7510,2.0,0,0,3,9,0,1996,0,98052,47.6648,-122.137,2610,8458
360000.0,4,3.0,2580,6740,2.0,0,0,3,8,0,1999,0,98058,47.4296,-122.185,2010,6740
605000.0,2,2.0,1270,5500,1.5,0,0,4,8,0,1921,0,98122,47.6121,-122.294,1870,4400
650000.0,3,3.5,1494,1262,3.0,0,0,3,8,0,2011,0,98115,47.6826,-122.324,1494,1264
615000.0,2,1.0,1540,6872,1.0,0,0,4,7,720,1946,0,98119,47.6454,-122.373,1420,5538
599950.0,3,2.5,2660,4975,2.0,0,0,3,8,0,2014,0,98118,47.5487,-122.272,1840,6653
971971.0,4,3.75,3460,6738,2.0,0,0,3,11,0,2013,0,98059,47.506,-122.145,3340,6120
350000.0,2,1.5,1320,73600,1.0,0,0,3,7,0,1993,0,98001,47.2755,-122.271,1320,33600
635000.0,5,3.25,3710,34200,2.0,0,0,3,8,1200,1986,0,98074,47.6101,-122.047,1720,23100
200000.0,3,1.0,1480,5600,1.0,0,0,4,6,540,1947,0,98178,47.5045,-122.27,1350,11100
1822500.0,4,4.5,6380,88714,2.0,0,0,3,12,0,2006,0,98029,47.5592,-122.015,3040,7113
749950.0,3,2.5,2770,10773,2.0,0,2,3,9,0,1992,0,98008,47.5754,-122.12,2530,10423
190000.0,3,2.0,1320,7625,1.0,0,0,3,7,0,1987,0,98038,47.3635,-122.045,1420,7500
269950.0,3,1.5,1950,7560,1.0,0,2,4,7,630,1975,0,98022,47.1976,-121.999,1950,8941
375000.0,3,2.25,2120,18500,2.0,0,0,4,8,0,1983,0,98031,47.3914,-122.169,2120,14479
760000.0,4,2.5,3580,97574,2.0,0,0,3,9,0,2004,0,98038,47.3901,-122.071,2510,27068
205000.0,3,2.0,1410,8384,1.0,0,0,3,7,0,1985,0,98001,47.3315,-122.263,1410,9205
387000.0,2,2.25,1230,1280,2.0,0,0,3,8,270,2012,0,98144,47.5942,-122.298,1130,1357
309000.0,3,1.0,1140,6400,1.0,0,0,3,7,0,1962,0,98168,47.4902,-122.331,1340,6650
515000.0,3,3.5,1360,1419,2.0,0,0,3,8,320,2007,0,98107,47.6697,-122.371,1560,1977
375000.0,3,2.75,2200,9600,1.0,0,3,4,8,630,1977,0,98003,47.3438,-122.323,2680,9896
350000.0,3,1.5,1550,40752,1.0,0,0,5,7,0,1954,0,98031,47.394,-122.202,1550,8000
625000.0,3,2.0,2140,3600,2.0,0,0,3,8,460,1911,1997,98116,47.5846,-122.383,2340,5400
540000.0,3,1.75,1610,3478,1.5,0,0,4,7,550,1929,0,98117,47.6774,-122.372,1610,3478
813000.0,4,2.5,3320,52707,2.0,0,0,3,10,0,1999,0,98074,47.6247,-122.016,3040,54450
678700.0,3,1.75,1970,10548,1.0,0,0,4,8,670,1973,0,98033,47.6669,-122.179,2500,8548
640000.0,4,2.0,2360,6000,2.0,0,0,4,8,0,1904,0,98107,47.6702,-122.362,1730,4700
715000.0,5,3.25,2710,2356,2.0,0,0,3,8,480,2013,0,98027,47.5394,-122.028,2160,2108
242000.0,4,1.0,2240,7620,1.0,0,0,3,7,1120,1966,0,98146,47.5089,-122.346,1080,7620
169500.0,2,1.0,790,7450,1.0,0,0,4,6,0,1944,0,98058,47.4743,-122.17,800,7450
752500.0,4,2.25,2360,8616,2.0,0,0,4,8,0,1974,0,98033,47.6495,-122.198,2360,9337
730000.0,3,3.5,2440,3502,2.0,0,0,3,7,470,2000,0,98005,47.589,-122.165,2440,3417
435000.0,2,1.5,901,1245,3.0,0,0,3,7,0,2001,0,98115,47.6774,-122.325,1138,1137
255000.0,1,0.5,880,1642,1.0,0,0,3,6,380,1910,0,98126,47.5732,-122.372,1410,2992
531155.0,4,2.75,2810,5046,2.0,0,0,3,9,0,2014,0,98038,47.3559,-122.022,3060,4934
490000.0,3,2.5,2230,5348,2.0,0,0,3,8,0,2000,0,98065,47.5347,-121.866,2190,5205
309950.0,4,2.75,2310,5000,2.0,0,0,3,7,0,2006,0,98038,47.3614,-122.035,1980,5000
245000.0,3,2.25,1900,7250,1.0,0,0,3,7,650,1967,0,98146,47.4869,-122.344,1560,9420
654000.0,3,2.5,3240,60840,2.0,0,0,3,7,0,1997,0,98045,47.5192,-121.764,2570,204732
650000.0,4,2.5,2160,3139,1.0,0,0,3,7,1080,1940,0,98103,47.6662,-122.338,1650,3740
292000.0,3,1.0,1730,21183,1.0,0,0,3,7,700,1955,0,98168,47.5024,-122.332,1610,13000
519000.0,4,2.5,3250,4500,2.0,0,0,3,8,0,2009,0,98059,47.4944,-122.149,3030,4518
306000.0,4,2.5,2267,3577,2.0,0,0,3,7,0,2014,0,98092,47.3384,-122.18,2056,3577
190000.0,3,1.75,1390,7700,1.0,0,0,5,7,0,1965,0,98058,47.4559,-122.183,1260,7700
450000.0,3,2.5,2410,4293,2.0,0,0,3,7,0,2007,0,98065,47.5196,-121.869,2190,5900
290000.0,3,2.0,1760,6600,1.0,0,0,3,7,0,1998,0,98030,47.3836,-122.184,2590,6600
360000.0,4,2.5,1900,5889,2.0,0,0,3,7,0,1992,0,98038,47.349,-122.031,1870,6405
935000.0,4,3.25,4110,15488,2.0,0,2,3,11,0,1995,0,98006,47.5493,-122.117,4190,14973
1045000.0,4,3.0,2790,3600,2.0,0,0,3,8,910,1905,2013,98119,47.6362,-122.363,1360,3600
449950.0,4,2.25,3490,8400,1.5,0,0,4,8,0,1976,0,98058,47.4513,-122.128,2320,8723
555000.0,4,2.25,2220,8125,1.0,0,0,4,8,770,1965,0,98006,47.5429,-122.177,1980,8700
305000.0,3,1.0,1160,9750,1.0,0,0,3,7,0,1967,0,98077,47.7422,-122.073,1160,9650
235000.0,2,1.0,870,5000,1.0,0,0,3,6,0,1949,0,98126,47.5186,-122.375,820,5000
455000.0,3,1.75,1180,14292,1.0,0,0,3,7,0,1981,0,98045,47.4818,-121.733,1480,14400
200000.0,3,1.0,1150,4800,1.5,0,0,4,6,0,1938,0,98002,47.3101,-122.212,1310,9510
595000.0,4,2.5,2030,10722,1.0,0,0,3,7,930,1967,0,98115,47.6955,-122.301,1610,9134
231000.0,4,2.0,1530,6375,2.0,0,0,3,7,0,1942,1983,98058,47.4692,-122.162,1500,8712
725786.0,4,2.5,3070,5762,2.0,0,0,3,10,0,2000,0,98075,47.5847,-122.08,3630,6500
540000.0,5,1.5,1940,10202,1.5,0,0,4,7,0,1940,0,98125,47.7213,-122.31,1900,8000
554000.0,3,2.0,1910,9001,1.0,0,0,4,7,0,1957,0,98008,47.6037,-122.119,2040,8700
151600.0,2,1.0,1060,16988,1.0,0,0,3,6,0,1954,0,98058,47.4305,-122.157,2320,10580
585000.0,4,2.5,2820,5612,2.0,0,0,3,9,0,2007,0,98028,47.7477,-122.236,1620,14881
325000.0,3,1.0,1150,7486,1.0,0,0,3,7,0,1970,0,98034,47.7261,-122.219,1510,7486
680000.0,3,2.5,1800,4400,1.0,0,0,5,7,450,1970,0,98199,47.6599,-122.396,1920,4400
400000.0,4,2.5,2350,3904,2.5,0,0,3,7,0,1999,0,98106,47.5305,-122.351,1120,4000
533000.0,4,2.5,2830,6536,2.0,0,0,3,8,0,2003,0,98038,47.3888,-122.032,2830,6872
425000.0,4,2.5,1920,9000,2.0,0,0,2,7,0,1989,0,98126,47.5153,-122.37,1530,10474
365000.0,2,1.0,920,6600,1.0,0,0,4,6,0,1910,0,98118,47.5572,-122.282,1370,5500
431000.0,3,2.5,1710,12677,2.0,0,0,3,8,0,1996,0,98028,47.75,-122.234,1610,12160
364500.0,3,1.0,1060,9506,1.0,0,0,3,7,0,1959,0,98125,47.7317,-122.31,1520,8469
452000.0,2,1.75,1740,5400,1.0,0,0,4,7,750,1946,0,98115,47.6971,-122.282,1980,5400
910000.0,3,3.5,3020,4082,2.0,0,0,3,9,940,1954,2004,98199,47.651,-122.409,2060,5102
630000.0,4,2.5,2540,11100,1.0,0,0,5,7,0,1957,0,98008,47.6317,-122.124,1560,11100
750000.0,4,2.25,3190,11597,2.0,0,0,3,10,890,1984,0,98074,47.6323,-122.039,2990,10679
544000.0,4,2.5,2030,3974,2.0,0,0,3,8,0,1994,0,98029,47.5692,-122.006,1780,3953
506000.0,2,1.0,1570,8210,1.0,0,0,4,8,420,1952,0,98177,47.7221,-122.371,1680,8196
575000.0,4,2.5,3020,17810,1.0,0,0,3,9,1420,1979,0,98155,47.7735,-122.281,2500,15815
605000.0,3,2.5,2010,3667,2.0,0,0,3,9,0,2008,0,98027,47.545,-122.015,2350,3600
415000.0,3,1.5,1490,7275,1.0,0,0,3,7,400,1974,0,98034,47.7148,-122.213,1420,7330
468000.0,2,1.0,1160,6000,1.0,0,0,4,7,300,1942,0,98115,47.69,-122.292,1330,6000
672000.0,3,1.0,1220,8573,1.0,0,0,4,7,0,1954,0,98004,47.6088,-122.193,1390,8573
525000.0,4,1.75,2420,7672,1.0,0,0,3,8,940,1979,0,98027,47.5637,-122.085,2370,7699
420000.0,3,2.25,1800,9800,1.0,0,0,4,7,500,1959,0,98028,47.7393,-122.244,1680,9545
304000.0,3,2.5,1710,6773,2.0,0,0,3,8,0,1993,0,98003,47.2635,-122.312,2220,7551
620000.0,4,2.5,2980,210395,2.0,0,0,3,9,0,2001,0,98045,47.4575,-121.707,2530,45596
425000.0,3,2.25,1580,39189,1.0,0,0,3,7,400,1992,0,98053,47.6365,-121.972,1580,29649
500000.0,3,1.75,1570,8530,1.0,0,0,4,7,380,1983,0,98033,47.6881,-122.184,1530,8708
251000.0,3,1.5,1590,21600,1.5,0,0,4,7,0,1971,0,98022,47.2159,-121.966,1780,21600
334950.0,4,2.5,2410,7846,2.0,0,0,3,8,0,1992,0,98003,47.2641,-122.312,2380,7914
1880000.0,3,2.75,2620,17919,1.0,0,1,4,9,0,1949,0,98039,47.6144,-122.228,3400,14400
410000.0,4,2.0,1970,10500,1.0,0,0,3,8,150,1961,0,98166,47.479,-122.356,2090,12300
441000.0,2,1.0,1290,1289,2.0,0,0,3,7,260,2005,0,98144,47.6006,-122.305,1290,1332
367000.0,3,2.25,1400,1320,3.0,0,2,3,8,0,2006,0,98133,47.7147,-122.356,1490,1449
605000.0,4,2.25,2940,48788,1.0,0,0,5,7,1420,1961,0,98028,47.7422,-122.245,2470,14900
500000.0,4,2.0,2760,27631,2.0,0,0,4,8,960,1978,0,98155,47.7484,-122.291,2490,13158
343000.0,2,1.5,1040,8526,1.0,0,0,5,6,0,1953,0,98155,47.7349,-122.295,1310,8504
340500.0,3,1.0,1770,12458,1.0,0,0,3,7,0,1957,0,98155,47.7715,-122.27,2000,8225
910000.0,3,3.5,2480,3200,2.0,0,0,3,10,0,2010,0,98144,47.5951,-122.307,1980,3200
1425000.0,4,4.25,4960,6000,2.5,0,0,3,11,1280,1909,2003,98109,47.6437,-122.356,2160,4080
352000.0,4,1.75,1850,5712,1.0,0,0,3,7,0,1954,0,98115,47.6966,-122.324,1510,6038
483000.0,3,1.75,2110,10454,1.0,0,0,4,8,670,1978,0,98028,47.7344,-122.246,1990,10890
324000.0,3,2.5,1940,8347,2.0,0,0,3,8,0,1990,0,98042,47.3654,-122.164,1940,7131
275000.0,3,2.0,1340,9764,1.0,0,0,3,7,0,1944,0,98052,47.6786,-122.161,1310,9764
379000.0,3,3.25,2660,17852,2.5,0,0,3,8,0,2014,0,98010,47.3077,-122.011,1320,11876
643950.0,3,2.25,1760,2122,3.0,0,0,3,9,0,2015,0,98116,47.5633,-122.385,1420,1618
374950.0,2,2.25,1240,1172,2.0,0,0,3,8,240,2008,0,98144,47.5877,-122.316,1260,1111
277950.0,4,2.5,1889,6000,2.0,0,0,3,7,0,2012,0,98001,47.2676,-122.256,1990,6350
398950.0,4,3.0,3000,10297,2.0,0,0,3,8,0,2003,0,98042,47.3684,-122.073,2520,8366
690000.0,3,2.5,1300,5150,1.5,0,0,4,7,0,1920,0,98117,47.6838,-122.362,1400,4017
1580000.0,4,3.25,3760,10920,1.5,0,0,5,9,1360,1950,0,98105,47.6687,-122.264,3430,11050
425000.0,5,2.5,2840,9425,1.0,0,0,4,7,1250,1962,0,98155,47.7609,-122.297,1900,11600
321000.0,3,2.5,2020,4183,2.0,0,0,3,7,0,2012,0,98038,47.3658,-122.017,2030,4140
223000.0,3,2.0,1670,6824,1.0,0,0,3,7,370,1990,0,98042,47.3666,-122.084,1660,7586
589000.0,5,2.0,3930,10150,1.5,0,0,4,8,860,1968,0,98008,47.6317,-122.114,2200,8190
268000.0,3,1.0,1420,6000,1.0,0,0,3,6,0,1941,0,98146,47.4913,-122.336,1480,6000
576250.0,2,1.75,1530,5000,2.0,0,0,4,7,270,1989,0,98107,47.6755,-122.37,1470,5000
720000.0,4,2.5,2440,34290,2.0,0,0,3,9,0,1987,0,98053,47.6685,-122.044,2860,38119
510000.0,3,2.25,2750,219542,2.0,0,0,3,7,880,1981,0,98014,47.6367,-121.948,2430,219542
365000.0,2,1.0,990,9223,1.0,0,0,3,7,0,1949,0,98125,47.72,-122.32,1230,7244
271310.0,2,1.0,870,5340,1.5,0,0,2,6,0,1906,0,98144,47.5849,-122.302,1190,4440
616000.0,3,3.25,2130,2306,2.0,0,1,5,7,710,1924,0,98136,47.5424,-122.391,1560,4500
722000.0,3,2.5,2230,4850,2.0,0,0,3,8,0,2014,0,98133,47.7295,-122.334,2230,4513
348580.0,3,1.0,1220,7876,1.0,0,0,3,7,0,1966,0,98034,47.7317,-122.201,1340,7876
597157.0,7,4.0,2690,10880,1.0,0,0,4,8,0,1960,0,98033,47.6787,-122.168,1840,10836
305000.0,4,1.75,2370,10140,1.0,0,0,3,7,910,1968,0,98001,47.3352,-122.278,1450,7800
439000.0,2,2.5,1350,944,2.0,0,0,3,9,480,2004,0,98116,47.5591,-122.385,1440,1350
520000.0,3,2.0,1670,8800,1.0,0,0,4,7,520,1961,0,98008,47.6096,-122.132,2020,8250
729000.0,3,2.5,2480,7428,2.0,0,0,3,9,0,1990,0,98006,47.5489,-122.185,2600,8322
305000.0,3,2.5,1260,1622,3.0,0,0,3,8,0,2009,0,98133,47.7325,-122.343,1340,1188
225000.0,3,1.0,1490,15850,1.0,0,0,3,7,0,1946,0,98133,47.7411,-122.347,1950,13228
660000.0,4,3.25,3030,9273,2.0,0,0,5,8,0,1988,0,98029,47.5747,-122.014,2360,7632
395000.0,4,2.75,2280,5013,2.0,0,0,3,8,0,2009,0,98019,47.7333,-121.976,2130,5121
710000.0,4,2.5,2630,8580,1.0,0,0,4,9,930,1977,0,98005,47.5916,-122.166,2430,10240
839000.0,3,2.5,3200,203425,1.0,0,0,3,10,0,2000,0,98077,47.7614,-122.015,3200,203425
310000.0,3,1.0,990,7050,1.0,0,0,3,7,0,1967,0,98034,47.7274,-122.202,1200,8125
291000.0,4,2.25,1890,7616,1.0,0,0,4,8,630,1979,0,98003,47.3275,-122.329,1890,7420
560000.0,4,2.5,2300,7989,2.0,0,0,3,9,0,1990,0,98074,47.6273,-122.034,2280,8835
420000.0,4,2.5,3040,24123,2.0,0,0,3,8,0,1999,0,98092,47.2667,-122.216,2420,10026
1799000.0,4,3.5,3930,39098,2.0,0,0,3,12,0,1999,0,98005,47.6399,-122.158,4250,38682
602000.0,3,2.25,1580,11580,1.0,0,0,4,8,0,1979,0,98006,47.5503,-122.155,2630,10009
345000.0,4,2.5,2020,3600,2.0,0,0,3,7,0,2012,0,98038,47.3535,-122.017,2210,3800
122000.0,2,1.0,860,6000,1.0,0,0,3,6,0,1945,0,98022,47.2109,-121.985,1300,6000
469950.0,3,2.0,1820,1357,3.0,0,0,3,9,0,2014,0,98126,47.5432,-122.376,1710,1372
360000.0,5,2.5,2130,7111,1.0,0,0,3,7,800,1968,0,98059,47.5071,-122.16,1840,7592
249950.0,3,2.0,1550,15040,1.0,0,0,4,6,0,1958,0,98059,47.4873,-122.099,1510,41416
661000.0,4,2.5,2496,8058,2.0,0,0,3,9,0,1998,0,98052,47.6791,-122.149,2496,7757
685000.0,3,3.25,2030,11070,2.0,0,0,4,8,0,1980,0,98052,47.6478,-122.117,2450,11070
245000.0,4,2.0,1870,8750,1.0,0,2,3,7,0,1977,0,98022,47.1985,-122.001,1770,8207
134000.0,3,1.0,1270,8508,1.0,0,0,4,6,620,1942,0,98168,47.4961,-122.322,1200,9415
3100000.0,6,4.25,6980,15682,3.0,0,4,4,12,1650,1999,0,98040,47.5552,-122.231,3930,18367
595000.0,3,2.5,1910,3075,2.0,0,0,3,8,0,2001,0,98029,47.5491,-122.005,1940,3485
1100000.0,4,2.5,2190,6300,1.0,0,3,3,7,950,1960,0,98033,47.6918,-122.216,2730,14659
1186040.0,3,1.75,2550,6117,2.0,0,0,3,9,900,1951,2004,98122,47.6109,-122.285,2100,4967
359000.0,4,2.5,1820,11325,1.0,0,0,3,8,430,1976,0,98166,47.4574,-122.361,1990,10802
102500.0,2,1.0,820,4320,1.0,0,0,3,5,0,1937,0,98106,47.514,-122.359,780,7424
765000.0,4,2.5,3140,16200,1.0,0,1,3,9,570,1988,0,98166,47.4363,-122.342,2530,13200
330000.0,2,1.0,860,8308,1.0,0,0,4,7,0,1948,0,98146,47.5075,-122.377,1310,8308
194000.0,3,1.0,1050,7577,1.0,0,0,3,7,0,1983,0,98023,47.2891,-122.357,1430,7245
1575000.0,4,3.5,5830,131116,2.0,0,0,3,11,0,2005,0,98024,47.5986,-121.949,5340,207206
350000.0,4,2.5,2560,5428,2.0,0,0,3,8,0,2012,0,98042,47.3835,-122.095,2620,5428
599950.0,5,2.25,2680,13292,1.0,0,0,3,8,1340,1976,0,98028,47.7422,-122.257,2220,13181
608700.0,4,2.5,2260,9696,1.0,0,0,3,9,0,1983,0,98074,47.643,-122.066,2400,12111
324000.0,3,2.25,998,904,2.0,0,0,3,7,200,2007,0,98117,47.6983,-122.367,998,1110
311000.0,4,2.5,1975,8734,2.0,0,0,3,7,0,1996,0,98038,47.363,-122.034,1975,8538
185000.0,3,1.0,1010,6400,1.0,0,0,3,7,0,1971,0,98023,47.3027,-122.376,1820,6500
405000.0,3,2.0,1740,18000,1.0,0,0,3,7,510,1989,0,98028,47.7397,-122.242,1740,11250
760000.0,4,2.25,3040,9690,1.0,0,0,4,9,1100,1978,0,98005,47.5923,-122.169,2430,9690
332500.0,4,1.0,1670,8102,1.5,0,0,3,6,0,1944,0,98166,47.4692,-122.355,1310,7906
458000.0,4,1.5,1550,3000,1.5,0,0,3,7,200,1918,0,98105,47.6604,-122.324,1710,5535
781000.0,4,2.5,2590,8571,2.0,0,0,3,9,0,1988,0,98052,47.691,-122.105,2360,8155
314000.0,3,1.75,1810,41800,1.0,0,0,5,7,600,1980,0,98038,47.4109,-121.958,1650,135036
495000.0,4,2.5,2460,4774,2.0,0,0,3,8,0,2006,0,98059,47.4912,-122.145,2510,4399
195000.0,3,1.0,1260,8378,1.0,0,0,4,6,420,1959,1977,98023,47.3274,-122.348,1140,8496
405000.0,3,1.5,1330,12500,1.0,0,0,3,7,0,1966,0,98027,47.5263,-122.051,2310,12500
799000.0,3,1.5,2210,6300,1.5,0,0,5,8,0,1916,0,98144,47.5892,-122.29,2700,6300
798500.0,3,3.0,1950,1833,3.0,0,0,3,9,340,2009,0,98004,47.6078,-122.202,2040,2131
253500.0,2,1.0,810,4800,1.0,0,0,3,7,0,1948,0,98126,47.5232,-122.375,1240,7740
1875000.0,3,2.5,3280,29111,2.0,1,3,3,11,0,1925,0,98199,47.6699,-122.416,3530,21074
815000.0,4,3.5,3040,4006,2.0,0,0,3,8,690,2013,0,98029,47.5439,-122.011,2050,4000
242000.0,3,1.0,970,9600,1.0,0,0,3,7,0,1972,0,98045,47.4451,-121.768,1110,9600
910000.0,5,2.5,2350,4000,2.0,0,0,3,9,0,1993,0,98112,47.6265,-122.296,1840,4000
540000.0,2,1.25,1230,1569,2.0,0,0,3,9,180,2009,0,98112,47.6193,-122.304,1100,1230
1465000.0,4,4.0,4930,22093,2.0,0,3,3,12,0,2004,0,98075,47.5874,-121.965,4630,18889
475300.0,3,1.0,2110,10005,1.0,0,0,5,7,1000,1924,0,98033,47.688,-122.168,1360,9827
342000.0,3,2.25,1200,2845,2.0,0,0,3,7,0,1986,0,98034,47.7151,-122.203,1220,2140
379000.0,4,2.5,2570,10155,2.0,0,0,3,9,0,1994,0,98030,47.3842,-122.17,2770,10155
711000.0,4,1.75,1980,10800,1.0,0,0,5,6,990,1948,0,98040,47.5768,-122.222,2180,10800
381000.0,3,2.5,1470,3999,2.0,0,0,3,7,0,2003,0,98065,47.5328,-121.871,1960,4444
174500.0,2,1.0,1010,5200,1.0,0,0,3,7,0,1955,0,98198,47.4166,-122.323,1580,7500
247000.0,5,2.0,1590,9350,1.0,0,0,5,7,530,1962,0,98001,47.3398,-122.286,1460,8210
650000.0,3,1.75,2330,7200,1.0,0,0,4,8,1010,1950,0,98118,47.565,-122.274,1820,7200
278000.0,2,2.5,1420,2229,2.0,0,0,3,7,0,2004,0,98059,47.4871,-122.165,1500,2230
366000.0,3,1.75,1680,6108,1.0,0,0,3,8,0,1989,0,98055,47.4501,-122.208,2220,5664
280000.0,3,2.0,1790,42399,1.0,0,0,4,7,0,1990,0,98092,47.3143,-122.134,1330,40015
275000.0,4,1.0,1770,7345,1.5,0,0,3,7,0,1966,0,98106,47.5393,-122.351,1580,7345
230000.0,3,1.0,1250,9035,1.0,0,0,4,7,0,1970,0,98003,47.275,-122.302,1350,10425
295000.0,3,2.5,1500,3060,2.0,0,0,3,7,0,1994,0,98006,47.5605,-122.117,2700,7734
249900.0,3,2.5,1610,3517,2.0,0,0,3,8,0,2005,0,98055,47.4496,-122.189,1830,2889
820000.0,3,2.25,2880,9750,2.0,0,0,3,10,0,1989,0,98006,47.5575,-122.119,2920,11090
1681000.0,5,5.25,4830,18707,2.0,0,1,5,9,900,1952,1998,98040,47.5858,-122.247,2880,10520
531000.0,3,2.25,1910,8390,1.0,0,0,3,7,0,1979,0,98034,47.73,-122.216,2410,8390
105000.0,3,1.0,840,8400,1.0,0,0,3,6,0,1959,0,98023,47.3277,-122.343,840,9450
409000.0,4,2.75,3230,12651,2.0,0,0,4,8,0,2002,0,98001,47.3157,-122.251,2550,12081
291970.0,1,1.0,680,21727,1.0,0,0,3,5,0,1952,1995,98058,47.446,-122.175,1470,19406
240000.0,3,2.5,1500,10652,2.0,0,0,4,7,0,1981,0,98031,47.4015,-122.176,1610,7417
269500.0,4,2.25,1700,7056,2.0,0,0,3,7,0,1999,0,98001,47.3385,-122.262,1650,6025
522000.0,4,2.25,1800,8623,1.0,0,0,4,8,440,1980,0,98033,47.692,-122.184,2370,8623
169000.0,3,1.75,1720,9775,1.0,0,0,3,8,0,1978,0,98032,47.3731,-122.286,1970,8400
365000.0,3,1.5,1310,8160,1.0,0,0,3,7,0,1950,0,98133,47.7291,-122.339,1090,7560
405000.0,4,2.5,2090,6667,2.0,0,0,3,8,0,1997,0,98058,47.4648,-122.15,2250,6165
725000.0,6,3.0,2480,12000,2.0,0,0,3,8,0,1972,0,98007,47.6131,-122.145,2220,8580
2075000.0,4,3.5,4230,20377,2.0,0,0,3,11,0,1997,0,98004,47.5954,-122.206,3980,20489
270000.0,4,1.5,1730,8505,1.5,0,0,4,7,0,1961,0,98146,47.4905,-122.347,1510,8505
223000.0,3,1.75,1360,10573,1.0,0,0,4,7,0,1984,0,98023,47.2983,-122.374,1580,8280
312200.0,4,2.5,2910,8596,2.0,0,0,3,8,0,2004,0,98003,47.2596,-122.304,2770,8602
257950.0,3,1.75,1370,5858,1.0,0,0,3,7,0,1987,0,98198,47.3815,-122.313,1400,7500
370000.0,3,1.0,2150,8480,1.0,0,0,3,8,540,1951,0,98115,47.6996,-122.308,1620,5203
525000.0,4,2.5,2840,4750,2.0,0,0,3,9,0,2002,0,98058,47.4511,-122.121,2460,4750
968000.0,5,2.5,2900,9799,1.0,0,0,3,8,1450,1959,0,98004,47.6255,-122.208,2810,9687
565000.0,4,2.0,2040,8281,2.0,0,1,3,7,0,1961,0,98033,47.6689,-122.195,2560,8281
780000.0,4,2.5,3140,14421,2.0,0,0,3,10,0,1994,0,98075,47.5943,-122.018,3140,17417
222000.0,2,1.0,1550,38449,1.0,0,0,3,6,0,1947,0,98055,47.4315,-122.199,1188,25875
595000.0,4,2.5,2360,43017,2.0,0,0,3,9,0,1989,0,98077,47.774,-122.077,2750,40334
470000.0,3,3.5,1280,1257,2.0,0,0,3,8,240,2000,0,98107,47.6721,-122.374,1280,1249
284000.0,3,1.0,1080,8214,1.0,0,0,3,7,0,1944,0,98133,47.7401,-122.348,1850,13560
399950.0,3,2.0,1590,87120,1.0,0,3,3,8,0,1998,0,98022,47.2241,-122.072,2780,183161
300000.0,3,2.0,1260,2550,2.0,0,0,3,7,0,1987,0,98117,47.6821,-122.378,1590,3825
535000.0,3,1.75,2330,12141,1.0,0,0,3,7,940,1983,0,98072,47.7607,-122.146,1850,12141
349950.0,5,3.0,2257,10117,1.0,0,0,3,8,894,2005,0,98188,47.4524,-122.284,1540,10700
267000.0,3,2.0,1390,6005,2.0,0,0,3,8,0,2005,0,98022,47.2117,-121.99,1264,5550
194000.0,3,1.0,1070,6440,1.0,0,0,4,7,0,1971,0,98023,47.3186,-122.373,1190,6532
300000.0,4,2.5,1914,3272,2.0,0,0,3,8,0,2009,0,98055,47.4297,-122.189,1714,3250
318000.0,4,2.25,2180,7000,1.0,0,0,3,8,500,1969,0,98055,47.4651,-122.192,2000,8000
499900.0,3,1.75,2430,8820,1.0,0,2,3,8,800,1977,0,98178,47.4972,-122.233,2390,10050
525000.0,3,2.5,2190,34528,2.0,0,0,3,8,0,1994,0,98027,47.4594,-121.986,2460,37901
225000.0,4,1.75,1420,10300,2.0,0,0,3,7,0,1950,2001,98002,47.3121,-122.215,1420,10300
390000.0,4,2.5,2560,43560,2.0,0,0,3,8,0,1989,0,98038,47.3692,-122.047,2130,10150
490000.0,3,2.25,1470,2500,2.0,0,0,3,8,390,1984,0,98117,47.6762,-122.36,1640,4300
447500.0,2,1.0,1180,5100,1.5,0,0,3,7,0,1926,0,98103,47.6947,-122.346,980,5100
319000.0,3,2.25,1800,9597,1.0,0,2,3,7,600,1963,0,98188,47.4516,-122.267,1700,13502
622100.0,4,2.5,2280,14290,1.5,0,0,4,7,770,1942,0,98125,47.7054,-122.297,2140,9890
485000.0,4,2.25,1900,7200,1.0,0,0,3,8,530,1977,0,98146,47.5033,-122.372,2030,8008
747500.0,4,2.5,2810,11902,2.0,0,0,4,9,0,1993,0,98059,47.5303,-122.143,2990,10754
325000.0,4,2.5,1820,9161,1.0,0,0,4,7,600,1975,0,98058,47.4333,-122.168,1860,7650
728725.0,4,2.5,3010,3120,2.5,0,2,3,8,0,2006,0,98029,47.5539,-121.996,2140,3840
185000.0,1,1.0,720,5000,1.0,0,0,4,6,0,1908,0,98118,47.5289,-122.272,1170,5000
250000.0,2,1.0,1110,26051,1.0,0,0,3,6,0,1951,0,98168,47.4711,-122.291,2240,12255
515000.0,3,2.5,2010,7200,2.0,0,0,3,8,0,1994,0,98028,47.7372,-122.223,1970,7202
397900.0,3,2.75,2500,35245,1.0,0,0,3,7,920,2000,0,98042,47.3414,-122.117,2060,153766
485000.0,3,1.0,1260,3230,1.5,0,0,3,7,0,1907,0,98119,47.644,-122.369,1700,3500
396800.0,4,2.5,2200,6018,2.0,0,0,3,8,0,2010,0,98019,47.7338,-121.966,2480,5899
1583000.0,4,4.0,5610,11063,3.0,0,0,3,11,860,2006,0,98074,47.65,-122.065,4560,11063
325000.0,2,1.0,800,7260,1.0,0,0,3,7,0,1953,0,98126,47.5359,-122.367,1010,7440
350000.0,3,2.5,1730,4086,2.0,0,0,3,8,0,2013,0,98146,47.5016,-122.341,2030,4086
560000.0,3,2.0,1860,13374,1.0,0,0,3,8,0,1985,0,98027,47.5397,-122.054,1960,9797
673200.0,5,3.0,4180,8561,2.0,0,0,3,7,0,2003,0,98053,47.6833,-122.04,3425,6591
1690000.0,3,1.75,3400,8965,1.0,0,2,5,9,1580,1957,0,98105,47.6569,-122.273,3200,8500
540000.0,3,2.5,2520,5000,3.0,0,0,3,9,0,1990,0,98106,47.5664,-122.359,1130,5000
300000.0,3,2.5,2020,6628,1.0,0,0,4,7,770,1963,0,98168,47.4934,-122.332,1540,9995
650000.0,2,1.75,1450,4000,1.5,0,0,4,7,100,1903,0,98105,47.6571,-122.326,1310,4000
435000.0,2,0.75,750,16321,1.0,0,1,3,4,0,1936,0,98034,47.6985,-122.229,3020,10625
390000.0,3,1.0,1040,8075,1.0,0,0,4,7,0,1961,0,98033,47.6701,-122.176,1450,8075
430000.0,2,1.0,990,4920,1.0,0,0,3,6,0,1931,0,98117,47.6939,-122.368,990,4960
375000.0,3,1.0,1210,7425,1.0,0,0,4,6,0,1910,0,98133,47.7125,-122.33,1260,7425
339950.0,3,2.5,2140,7641,1.0,0,0,3,8,850,1979,0,98056,47.5053,-122.186,2090,8000
385000.0,4,1.75,1690,4080,1.0,0,0,4,7,820,1984,0,98144,47.572,-122.289,1320,4080
321000.0,3,1.0,1290,9526,1.5,0,0,3,7,0,1961,0,98034,47.7111,-122.213,1290,9508
650000.0,4,2.5,2210,4861,2.0,0,0,3,9,0,2013,0,98117,47.6959,-122.364,1590,5080
666500.0,4,2.5,2860,6600,2.0,0,0,3,9,0,2000,0,98074,47.6067,-122.017,2790,6723
264950.0,4,2.25,1720,9753,1.0,0,0,4,7,600,1978,0,98023,47.2922,-122.371,1510,9753
365000.0,4,1.0,1520,80150,1.0,0,0,2,5,0,1948,0,98045,47.4742,-121.769,1740,84506
429000.0,3,1.75,2520,5043,1.0,0,0,3,8,1260,1957,0,98126,47.5339,-122.372,1360,4920
310000.0,3,1.5,1140,3292,2.0,0,0,3,7,0,1988,0,98029,47.5701,-122.017,1150,3592
890000.0,4,2.5,2930,9158,2.0,0,0,3,9,0,2005,0,98052,47.7065,-122.13,3590,8065
390000.0,3,2.25,1650,6250,1.5,0,0,3,7,0,1910,0,98116,47.5639,-122.4,2060,6250
590000.0,4,2.25,2530,10611,1.0,0,0,5,8,1210,1977,0,98006,47.5698,-122.132,2530,10125
255000.0,3,2.5,1530,1116,2.5,0,0,3,7,0,2005,0,98028,47.7385,-122.25,1530,7780
230000.0,3,2.0,1310,7332,1.0,0,0,3,7,0,1987,0,98038,47.3597,-122.051,1530,7362
590000.0,3,3.5,1970,5079,2.0,0,0,3,8,290,2007,0,98144,47.5816,-122.296,1940,6000
351000.0,4,1.0,1430,8400,1.0,0,0,3,6,700,1969,0,98072,47.7417,-122.172,1310,8240
455000.0,3,2.5,1180,932,3.0,0,0,3,8,0,2010,0,98119,47.638,-122.375,1180,2632
445950.0,3,1.75,1300,7800,1.0,0,0,5,7,0,1968,0,98034,47.7321,-122.195,1520,7344
305000.0,4,2.5,2230,5000,2.0,0,0,3,8,0,2003,0,98031,47.3919,-122.184,2230,6137
355000.0,3,2.5,2110,4038,2.0,0,0,4,8,0,1989,0,98042,47.3875,-122.153,2110,3727
370000.0,3,1.75,1620,37913,2.0,0,0,4,7,0,1953,1975,98001,47.2875,-122.289,2190,21518
405000.0,5,2.5,3370,5092,2.0,0,0,3,7,0,2006,0,98038,47.3594,-122.036,2910,5092
430000.0,3,1.75,1200,4500,1.0,0,0,5,7,0,1906,0,98108,47.5553,-122.316,1340,4500
826000.0,3,3.25,2330,4000,1.0,0,2,3,10,600,1964,2000,98144,47.5882,-122.295,2080,4000
695000.0,4,3.0,3150,9130,2.0,0,0,3,9,0,2001,0,98075,47.5974,-122.017,2970,6228
550000.0,3,1.75,1380,3402,1.5,0,0,3,7,0,1900,2000,98122,47.6109,-122.302,1500,5496
581000.0,4,1.0,1630,2566,1.5,0,0,3,7,0,1921,0,98122,47.6183,-122.3,1220,2314
1330000.0,3,1.5,1940,2885,1.5,0,2,3,8,0,1900,0,98119,47.6308,-122.369,2550,3600
385000.0,3,1.75,2310,11200,1.0,0,0,4,8,680,1978,0,98030,47.3637,-122.21,2350,13300
620000.0,3,1.75,1670,9900,1.0,0,0,4,8,0,1957,0,98005,47.595,-122.172,2410,8800
299950.0,3,2.5,1870,7942,2.0,0,0,3,7,0,1990,0,98001,47.342,-122.279,1870,7392
467000.0,3,2.5,1690,6642,2.0,0,0,3,7,0,2004,0,98053,47.6793,-122.033,2120,5080
385000.0,1,1.0,620,5100,1.0,0,0,3,6,0,1954,0,98144,47.5699,-122.287,1540,2676
237000.0,3,1.5,1800,9216,1.0,0,0,4,7,0,1950,0,98001,47.2739,-122.249,1400,10022
389500.0,5,3.5,2960,12527,2.0,0,0,3,9,1020,1986,0,98023,47.3134,-122.35,2210,10952
330000.0,3,1.0,1850,5775,2.0,0,0,3,6,110,1928,0,98108,47.5446,-122.296,1520,3578
344500.0,4,2.75,1800,5453,1.0,0,0,3,7,750,2002,0,98055,47.4632,-122.209,1820,6900
450000.0,3,1.75,1720,6960,1.0,0,0,3,7,580,1978,0,98052,47.6972,-122.129,1720,7280
220000.0,4,1.75,1530,18400,1.5,0,0,4,6,0,1938,0,98002,47.329,-122.219,1620,13535
1348000.0,5,3.25,3540,5971,1.0,0,2,3,10,1540,2005,0,98033,47.6643,-122.202,2820,6029
440000.0,4,1.0,1780,4000,1.5,0,0,3,7,0,1922,0,98103,47.6624,-122.354,1750,4000
432000.0,2,1.0,960,3235,1.0,0,0,4,7,0,1916,0,98103,47.661,-122.344,1290,2069
412000.0,3,1.0,1000,3844,1.0,0,0,5,7,100,1928,0,98133,47.7031,-122.349,1000,3920
450000.0,3,1.75,1610,11200,1.0,0,0,3,7,0,1955,0,98033,47.6641,-122.176,1610,11200
885000.0,2,2.0,1313,3600,1.0,0,0,3,8,0,1904,2012,98119,47.6369,-122.365,1080,3600
297500.0,4,2.5,2190,8100,1.0,0,0,4,8,940,1978,0,98023,47.3131,-122.392,2100,8840
304000.0,3,2.5,1670,5298,2.0,0,0,3,8,0,2002,0,98042,47.3925,-122.165,1920,5298
245000.0,3,1.75,1920,9306,1.0,0,0,3,7,920,1984,0,98001,47.3319,-122.267,1860,8458
1612500.0,4,2.75,5470,18200,2.0,1,4,3,11,1740,1992,0,98118,47.5316,-122.263,3620,15100
749000.0,4,1.5,2130,5000,2.0,0,0,4,8,0,1920,0,98144,47.5828,-122.291,2560,5000
570000.0,3,1.0,1030,4089,1.5,0,0,3,7,0,1927,0,98116,47.574,-122.385,1440,4917
592000.0,4,2.5,2300,11165,2.0,0,0,4,8,0,1979,0,98008,47.5794,-122.118,2170,11165
303000.0,4,1.0,2300,9583,1.0,0,0,3,6,1080,1928,0,98024,47.5671,-121.89,1200,11325
291000.0,3,1.5,1860,60960,1.0,0,0,4,7,720,1967,0,98042,47.3796,-122.102,2170,82764
333000.0,3,1.0,1050,7560,1.0,0,0,3,7,0,1951,0,98126,47.525,-122.371,1490,7560
534000.0,5,1.75,2120,8625,1.0,0,0,3,7,920,1959,0,98008,47.6118,-122.131,1930,8625
1120000.0,5,1.5,2540,6660,2.0,0,3,4,8,200,1954,0,98136,47.5144,-122.393,2460,9000
255000.0,3,1.0,1230,10170,1.0,0,0,3,7,0,1979,0,98045,47.4437,-121.772,1380,10098
650000.0,5,2.25,2400,13450,1.0,0,0,5,7,1200,1957,0,98008,47.6007,-122.117,1950,10361
460000.0,3,2.0,1860,7232,1.0,0,0,3,7,540,1985,0,98125,47.7165,-122.319,1830,7220
560000.0,3,2.5,2180,7169,2.0,0,0,3,8,0,1990,0,98029,47.5714,-122.002,2150,5914
541338.0,3,2.5,2060,8123,2.0,0,0,3,8,1050,1977,0,98052,47.6642,-122.13,1760,6170
807500.0,4,2.5,3190,24170,2.0,0,0,3,10,0,2002,0,98074,47.6209,-122.052,2110,26321
355000.0,4,1.75,2040,15000,1.0,0,0,4,7,680,1967,0,98092,47.3107,-122.189,2310,15000
635000.0,3,2.5,1780,11000,1.0,0,0,4,8,570,1980,0,98006,47.5574,-122.149,2310,9700
471000.0,4,1.75,1450,3750,1.0,0,0,4,7,500,1925,0,98105,47.6706,-122.3,1850,4000
1690000.0,3,3.25,5290,224442,2.0,0,0,4,11,750,1988,0,98053,47.6671,-122.051,3750,84936
325000.0,2,1.0,830,5100,1.0,0,0,3,6,0,1941,0,98103,47.6932,-122.346,1050,5100
734000.0,4,2.5,3490,18521,2.0,0,0,4,9,0,1990,0,98077,47.7406,-122.07,2850,18521
220000.0,3,2.5,1430,9044,2.0,0,0,3,7,0,1991,0,98022,47.1956,-121.986,1580,8624
530000.0,4,2.5,2690,46609,2.0,0,0,3,8,0,1980,1991,98038,47.3843,-122.006,1500,34800
640000.0,4,2.75,3150,7379,1.5,0,0,4,7,720,1915,0,98115,47.6968,-122.3,1990,7379
640000.0,4,2.5,2341,9594,2.0,0,0,3,9,0,1997,0,98052,47.6993,-122.115,2850,9421
575000.0,5,2.25,3550,7992,2.0,0,0,3,8,0,1968,0,98034,47.7285,-122.179,2110,7992
899900.0,4,2.5,2580,3909,2.0,0,0,3,8,0,2013,0,98033,47.6852,-122.21,1820,5772
135000.0,2,1.0,1220,7250,1.0,0,0,4,6,0,1914,0,98010,47.3585,-121.975,1350,20250
623000.0,4,2.75,2300,12633,2.0,0,0,3,9,0,1984,0,98074,47.6218,-122.032,2240,9246
987500.0,4,2.25,3270,15760,1.0,0,0,4,10,1270,1974,0,98040,47.5295,-122.229,4100,15760
499950.0,3,2.5,2370,12753,2.0,0,0,3,7,0,2001,0,98019,47.7359,-121.984,2280,16808
450000.0,3,1.75,1180,4080,1.0,0,0,4,6,420,1928,0,98117,47.6825,-122.391,1490,4080
385000.0,4,2.5,2560,6238,2.0,0,0,3,8,0,2007,0,98178,47.4899,-122.255,2560,6240
1130000.0,4,3.0,3180,4649,2.0,0,0,4,9,1110,1925,0,98105,47.6583,-122.273,2720,5980
660000.0,3,1.75,1750,5200,1.0,0,1,4,8,0,1956,0,98117,47.6995,-122.383,2060,5200
825000.0,3,2.25,2520,7975,2.0,0,0,4,9,970,1990,0,98033,47.6704,-122.183,2520,9900
321500.0,4,2.5,1930,6228,2.0,0,0,3,8,0,2000,0,98030,47.3572,-122.191,1930,6168
286000.0,2,1.0,780,3475,1.0,0,0,4,5,0,1930,0,98045,47.4944,-121.789,1210,6769
434400.0,5,1.75,1960,7875,1.0,0,0,4,7,0,1968,0,98034,47.7256,-122.18,1800,7764
265000.0,3,1.0,1800,7650,1.0,0,0,5,7,0,1957,0,98056,47.4922,-122.178,1230,7650
166000.0,3,1.0,1010,11675,1.0,0,0,3,7,0,1957,0,98168,47.4849,-122.301,1370,10042
325000.0,3,1.0,1040,7541,1.0,0,0,3,6,0,1951,0,98133,47.7565,-122.339,1140,6100
203000.0,3,1.75,1490,8000,1.0,0,0,4,7,290,1978,0,98092,47.3187,-122.18,1540,8000
425000.0,3,1.75,1610,144619,1.0,0,0,3,7,0,1977,0,98024,47.5659,-121.863,2220,144619
835000.0,5,2.75,2460,7830,1.0,0,0,5,9,970,1955,0,98115,47.6938,-122.31,2050,7830
575000.0,4,1.5,1430,4163,1.5,0,0,3,7,0,1910,0,98199,47.6606,-122.397,1500,4000
743000.0,3,1.75,2110,11250,1.0,0,0,4,8,0,1961,0,98040,47.5402,-122.216,2560,10992
775000.0,4,3.5,3080,5250,2.0,0,0,3,9,0,2003,0,98075,47.5992,-121.972,2980,5509
301000.0,4,2.5,2810,6146,2.0,0,0,3,9,0,1998,0,98031,47.4045,-122.208,2810,6180
660000.0,3,2.0,1770,2150,3.0,0,0,3,8,0,1999,0,98122,47.6102,-122.314,2010,3200
340768.0,3,1.5,1510,11200,1.0,0,0,4,8,0,1960,0,98003,47.3347,-122.325,2110,12070
532000.0,5,3.0,3480,57499,1.0,0,0,4,8,1140,1976,0,98027,47.4574,-122.024,2020,40946
218500.0,4,1.75,1400,25500,1.0,0,0,4,7,0,1964,0,98042,47.36,-122.164,2170,25500
530000.0,5,2.5,2910,9636,1.0,0,0,4,7,1220,1964,0,98008,47.5803,-122.119,2830,10385
464000.0,3,2.5,1770,5146,2.0,0,0,3,8,0,1992,0,98029,47.5704,-121.999,1870,5146
655000.0,3,1.75,1960,5520,1.0,0,0,4,7,880,1952,0,98199,47.6535,-122.397,1720,5760
230000.0,3,1.0,1250,8800,1.0,0,0,3,7,0,1955,0,98146,47.497,-122.357,1480,8200
538000.0,2,1.75,1850,3060,1.0,0,0,3,7,790,1929,1992,98115,47.6821,-122.308,1850,4080
451000.0,4,2.5,2320,5375,2.0,0,0,3,7,0,2006,0,98065,47.5415,-121.883,2060,5395
435000.0,3,2.5,2370,6082,2.0,0,0,3,7,0,2004,0,98065,47.5288,-121.846,2690,6152
350000.0,4,2.5,2040,22653,2.0,0,0,3,7,0,2011,0,98168,47.4991,-122.299,2020,20502
1300000.0,5,2.5,4170,33310,2.0,0,0,4,11,0,1991,0,98006,47.5455,-122.126,4670,37960
211000.0,4,2.0,1710,8288,1.5,0,0,3,7,0,1970,0,98031,47.3947,-122.174,1710,7200
104950.0,2,1.0,1170,8254,1.0,0,0,2,6,0,1949,0,98146,47.497,-122.346,1820,8922
336000.0,3,2.25,2820,11625,2.0,0,0,3,8,0,1986,0,98092,47.2621,-122.218,2290,8488
713414.0,3,2.5,2830,6000,1.0,0,3,3,9,1100,1954,0,98126,47.5751,-122.378,2040,5300
199950.0,3,1.0,1340,7260,1.5,0,0,3,6,0,1944,0,98178,47.4934,-122.237,1210,7260
629950.0,3,2.5,1680,1683,2.0,0,0,3,9,560,2014,0,98119,47.6424,-122.374,1610,1249
255500.0,3,2.5,1770,5000,2.0,0,0,3,7,0,2009,0,98042,47.3358,-122.051,2230,5200
200000.0,3,1.0,1150,10132,1.0,0,0,4,7,0,1970,0,98023,47.3172,-122.372,1180,8713
597000.0,4,2.5,2340,7877,2.0,0,0,3,9,0,2004,0,98125,47.73,-122.315,1920,9116
335000.0,3,1.75,1510,9720,1.0,0,0,3,7,0,1948,1976,98028,47.7728,-122.258,1520,10037
285000.0,3,1.75,1930,6533,1.0,0,0,3,7,700,1960,0,98055,47.4883,-122.221,2030,5954
303000.0,3,2.5,2056,3564,2.0,0,0,3,7,0,2014,0,98092,47.338,-122.181,2056,3577
395000.0,4,1.75,1960,7945,1.0,0,0,4,7,980,1946,0,98125,47.7326,-122.291,1290,7945
1200690.0,5,3.0,3640,28531,2.0,0,0,3,10,0,1996,0,98006,47.5502,-122.13,3330,17186
253000.0,3,1.0,1400,9750,1.0,0,0,3,7,0,1968,1998,98198,47.3862,-122.304,1640,8050
775900.0,3,2.5,2700,5764,2.0,0,0,3,9,0,2014,0,98075,47.5618,-122.027,3270,14700
229000.0,3,2.5,1190,3000,2.0,0,0,3,7,0,2002,0,98178,47.4933,-122.275,1190,3000
386500.0,3,1.75,1520,7350,1.0,0,0,4,7,380,1972,0,98034,47.7167,-122.17,1380,7350
650000.0,3,2.5,3060,7831,2.0,0,2,3,9,0,2004,0,98065,47.5401,-121.861,3140,7438
215000.0,4,2.5,1700,6675,2.0,0,0,3,7,0,1997,0,98038,47.3638,-122.053,1570,7540
710000.0,5,2.5,2570,9600,1.0,0,2,3,8,950,1956,0,98125,47.7216,-122.282,2680,9900
391500.0,3,2.0,1450,9132,1.0,0,0,3,7,0,1987,0,98034,47.7288,-122.226,1580,9104
482000.0,4,2.5,2710,35868,2.0,0,0,3,9,0,1989,0,98038,47.375,-122.022,2780,36224
475000.0,3,1.75,1340,2805,1.5,0,0,3,7,0,1919,0,98144,47.5922,-122.297,1650,2805
880000.0,4,2.5,3070,8250,1.0,0,0,5,8,970,1958,0,98005,47.5935,-122.172,2270,8800
350000.0,3,1.5,1860,17640,1.0,0,0,4,7,0,1966,0,98059,47.484,-122.111,1860,17820
175003.0,3,1.5,1390,1882,2.0,0,0,3,7,0,2014,0,98108,47.5667,-122.297,1490,2175
160000.0,3,1.5,1010,9600,1.0,0,0,4,7,0,1962,0,98198,47.4097,-122.316,1400,9660
242500.0,3,1.0,940,7380,1.0,0,0,3,6,0,1959,0,98058,47.4516,-122.175,1210,8095
880000.0,4,2.5,2580,3436,2.0,0,0,3,8,0,2013,0,98033,47.6853,-122.21,1780,5772
325000.0,3,2.0,1350,11805,1.0,0,0,3,7,0,1986,0,98019,47.7313,-121.971,1350,14200
600000.0,3,1.0,1040,5000,1.5,0,2,3,7,0,1912,0,98107,47.6754,-122.359,1440,4400
499000.0,4,2.25,2440,5000,2.0,0,0,3,7,0,2007,0,98065,47.5407,-121.89,2440,5212
340000.0,3,1.0,1580,8308,1.5,0,0,3,7,0,1948,0,98146,47.5075,-122.379,1200,8308
650000.0,4,2.75,2640,6240,2.0,0,0,3,9,0,2001,0,98075,47.5788,-122.059,2640,5898
277500.0,4,2.25,1660,7184,1.0,0,0,3,7,550,1963,0,98188,47.4678,-122.294,1640,7200
442573.0,3,1.75,1780,7567,1.0,0,0,3,7,490,1980,0,98034,47.7314,-122.225,1910,8645
430000.0,2,2.0,1440,213008,2.0,0,0,4,7,0,1990,0,98070,47.3604,-122.457,1630,161172
250000.0,1,0.75,940,87120,1.0,0,0,3,6,0,1944,0,98019,47.7182,-121.956,1930,165528
455000.0,3,1.0,1300,3550,1.5,0,0,3,7,0,1927,0,98105,47.6696,-122.32,1410,4080
439950.0,5,1.75,2190,7500,1.0,0,0,3,7,900,1979,0,98133,47.7766,-122.355,1790,8820
660000.0,3,2.5,2290,2798,3.0,0,0,4,9,0,1953,1983,98102,47.641,-122.315,2260,5000
440000.0,3,2.5,1440,5434,2.0,0,0,3,7,0,2003,0,98053,47.6818,-122.034,1560,3770
580000.0,3,2.5,1620,1171,3.0,0,4,3,8,150,2008,0,98103,47.6681,-122.355,1620,1505
329000.0,3,1.0,1600,5952,1.0,0,0,4,7,450,1964,0,98106,47.5292,-122.362,1460,6200
269100.0,3,2.5,2190,7904,2.0,0,0,3,8,0,1995,0,98092,47.2617,-122.21,2190,7669
564450.0,3,2.5,2710,6174,2.0,0,0,3,9,0,1998,0,98056,47.512,-122.174,2730,7266
532500.0,3,1.75,1330,5000,2.0,0,0,4,7,120,1909,0,98116,47.5724,-122.384,1500,4000
1160000.0,5,3.25,4290,7019,2.5,0,0,4,10,700,1927,0,98112,47.6439,-122.302,1920,4000
739000.0,3,2.5,2750,16000,2.0,0,0,4,9,190,1981,0,98033,47.693,-122.187,2370,11279
442500.0,6,2.5,2800,10490,1.0,0,0,3,7,1400,1968,0,98177,47.7735,-122.378,2290,8716
559950.0,3,2.5,2120,4310,2.0,0,0,3,7,0,2001,0,98053,47.687,-122.037,2280,4380
690000.0,4,2.0,2230,5000,1.5,0,0,4,7,720,1922,0,98144,47.5772,-122.292,2140,5000
1865000.0,4,2.5,2950,43560,1.0,0,2,4,9,400,1951,0,98004,47.5988,-122.207,3260,41016
280000.0,2,1.0,870,4025,1.0,0,0,3,7,0,1981,0,98034,47.7243,-122.161,1370,3488
399000.0,2,1.0,940,4800,1.0,0,0,4,6,0,1911,1955,98116,47.5756,-122.414,980,5900
280000.0,3,2.0,1470,8089,1.0,0,0,3,7,0,1987,0,98198,47.3878,-122.316,1530,7721
255000.0,3,2.75,1900,16117,1.0,0,0,4,7,0,1958,0,98001,47.3144,-122.278,1640,19166
499000.0,2,1.0,1450,3090,2.0,0,0,3,7,0,1919,1987,98103,47.6853,-122.356,1450,4635
1468000.0,4,3.25,5010,34460,2.0,0,0,3,12,0,1988,0,98006,47.5469,-122.127,4760,34460
149900.0,2,1.75,1090,1950,1.0,0,0,4,8,0,1982,0,98198,47.3782,-122.319,1360,3426
626000.0,4,2.5,2570,7221,1.0,0,0,4,8,1000,1958,0,98117,47.6921,-122.387,2440,7274
260000.0,3,1.75,1750,11180,1.0,0,0,3,8,0,1968,0,98059,47.4713,-122.117,1730,11180
476000.0,4,2.5,2740,33158,2.0,0,0,3,9,0,1993,0,98042,47.3333,-122.074,2740,36074
665000.0,3,2.75,1800,9550,1.0,0,0,4,7,480,1966,0,98006,47.5679,-122.178,1890,9902
875000.0,4,3.5,2850,4416,1.5,0,0,3,7,810,1926,0,98103,47.6835,-122.342,1860,4416
560200.0,3,2.5,1990,3984,2.0,0,0,3,8,0,2004,0,98075,47.5914,-122.017,2320,3984
278000.0,4,2.5,1850,6037,2.0,0,0,3,7,0,1991,0,98030,47.359,-122.191,1860,6037
665000.0,3,3.5,2460,14155,2.0,0,0,3,8,560,2014,0,98155,47.7743,-122.279,2440,14080
574000.0,4,2.5,2980,10179,2.0,0,2,3,9,0,2003,0,98038,47.3895,-122.033,2980,8828
347000.0,4,2.5,2770,9751,2.0,0,0,3,8,0,1989,0,98042,47.3739,-122.126,2370,6950
625000.0,4,3.0,2190,12825,1.0,0,0,3,9,670,1989,0,98034,47.7107,-122.229,3050,4673
515000.0,4,2.75,2700,5150,2.0,0,0,3,9,0,2009,0,98065,47.5209,-121.874,2700,5747
150000.0,2,1.5,1360,1934,2.0,0,0,4,7,0,1978,0,98092,47.2857,-122.189,1360,1898
579950.0,3,2.5,1810,1585,3.0,0,0,3,7,0,2014,0,98117,47.6957,-122.376,1560,1586
285000.0,3,1.75,1840,8601,1.0,0,0,3,7,920,1905,2014,98118,47.5359,-122.276,1390,7452
233000.0,4,2.0,2130,9579,1.0,0,0,4,7,880,1968,0,98001,47.3069,-122.271,1590,9800
170000.0,3,0.75,1040,42180,1.0,0,0,2,6,0,1947,0,98055,47.4518,-122.199,1270,24090
1488000.0,5,6.0,6880,279968,2.0,0,3,3,12,2810,2007,0,98045,47.4624,-121.779,4690,256803
425000.0,2,1.0,1160,17700,1.0,0,0,3,7,0,1947,0,98133,47.7244,-122.331,1440,9000
681000.0,4,2.5,3860,5130,2.0,0,0,3,8,930,2004,0,98065,47.5387,-121.879,3130,6163
480000.0,4,2.25,2230,11200,1.0,0,0,4,7,930,1977,0,98011,47.7691,-122.167,2090,10563
304700.0,2,1.0,740,5995,1.0,0,0,4,7,0,1949,0,98133,47.7291,-122.337,1140,5995
1100000.0,4,2.75,3590,5625,2.0,0,0,3,10,0,2012,0,98052,47.6959,-122.133,3590,5625
440000.0,4,2.5,2730,4526,2.0,0,0,3,7,0,2009,0,98059,47.491,-122.153,2190,4572
810000.0,3,2.5,2670,10481,2.0,0,0,3,9,0,2003,0,98033,47.6673,-122.176,2620,8895
190000.0,3,1.75,1160,5850,1.0,0,0,4,6,0,1918,0,98146,47.5064,-122.356,1110,8382
851000.0,3,2.5,3560,107290,2.0,0,0,3,10,0,1987,0,98053,47.6652,-122.049,3660,89298
565000.0,3,2.75,3210,15939,2.0,0,1,3,10,0,1998,0,98023,47.3357,-122.351,2870,15939
490000.0,4,2.5,3020,8302,2.0,0,0,4,10,0,1994,0,98042,47.363,-122.127,3020,8406
618000.0,5,1.75,1880,18295,1.0,0,0,4,7,0,1955,0,98005,47.6059,-122.154,2180,20674
442000.0,4,2.5,2520,7253,2.0,0,0,3,9,0,1990,0,98059,47.5148,-122.159,2570,8359
615000.0,3,1.75,1900,5000,1.0,0,0,5,7,950,1951,0,98116,47.5789,-122.393,1770,5000
553000.0,2,1.0,900,5000,1.0,0,0,3,7,0,1944,0,98117,47.6883,-122.395,1280,5000
290000.0,3,2.5,2000,7414,2.0,0,0,4,7,0,1993,0,98038,47.3508,-122.057,2000,7414
440000.0,5,2.0,1430,5600,1.5,0,0,3,6,0,1947,0,98118,47.5192,-122.266,1860,5980
435000.0,3,2.0,2040,6880,2.0,0,0,4,7,0,1954,0,98133,47.7601,-122.351,1710,7597
405000.0,4,2.5,1850,9136,2.0,0,0,3,8,0,1997,0,98059,47.4943,-122.157,1930,7873
302000.0,4,3.0,3320,13500,1.0,0,0,3,7,1570,1963,0,98059,47.4596,-122.065,1830,13800
1200000.0,3,2.0,2480,13310,1.0,0,0,2,7,0,1955,0,98052,47.6759,-122.114,2400,11340
274000.0,2,1.0,820,6200,1.0,0,0,4,6,0,1954,0,98166,47.4163,-122.34,1410,14000
610360.0,4,2.5,2610,5562,2.0,0,0,3,9,0,2013,0,98056,47.5137,-122.169,2720,7400
460000.0,2,2.0,1080,5000,1.0,0,0,5,6,0,1923,0,98117,47.6826,-122.394,1530,5000
605000.0,4,2.25,1750,6120,1.0,0,0,3,7,600,1962,0,98115,47.6958,-122.29,1350,6120
461500.0,5,3.25,2820,3275,2.0,0,0,3,8,590,2006,0,98118,47.5339,-122.284,2610,3275
306000.0,3,1.5,1220,1086,3.0,0,0,3,8,0,2007,0,98133,47.7049,-122.353,1220,1422
229000.0,4,1.0,1320,5000,1.5,0,0,3,7,0,1928,0,98106,47.5457,-122.363,1640,5164
619420.0,4,2.75,2450,14803,2.0,0,0,4,9,0,1988,0,98059,47.5261,-122.162,2330,14803
385000.0,3,1.0,1020,5950,1.0,0,0,3,6,140,1950,0,98106,47.5436,-122.357,1800,5950
251700.0,3,2.25,1810,11800,1.0,0,0,3,7,570,1977,0,98178,47.4997,-122.231,1810,5641
446000.0,2,1.0,2550,21675,1.0,0,1,4,7,940,1958,0,98198,47.4013,-122.319,2030,10591
503000.0,3,1.75,2070,9827,1.0,0,0,4,7,650,1967,0,98027,47.522,-122.05,2150,9827
260000.0,4,3.0,1530,8306,2.0,0,0,3,7,0,2010,0,98042,47.3528,-122.146,1930,6925
875000.0,4,2.5,3230,256132,2.0,0,0,3,9,0,2006,0,98053,47.6544,-121.998,3080,217800
525000.0,4,2.5,2450,5280,2.0,0,0,3,8,0,2003,0,98011,47.7734,-122.224,2300,4674
1387000.0,4,3.5,4010,10880,2.0,0,3,4,11,860,1990,0,98040,47.5359,-122.213,3530,17310
309000.0,3,2.5,1780,7859,2.0,0,0,3,7,0,1988,0,98038,47.3772,-122.045,1670,6618
790000.0,4,3.5,3560,6098,2.0,0,0,3,10,0,2006,0,98075,47.5828,-121.972,3660,6846
374000.0,2,2.25,1100,1695,2.0,0,0,3,9,0,2009,0,98118,47.5663,-122.289,1100,3082
619500.0,3,2.5,2170,5000,2.0,0,0,3,9,0,2003,0,98029,47.5458,-121.996,2170,5000
320000.0,3,1.75,2300,12000,1.0,0,0,3,8,530,1942,0,98133,47.7599,-122.343,2030,6000
345000.0,3,1.5,1030,6969,1.0,0,0,4,6,0,1921,0,98108,47.5492,-122.3,1420,6000
427500.0,3,1.0,1480,4200,1.5,0,0,3,7,0,1925,0,98122,47.6147,-122.298,1460,3600
323000.0,3,1.0,1590,7759,2.0,0,0,4,7,0,1912,1984,98065,47.5217,-121.819,1600,7200
560000.0,3,2.0,1840,14985,1.0,0,0,3,7,0,1968,0,98033,47.6916,-122.158,2300,16067
495000.0,4,2.25,2070,20280,2.0,0,0,4,7,0,1968,0,98072,47.774,-122.134,2190,21560
240000.0,3,1.0,1600,12566,1.0,0,0,4,7,0,1971,0,98045,47.4431,-121.765,1600,10650
260000.0,3,2.25,1489,2800,2.0,0,0,3,7,0,2011,0,98002,47.3452,-122.215,1584,3200
720000.0,3,2.5,3150,151588,2.0,0,0,3,9,0,2007,0,98024,47.572,-121.926,2410,208652
392000.0,4,2.5,2130,4000,2.0,0,0,3,8,0,2014,0,98146,47.5108,-122.362,1830,7217
260000.0,4,1.75,1360,7700,1.0,0,0,4,7,0,1966,0,98058,47.4558,-122.177,1321,7756
410000.0,4,2.5,2510,5258,2.0,0,0,3,7,0,2001,0,98056,47.4818,-122.188,2570,5119
561500.0,3,1.75,1960,6380,1.0,0,0,4,7,980,1939,0,98115,47.6975,-122.316,1480,6380
500000.0,3,2.0,1560,1156,3.0,0,0,3,8,0,2014,0,98122,47.605,-122.304,1560,1728
2238890.0,5,6.5,7270,130017,2.0,0,0,3,12,850,2010,0,98027,47.5371,-121.982,1800,44890
413252.0,3,0.75,1110,3960,1.0,0,0,3,7,0,1951,0,98117,47.6834,-122.366,1610,5530
215000.0,2,2.0,1180,2521,2.0,0,0,3,6,0,2005,0,98038,47.3487,-122.021,1310,3003
84000.0,2,1.0,700,20130,1.0,0,0,3,6,0,1949,0,98168,47.4752,-122.271,1490,18630
525000.0,3,1.5,1350,6000,1.0,0,2,3,7,450,1950,0,98136,47.5275,-122.391,1730,6012
255000.0,3,1.0,1010,11880,1.0,0,0,3,7,0,1960,0,98030,47.3762,-122.219,1150,9435
223000.0,3,1.0,940,7980,1.0,0,0,3,6,0,1961,0,98146,47.5107,-122.345,1050,7980
550000.0,4,2.75,1690,6090,1.5,0,0,3,7,290,1945,0,98115,47.6814,-122.269,1820,6090
831548.0,5,2.75,3010,4919,2.0,0,0,3,9,0,2014,0,98074,47.6067,-122.052,3230,5415
405000.0,2,0.75,1160,15029,1.0,0,0,4,6,290,1937,0,98014,47.6929,-121.87,1870,25346
262000.0,2,1.0,1500,4120,1.5,0,0,3,5,620,1928,0,98055,47.4857,-122.2,1300,4120
317000.0,3,2.0,1790,8228,1.0,0,0,3,7,400,1980,0,98058,47.4658,-122.172,1880,8228
241500.0,3,2.0,1310,7349,1.0,0,0,3,7,440,1995,0,98030,47.3639,-122.186,1690,6580
809950.0,4,3.5,3660,4903,2.0,0,0,3,9,900,2014,0,98034,47.7184,-122.156,3630,4992
549950.0,4,2.5,2230,14694,1.0,0,0,4,7,1050,1981,0,98074,47.6305,-122.034,1470,13458
239900.0,4,1.75,1480,9523,1.0,0,0,3,7,360,1959,0,98030,47.3732,-122.217,1590,8300
294000.0,3,1.0,1320,9520,1.0,0,0,3,7,330,1953,0,98178,47.4857,-122.253,1460,10610
240000.0,0,2.5,1810,5669,2.0,0,0,3,7,0,2003,0,98038,47.3493,-122.053,1810,5685
250000.0,3,2.0,1470,12096,1.0,0,0,4,6,0,1942,0,98030,47.3734,-122.193,1470,10966
535000.0,3,2.5,1690,9626,2.0,0,0,3,8,0,1984,0,98027,47.5647,-122.092,1860,8958
345000.0,3,1.0,1140,4200,2.0,0,0,4,7,0,1904,0,98144,47.6012,-122.296,1510,4000
364988.0,3,2.5,2850,12593,2.0,0,0,3,9,0,1997,0,98023,47.2848,-122.345,2850,9435
685000.0,4,2.5,2770,6000,2.0,0,0,3,8,370,1993,0,98136,47.5536,-122.383,2120,6000
390000.0,3,2.5,1640,6991,1.0,0,0,3,7,530,1967,0,98125,47.7255,-122.327,1860,7342
335000.0,3,1.0,2320,6750,1.0,0,0,3,7,1160,1960,0,98118,47.5327,-122.276,1230,6075
815241.0,5,2.25,2060,4800,2.5,0,0,3,8,0,1907,0,98105,47.66,-122.282,1740,4800
810000.0,3,2.5,2610,8481,2.0,0,0,3,10,0,1993,0,98006,47.5535,-122.115,3140,10008
315000.0,4,2.5,3130,5999,2.0,0,0,3,7,0,2006,0,98042,47.3837,-122.099,3020,5997
285000.0,3,1.75,1990,6500,1.0,0,0,3,7,900,1961,0,98055,47.488,-122.221,2150,6500
599950.0,4,2.5,2290,6318,2.0,0,0,4,8,0,1988,0,98029,47.57,-122.02,2150,7350
289659.0,4,2.25,2260,7200,2.0,0,0,4,7,0,1984,0,98031,47.4121,-122.183,1720,7200
780000.0,3,3.0,2520,2152,1.5,0,0,3,8,960,1925,2006,98119,47.6363,-122.371,1140,2152
435500.0,3,2.25,1450,4789,2.0,0,0,3,7,0,1985,0,98029,47.5665,-122.018,1560,4490
190000.0,3,2.25,1640,7730,1.0,0,0,4,7,420,1989,0,98038,47.3576,-122.039,1560,7566
534000.0,4,1.75,2040,2750,1.5,0,0,4,6,780,1926,0,98105,47.6698,-122.3,1940,3750
367500.0,3,1.0,1660,11783,1.0,0,0,4,7,500,1978,0,98077,47.7563,-122.075,1320,10541
220000.0,5,1.5,1830,94960,1.5,0,0,3,7,0,1929,0,98031,47.4218,-122.218,1440,16365
204700.0,4,2.0,1670,9987,1.0,0,0,3,7,0,1967,0,98001,47.3406,-122.284,1640,7280
450000.0,3,2.0,1010,2820,1.5,0,0,3,7,0,1905,0,98122,47.6066,-122.304,1330,3000
550000.0,3,2.0,1810,4064,1.5,0,0,3,7,0,1925,0,98103,47.6859,-122.339,1518,2945
1180000.0,4,3.0,2570,4000,2.0,0,0,3,8,820,1909,2014,98115,47.6743,-122.313,1970,4000
260000.0,4,2.5,1811,4381,2.0,0,0,3,8,0,2007,0,98055,47.454,-122.19,1811,4150
1150000.0,4,3.5,3760,20609,2.0,0,0,3,11,0,1990,0,98077,47.7255,-122.059,3360,15761
770000.0,3,1.75,1900,6334,1.0,0,2,3,8,450,1948,0,98105,47.6675,-122.276,1530,6334
975000.0,3,2.5,2530,7000,2.5,0,4,3,9,0,1915,1999,98136,47.5465,-122.398,2380,7000
499950.0,3,2.5,3230,129578,1.0,0,0,4,8,1130,1964,0,98014,47.682,-121.913,2760,62059
530000.0,4,2.25,2410,14985,1.0,0,1,4,7,460,1965,0,98166,47.4278,-122.343,2510,15256
365000.0,3,2.25,2290,7350,2.0,0,0,3,8,0,1988,0,98058,47.429,-122.162,2170,7529
299950.0,3,1.0,1580,5250,1.0,0,0,5,7,0,1954,0,98056,47.4964,-122.168,1180,5940
425000.0,3,2.25,1620,997,2.5,0,0,3,8,80,2010,0,98027,47.54,-122.026,1620,1068
676101.0,4,1.5,2270,6010,1.0,0,0,3,8,980,1954,0,98115,47.6743,-122.269,2120,5987
285000.0,2,1.0,790,6555,1.0,0,0,2,6,0,1956,0,98146,47.5015,-122.35,1440,7601
1250000.0,4,2.25,3300,15375,1.5,0,3,3,8,480,1933,1984,98040,47.526,-122.225,3250,15375
247500.0,3,0.75,1300,72309,1.0,0,0,3,6,620,1950,1987,98006,47.567,-122.124,3080,8395
605000.0,3,1.75,1930,5400,2.0,0,2,3,9,0,1978,0,98177,47.77,-122.391,2100,6840
440000.0,3,1.0,1040,4000,1.0,0,0,3,7,0,1950,0,98122,47.6178,-122.292,1170,4000
415000.0,3,2.25,1620,998,2.5,0,0,3,8,80,2010,0,98027,47.5401,-122.027,1620,1299
325000.0,3,1.0,1160,9525,1.0,0,0,4,7,0,1968,0,98077,47.7431,-122.073,1160,10640
235000.0,1,1.0,810,2451,1.0,0,0,5,7,0,1941,0,98126,47.5188,-122.376,980,1198
970000.0,3,2.25,3400,10000,2.0,0,0,3,10,0,1983,0,98115,47.6846,-122.284,1860,5100
509990.0,3,2.0,1440,4859,2.0,0,0,2,6,0,1921,0,98118,47.5503,-122.285,1360,4558
1850000.0,4,3.25,3480,6000,3.0,0,0,3,8,0,2014,0,98109,47.6353,-122.353,2200,4080
175000.0,2,1.0,800,7150,1.0,0,0,3,5,0,1933,0,98030,47.3788,-122.224,1220,8019
988000.0,3,1.75,2190,3800,1.5,0,2,4,8,0,1923,0,98109,47.643,-122.355,2190,3880
340000.0,4,1.0,1230,8316,1.5,0,0,3,7,0,1963,0,98034,47.7269,-122.24,1490,8316
870000.0,5,2.25,2910,9525,2.0,0,0,4,9,0,1968,0,98040,47.5633,-122.218,2740,9525
769995.0,5,2.75,3360,12080,2.0,0,0,3,9,0,2014,0,98011,47.7757,-122.173,3360,9724
250000.0,2,1.0,1400,19570,1.5,0,0,3,6,300,1929,0,98168,47.4724,-122.271,2250,6500
275000.0,3,1.75,1860,15681,1.0,0,0,4,7,0,1971,0,98023,47.3191,-122.339,1860,22979
447000.0,3,1.0,1220,7200,1.0,0,0,4,7,0,1965,0,98008,47.6218,-122.116,1320,7200
311000.0,2,1.75,1180,55321,1.0,0,0,3,8,0,1941,2004,98042,47.3329,-122.091,1480,56192
1550000.0,3,4.0,5120,4600,3.0,0,2,3,11,630,2008,0,98034,47.7052,-122.223,2510,5918
417000.0,3,2.75,1820,52889,2.0,0,0,3,8,0,1991,0,98070,47.501,-122.463,1820,45528
565000.0,4,2.75,3260,4900,2.0,0,0,3,9,0,2013,0,98059,47.4812,-122.123,3260,6132
295000.0,3,1.0,1380,7575,1.0,0,0,4,7,0,1963,0,98056,47.5139,-122.187,1320,7600
775000.0,3,2.0,1160,13747,1.0,0,0,5,5,580,1931,0,98075,47.585,-122.051,2961,16320
473000.0,2,1.75,1510,4555,1.0,0,0,3,8,0,2005,0,98053,47.7136,-122.031,1640,4500
735000.0,3,2.25,1490,1212,2.0,0,0,3,9,450,2011,0,98112,47.6226,-122.313,1490,1337
334000.0,4,1.5,1150,9360,1.5,0,0,3,6,0,1970,0,98034,47.7197,-122.173,1480,8155
559950.0,5,3.0,2730,9519,1.0,0,0,3,8,1060,2014,0,98155,47.7504,-122.307,1150,9519
970000.0,4,2.75,3600,5040,2.0,0,0,3,9,990,2004,0,98199,47.6487,-122.388,1590,5040
540000.0,4,2.5,2290,4450,2.0,0,0,3,9,0,2004,0,98072,47.7385,-122.169,2570,5096
2725000.0,4,4.25,6410,43838,2.5,0,2,4,12,800,1906,0,98144,47.5703,-122.28,2270,6630
465000.0,3,3.25,1510,1850,2.0,0,2,3,8,280,2001,0,98107,47.6683,-122.362,1540,1840
245000.0,3,2.0,1390,8250,1.0,0,0,3,7,0,1987,0,98042,47.3707,-122.094,1390,7875
360000.0,4,2.5,2750,6259,2.0,0,0,3,9,0,2002,0,98092,47.3304,-122.179,2810,6824
545000.0,6,1.75,1820,6250,1.0,0,0,3,7,690,1954,0,98116,47.579,-122.39,1820,5750
535000.0,3,1.75,1380,3561,1.0,0,0,4,7,520,1925,0,98117,47.6822,-122.399,1820,4593
201000.0,3,1.0,1010,25277,1.0,0,0,5,5,0,1961,0,98019,47.7242,-121.951,1570,213879
178500.0,2,1.0,930,3447,1.0,0,0,4,8,0,1978,0,98198,47.3822,-122.318,1160,3447
1333000.0,4,4.5,3130,5126,3.0,0,0,3,10,680,2014,0,98112,47.6239,-122.29,2540,7784
940000.0,4,2.75,3770,24897,2.0,0,2,4,8,1220,1964,0,98075,47.5824,-122.078,2640,11502
681000.0,3,1.75,1880,10032,1.0,0,0,4,8,0,1984,0,98006,47.5527,-122.16,2430,9732
726000.0,5,3.0,2970,10335,2.0,0,0,3,9,0,2000,0,98075,47.598,-122.019,2970,10335
265000.0,4,2.5,1820,16103,2.0,0,0,3,7,0,2004,0,98030,47.3553,-122.196,2120,21277
174000.0,2,1.0,600,4854,1.0,0,0,5,6,0,1922,0,98168,47.4927,-122.28,1470,5000
515000.0,2,1.0,1050,5000,1.0,0,0,5,7,0,1907,0,98107,47.6699,-122.369,1340,5000
260000.0,3,1.75,1580,7344,1.0,0,0,5,7,0,1911,0,98126,47.5256,-122.38,1580,6207
540000.0,3,1.75,2110,7129,1.0,0,0,3,8,830,1982,0,98052,47.7219,-122.102,1810,8674
315000.0,2,1.0,1740,3622,1.0,0,0,4,7,790,1924,0,98118,47.5541,-122.29,1270,3800
415000.0,3,1.0,1630,8146,1.0,0,0,3,7,0,1952,0,98125,47.7293,-122.29,1480,8146
828500.0,4,2.5,3720,35000,2.0,0,0,3,10,0,1983,0,98072,47.7582,-122.13,3720,35000
415000.0,3,1.75,1910,12596,1.0,0,0,3,7,570,1977,0,98072,47.7399,-122.099,1550,13310
568000.0,3,2.5,1740,1308,3.0,0,0,3,8,0,2008,0,98116,47.5892,-122.387,1740,1280
310000.0,3,1.75,1140,8263,1.0,0,0,5,7,0,1950,0,98155,47.7407,-122.327,1140,6770
831000.0,4,3.0,2170,4000,2.0,0,0,4,9,560,1982,2011,98112,47.6196,-122.292,1670,4000
739000.0,4,3.0,2720,3800,2.0,0,0,5,8,920,1919,0,98115,47.6756,-122.306,1940,4001
710000.0,3,3.25,3740,136915,2.5,0,0,3,11,640,1990,0,98166,47.4549,-122.363,2400,16104
547000.0,4,1.0,1720,2800,1.5,0,0,4,7,520,1926,0,98115,47.6743,-122.299,1530,3500
1540000.0,5,3.25,2920,6960,2.0,0,1,3,9,800,1953,2008,98105,47.6712,-122.272,2470,6735
442500.0,4,2.25,1840,7575,1.0,0,0,4,7,450,1973,0,98034,47.7328,-122.198,1820,7500
723000.0,4,2.25,1960,8680,1.0,0,0,4,8,670,1959,0,98004,47.6076,-122.192,2160,8680
1288000.0,3,2.5,3240,12625,2.0,0,0,3,11,0,1987,0,98040,47.5327,-122.232,3470,12331
196900.0,3,1.0,1270,7500,1.0,0,0,3,6,0,1954,0,98198,47.4214,-122.316,1250,8000
199950.0,3,2.75,2270,13590,1.5,0,0,4,6,970,1948,0,98022,47.2099,-122.001,1160,13545
339000.0,3,1.75,1150,13278,1.0,0,0,5,7,0,1966,0,98053,47.6384,-121.969,1560,12400
347000.0,3,1.75,1330,7848,1.0,0,0,3,8,0,1978,0,98058,47.4463,-122.127,2110,8497
800000.0,3,3.5,3830,221284,2.0,0,0,3,10,300,1993,0,98077,47.7641,-122.023,2920,148539
550000.0,4,1.75,2550,39460,1.0,0,0,3,8,660,1982,0,98072,47.7707,-122.123,2560,38638
515500.0,4,2.5,2920,7700,2.0,0,0,3,9,0,2003,0,98019,47.7351,-121.975,2920,8943
540000.0,4,1.75,1630,6120,1.0,0,0,5,7,650,1918,0,98115,47.6821,-122.31,1630,4080
500000.0,4,2.0,2280,7200,1.0,0,0,4,7,0,1956,0,98133,47.7132,-122.355,1100,7620
530000.0,2,2.25,2080,11285,1.0,0,0,4,8,900,1954,0,98042,47.3628,-122.147,2590,13048
400000.0,2,1.75,960,6200,1.0,0,0,4,7,0,1946,0,98136,47.5551,-122.396,1000,6000
357823.0,3,1.5,1240,9196,1.0,0,0,3,8,0,1968,0,98072,47.7562,-122.094,1690,10800
579500.0,3,1.75,1250,4120,1.0,0,0,4,7,270,1925,0,98117,47.685,-122.36,1250,4120
1245000.0,3,3.0,4610,8400,2.0,0,2,3,8,1820,1947,1999,98144,47.5854,-122.292,2160,5000
395000.0,4,2.25,1780,10748,2.0,0,0,4,8,0,1964,0,98072,47.762,-122.11,2070,37680
530000.0,3,1.75,1550,3680,1.0,0,0,3,7,500,1927,0,98117,47.6817,-122.36,1560,4000
355000.0,3,1.75,2040,22693,1.0,0,0,4,8,0,1980,0,98042,47.3519,-122.14,1950,6280
443500.0,3,2.5,2170,5866,2.0,0,0,3,7,0,2006,0,98065,47.5403,-121.889,2440,5798
855000.0,4,2.25,2480,36974,2.0,0,0,4,9,0,1973,0,98005,47.6441,-122.154,3160,35070
650000.0,3,2.5,2870,7288,2.0,0,0,3,9,0,2012,0,98011,47.7745,-122.225,2870,5998
625000.0,4,2.5,2630,48706,2.0,0,0,3,8,0,1986,0,98072,47.775,-122.125,2680,48706
355000.0,0,0.0,2460,8049,2.0,0,0,3,8,0,1990,0,98031,47.4095,-122.168,2520,8050
575000.0,2,1.75,1840,4076,1.0,0,0,3,8,700,1957,0,98117,47.6875,-122.393,1540,4076
334000.0,2,1.0,890,6000,1.0,0,0,3,6,0,1941,0,98118,47.5437,-122.281,1090,5900
1600000.0,3,2.25,3370,23065,1.0,1,4,3,10,1450,1980,0,98028,47.7434,-122.263,3410,19688
610000.0,4,1.0,1390,3708,1.5,0,0,4,7,0,1926,0,98117,47.685,-122.363,1430,3708
310000.0,3,1.0,1050,9876,1.0,0,0,3,7,0,1953,0,98028,47.7635,-122.262,1760,9403
292000.0,4,1.75,2130,11097,1.0,0,0,3,7,760,1952,0,98166,47.4629,-122.356,1850,11097
290000.0,3,2.25,1500,7482,1.0,0,0,4,7,290,1968,0,98055,47.4619,-122.187,1480,7308
309950.0,4,1.75,1450,10074,1.0,0,0,4,7,0,1966,0,98058,47.4546,-122.182,1340,8023
325000.0,4,2.5,2280,9899,2.0,0,0,3,8,0,1987,0,98058,47.461,-122.148,1970,9451
469000.0,3,2.5,1190,1290,3.0,0,0,3,8,0,2008,0,98107,47.6762,-122.378,1410,1923
2147500.0,3,3.5,4660,5500,2.0,0,4,5,10,1620,1909,0,98102,47.6465,-122.319,2980,5500
430000.0,5,3.0,2500,5750,1.0,0,0,3,8,1070,1999,0,98126,47.551,-122.369,1980,7130
542000.0,2,2.0,1930,4500,1.0,0,0,3,8,0,2003,0,98053,47.7104,-122.031,1670,5200
623000.0,4,2.5,2710,49044,2.0,0,0,3,9,0,1988,0,98077,47.774,-122.08,2560,38190
645000.0,2,1.5,1995,115670,1.5,0,1,4,8,0,1991,0,98070,47.4022,-122.464,2142,29375
1388000.0,4,2.5,3450,17400,1.5,0,0,4,9,1270,1964,0,98004,47.5969,-122.206,3770,19530
225000.0,3,2.25,1590,9200,1.0,0,0,4,7,480,1979,0,98092,47.2917,-122.184,1880,9200
529888.0,4,2.5,3140,8455,2.0,0,0,3,8,0,2003,0,98059,47.4866,-122.147,3140,7391
399700.0,4,1.75,1320,4800,1.0,0,0,4,7,450,1930,0,98106,47.5534,-122.365,940,4800
902000.0,4,2.5,3030,8507,2.0,0,0,3,9,0,2003,0,98033,47.6675,-122.176,2570,8830
693000.0,3,2.5,2460,12028,2.0,0,0,3,9,0,1996,0,98052,47.691,-122.095,2540,12229
1175000.0,4,3.5,4150,49503,2.0,0,0,3,11,0,2003,0,98053,47.6746,-122.018,3330,60137
529000.0,2,2.5,1320,1395,2.0,0,0,3,8,330,2014,0,98107,47.6689,-122.362,1550,1519
393000.0,3,2.0,1320,10720,2.0,0,0,3,8,0,1981,0,98074,47.6203,-122.037,1910,13639
147000.0,3,1.5,1480,9606,1.0,0,0,4,7,380,1964,0,98023,47.2978,-122.363,1600,9619
400375.0,4,1.75,1690,7680,1.0,0,0,5,6,800,1946,0,98126,47.5296,-122.375,1060,7680
569995.0,4,2.5,2650,6875,2.0,0,0,3,8,0,2014,0,98059,47.479,-122.124,2650,5831
365000.0,3,2.0,2030,8649,1.0,0,0,3,7,0,1998,0,98056,47.5082,-122.166,1760,7200
570000.0,3,2.0,1640,2808,1.0,0,3,4,7,820,1924,0,98144,47.5945,-122.291,2270,5328
787000.0,3,1.75,1330,7500,1.0,0,0,3,8,0,1961,0,98004,47.6074,-122.195,1690,7800
975000.0,4,2.5,4270,43386,1.0,0,0,3,10,1590,1991,0,98053,47.6915,-122.053,3630,36180
660000.0,3,2.5,2390,15669,2.0,0,0,3,9,0,1991,0,98011,47.7446,-122.193,2640,12500
393500.0,3,1.75,1230,1441,2.0,0,0,3,8,220,2004,0,98116,47.5626,-122.382,1170,1942
1535000.0,4,3.25,2850,4100,2.0,0,3,3,10,1030,1908,2003,98122,47.6147,-122.285,2130,4200
650000.0,3,1.0,1710,5992,1.5,0,0,4,7,150,1928,0,98103,47.6861,-122.354,1240,3001
425000.0,2,1.0,1300,11080,1.0,0,0,4,7,0,1955,0,98034,47.7281,-122.233,1600,9259
1400000.0,3,2.75,3130,19530,1.0,1,4,3,8,1440,1947,1984,98008,47.5895,-122.111,2980,18782
290000.0,5,1.5,2120,7700,1.5,0,0,5,7,0,1962,0,98058,47.4599,-122.172,1730,7700
250000.0,3,2.5,1700,6000,2.0,0,0,3,8,0,1997,0,98092,47.2615,-122.221,1940,6626
1150000.0,3,2.5,3830,48743,2.0,0,0,3,11,0,1991,0,98006,47.5663,-122.125,2950,8299
457500.0,3,1.75,1840,4030,1.0,0,0,5,7,790,1925,0,98108,47.5549,-122.311,1840,5040
815000.0,3,2.0,2270,11989,1.0,0,0,4,9,0,1968,0,98040,47.5434,-122.229,2880,12439
484000.0,4,1.75,2440,16730,1.0,0,0,3,7,1050,1976,0,98072,47.7406,-122.11,1390,11600
444950.0,3,1.0,1760,6927,1.0,0,0,3,7,710,1962,0,98011,47.7623,-122.2,2060,9120
850000.0,3,2.0,2470,8800,2.0,0,0,3,9,0,1961,2004,98040,47.5753,-122.222,2340,10980
525000.0,3,2.5,2340,35021,1.0,0,0,3,9,0,1986,0,98038,47.3988,-122.028,2630,35190
710000.0,3,2.0,1880,3000,1.0,0,0,4,8,840,1931,0,98109,47.6418,-122.351,1790,3000
465000.0,4,2.25,2070,7500,2.0,0,0,4,7,0,1977,0,98034,47.727,-122.217,2080,7700
275500.0,4,1.0,1290,5000,1.5,0,0,3,7,0,1957,0,98146,47.5128,-122.358,1440,2500
381000.0,3,2.0,1770,14400,1.0,0,0,4,8,0,1959,0,98166,47.415,-122.337,1900,14400
405000.0,3,2.5,2160,10200,1.0,0,0,3,7,800,1978,0,98133,47.7295,-122.331,2010,7850
421000.0,3,2.5,2890,21780,2.0,0,0,3,8,0,2000,0,98188,47.4326,-122.286,2120,8117
531000.0,5,2.75,2540,5022,1.0,0,0,4,8,1000,1955,0,98108,47.5593,-122.3,2510,5182
350000.0,4,3.0,3380,16133,1.0,0,1,3,8,1050,1959,0,98118,47.5501,-122.261,2500,11100
189000.0,3,1.0,860,5200,1.0,0,0,5,6,0,1969,0,98042,47.3677,-122.078,1010,5200
1211000.0,4,2.5,3430,35120,2.0,0,0,3,10,0,1984,0,98033,47.6484,-122.182,3920,35230
607000.0,5,1.75,1910,5428,1.0,0,0,3,8,520,1954,0,98136,47.5333,-122.392,1820,5900
439950.0,4,2.5,2380,12067,2.0,0,0,3,7,0,2002,0,98059,47.4873,-122.144,2330,8621
90000.0,1,1.0,560,4120,1.0,0,0,3,4,0,1947,0,98106,47.5335,-122.348,980,4120
1187500.0,3,2.25,2860,10625,1.0,0,4,3,10,940,1976,0,98115,47.6915,-122.273,2860,8075
900000.0,5,3.75,4130,226076,2.0,0,0,3,9,960,1985,0,98077,47.715,-122.065,4130,55321
735000.0,3,2.25,2350,6000,1.0,0,0,5,7,1330,1948,0,98115,47.6809,-122.305,1570,5000
267000.0,3,2.0,1300,9644,1.0,0,0,3,7,0,1994,0,98010,47.3131,-121.998,1430,9656
201500.0,3,1.0,1160,8320,1.0,0,0,4,7,0,1959,0,98032,47.3831,-122.288,1480,7800
775950.0,4,2.5,2970,4400,2.0,0,0,3,8,0,2014,0,98052,47.705,-122.114,3010,4892
475000.0,3,1.5,1790,229125,2.0,0,3,3,7,0,1987,0,98022,47.2309,-122.009,1970,216928
380000.0,5,2.5,2760,11340,2.0,0,0,4,9,0,1978,0,98059,47.4769,-122.141,2470,11340
295000.0,3,1.75,1770,8235,1.0,0,0,3,7,740,1960,0,98148,47.4323,-122.328,1560,8918
352750.0,4,2.75,2270,24237,1.0,0,0,4,7,910,1977,0,98058,47.4672,-122.175,2050,8016
585000.0,3,2.5,2270,100545,2.0,0,0,3,8,0,1998,0,98070,47.4815,-122.47,1277,100545
355000.0,3,1.0,1200,16000,1.0,0,0,3,7,0,1970,0,98072,47.7452,-122.101,1960,15500
290750.0,3,2.5,1270,865,2.0,0,0,3,7,190,2008,0,98118,47.5351,-122.279,1630,7752
610000.0,4,3.25,5450,37058,1.5,0,0,5,9,0,1984,0,98042,47.351,-122.087,2800,35716
393000.0,3,2.25,2140,10256,2.0,0,0,3,8,0,1987,0,98038,47.3751,-122.044,2040,11717
345000.0,1,1.0,540,10125,1.0,0,0,3,5,0,1961,0,98177,47.7739,-122.358,1840,10125
360000.0,4,2.0,2680,18768,1.0,0,0,5,8,0,1965,0,98001,47.3182,-122.279,1230,15750
335000.0,2,1.5,1170,5248,1.0,0,0,5,6,0,1941,0,98126,47.5318,-122.374,1170,5120
263500.0,2,1.0,750,4515,1.0,0,0,3,6,0,1942,0,98106,47.5198,-122.351,1020,5000
230000.0,3,2.0,1710,5200,1.0,0,0,5,7,680,1977,0,98042,47.3651,-122.094,1390,5200
205000.0,3,2.25,1250,952,3.0,0,0,3,8,0,2008,0,98133,47.7098,-122.333,1250,1030
415000.0,3,2.25,2180,11100,1.0,0,0,5,8,480,1979,0,98056,47.5162,-122.176,2350,11397
265000.0,3,1.75,1420,8250,1.0,0,0,3,7,0,1954,0,98133,47.7535,-122.354,1740,8000
675000.0,4,1.75,2460,5750,1.5,0,3,5,7,840,1919,0,98126,47.5601,-122.378,1760,4830
313200.0,3,2.5,1950,4197,2.0,0,0,3,7,0,2013,0,98042,47.3613,-122.081,2300,4178
335000.0,3,1.5,1560,9600,1.0,0,0,4,7,0,1961,0,98033,47.6918,-122.163,1520,10000
261590.0,2,1.0,760,6407,1.0,0,0,3,6,0,1943,0,98178,47.4977,-122.259,1050,8580
255000.0,3,1.0,1430,12420,1.0,0,0,3,7,0,1964,0,98056,47.5116,-122.191,1900,10350
480000.0,6,3.75,2940,5054,2.0,0,0,3,7,0,1942,2003,98146,47.5122,-122.385,1530,5320
536000.0,2,1.5,1130,746,2.0,0,0,3,8,100,2009,0,98107,47.6684,-122.363,1520,1519
355000.0,4,1.5,2020,6000,1.0,0,0,4,7,1010,1953,0,98178,47.5019,-122.235,1710,6000
1000000.0,3,1.0,1880,5450,1.5,0,0,4,8,0,1924,0,98112,47.6453,-122.302,2580,5450
385000.0,3,3.25,1630,1677,3.0,0,0,3,8,0,2007,0,98133,47.7048,-122.353,1220,1677
440000.0,3,2.25,1880,7989,1.0,0,0,3,7,600,1982,0,98125,47.7077,-122.299,1820,7414
405600.0,5,1.5,2830,4000,2.5,0,0,4,8,0,1918,0,98118,47.5132,-122.262,1480,4000
565000.0,5,3.25,2860,20790,1.0,0,0,4,7,1060,1965,0,98155,47.7757,-122.295,1920,9612
315000.0,3,1.75,1890,10661,1.0,0,0,5,7,430,1978,0,98038,47.3583,-122.056,1680,9604
365000.0,2,1.0,770,5680,1.0,0,0,4,6,0,1929,0,98117,47.6951,-122.366,1170,5514
1086000.0,3,3.0,2830,6041,2.0,0,3,3,8,990,1915,0,98118,47.5694,-122.283,3420,6360
667500.0,3,2.0,2040,4841,1.0,0,0,4,7,1020,1949,0,98115,47.6778,-122.302,1600,4841
355000.0,3,1.0,1650,10075,1.0,0,0,3,7,480,1955,0,98177,47.7695,-122.359,1690,8125
290000.0,3,2.5,2020,4861,2.0,0,0,3,7,0,2005,0,98058,47.4659,-122.144,2170,4600
400000.0,3,1.75,1390,4602,1.0,0,0,3,7,460,1981,0,98117,47.6944,-122.366,1230,4800
279950.0,3,2.0,1750,9750,1.0,0,0,3,7,400,1961,0,98198,47.398,-122.299,1900,10125
392500.0,3,1.75,1540,8925,1.0,0,0,4,7,0,1957,0,98133,47.7762,-122.337,1620,10397
786000.0,4,3.5,3320,8808,2.0,0,0,3,9,0,2005,0,98075,47.592,-121.989,3160,9226
385000.0,4,2.0,1820,7102,1.0,0,0,3,7,600,1950,0,98155,47.7447,-122.324,1650,8184
426950.0,4,2.75,2350,5589,2.0,0,0,3,7,0,2001,0,98059,47.5098,-122.155,2014,6365
420000.0,3,2.75,2300,8000,1.0,0,0,3,7,870,1965,0,98003,47.3293,-122.306,2070,10200
365000.0,3,2.25,2860,8458,2.0,0,0,3,7,0,1983,0,98058,47.4269,-122.148,1760,8458
190000.0,3,1.75,1350,7370,1.0,0,0,4,6,0,1912,0,98118,47.5336,-122.278,1440,6000
514000.0,3,1.75,1620,5000,1.0,0,0,3,7,700,1954,0,98117,47.681,-122.372,1610,5000
679000.0,4,2.5,3080,8451,1.0,0,0,3,7,1540,1969,0,98052,47.674,-122.154,1550,8125
390000.0,3,2.25,1600,10240,1.0,0,0,3,7,510,1979,0,98034,47.7281,-122.232,1520,9394
547000.0,5,2.5,2200,4080,1.5,0,0,5,7,780,1916,0,98103,47.6872,-122.35,1300,4080
767450.0,3,2.0,1630,7599,1.0,0,0,3,10,0,2006,0,98117,47.6981,-122.376,2030,7599
685650.0,3,1.75,1490,16200,1.0,0,0,5,8,0,1958,0,98005,47.5919,-122.175,2070,16200
1760000.0,4,5.0,6055,21630,1.0,0,3,4,12,2500,1996,0,98006,47.5524,-122.112,4890,19223
373000.0,3,1.0,1290,8974,1.0,0,0,5,7,0,1976,0,98072,47.74,-122.173,1540,7500
358000.0,2,1.5,960,1808,2.0,0,0,3,7,0,1993,0,98122,47.6183,-122.298,1290,1668
226000.0,3,1.0,970,5000,1.0,0,0,3,6,0,1968,0,98118,47.5282,-122.279,1290,5875
375000.0,3,2.0,1450,7300,1.5,0,0,5,7,0,1955,0,98133,47.7517,-122.342,1660,9069
550000.0,3,2.0,1420,1369,2.5,0,0,3,9,80,2007,0,98109,47.6472,-122.357,1540,2168
674950.0,4,3.5,2650,3127,2.0,0,0,3,8,420,2011,0,98027,47.5381,-122.046,2330,3137
345000.0,4,2.5,2280,5000,2.0,0,0,3,7,0,2006,0,98038,47.3593,-122.037,2910,5000
274500.0,3,2.25,1720,9000,1.0,0,0,4,8,400,1969,0,98023,47.3191,-122.383,1930,8000
350000.0,3,1.75,1380,4590,1.0,0,0,2,7,450,1950,0,98115,47.6841,-122.293,1320,4692
2998000.0,5,4.0,6670,16481,2.0,0,0,3,12,1710,2007,0,98004,47.6409,-122.221,4800,16607
1057000.0,4,2.75,4510,5000,2.5,0,2,3,8,1240,1941,2000,98117,47.6852,-122.4,2010,5000
1600000.0,5,3.75,3570,10125,2.0,0,0,3,10,0,2014,0,98040,47.5639,-122.223,1760,10125
537000.0,3,3.0,2410,7479,2.0,0,2,3,7,0,1942,1988,98155,47.7394,-122.288,2610,7479
394000.0,3,1.0,1450,7930,1.0,0,0,4,6,300,1923,0,98126,47.5212,-122.371,1040,7740
1087500.0,2,2.0,2360,11340,1.5,0,0,3,9,0,1997,0,98040,47.5835,-122.227,3030,11340
308130.0,4,2.5,2300,7500,1.0,0,3,2,7,650,1959,0,98198,47.4125,-122.33,2300,7500
335000.0,4,2.25,2280,7500,1.0,0,0,4,7,1140,1963,0,98198,47.4182,-122.332,1660,8000
990400.0,3,2.5,2100,4097,2.0,0,0,3,9,0,2008,0,98004,47.5983,-122.2,1820,4764
830000.0,5,3.0,2920,2808,2.0,0,0,3,8,780,1960,1992,98103,47.654,-122.342,1620,1544
345000.0,5,2.5,2450,6994,2.0,0,0,3,8,0,2002,0,98030,47.3572,-122.192,1940,6035
315000.0,2,1.0,1080,2674,1.0,0,0,4,6,360,1919,0,98108,47.5595,-122.317,1250,5000
1851000.0,4,2.5,4120,14866,1.0,1,4,3,8,2050,1965,0,98006,47.5571,-122.193,3620,19729
866059.0,5,3.5,3130,4797,2.0,0,0,3,9,560,2014,0,98006,47.5664,-122.129,3440,5439
270000.0,3,2.0,1300,1920,2.0,0,0,3,8,450,2006,0,98126,47.5183,-122.376,1300,1344
315000.0,3,1.75,2380,10450,1.5,0,0,3,8,0,1966,0,98023,47.3143,-122.37,2320,8500
230000.0,3,1.0,1140,9639,1.0,0,0,4,7,0,1967,0,98001,47.3112,-122.265,1140,9639
429000.0,5,2.5,2720,8120,1.0,0,0,3,7,1360,1970,0,98108,47.557,-122.308,2020,8120
612000.0,3,3.0,1740,3700,1.0,0,0,3,7,0,1982,0,98122,47.6102,-122.309,1830,2480
489950.0,4,2.25,2640,31941,1.0,0,0,4,9,0,1986,0,98092,47.3099,-122.116,2780,35365
619500.0,3,2.5,1700,4105,2.0,0,0,3,8,0,1992,0,98122,47.6078,-122.292,1880,3665
385000.0,3,1.0,810,4600,1.0,0,0,3,6,0,1918,0,98144,47.5712,-122.316,1520,4800
419995.0,3,2.25,1830,7500,1.0,0,0,4,7,500,1968,0,98155,47.7574,-122.31,1830,8720
437000.0,2,1.75,1440,4225,1.0,0,0,3,8,0,2005,0,98053,47.7143,-122.032,1680,6200
335000.0,4,1.5,3160,19745,1.5,0,0,4,6,1320,1968,0,98010,47.3103,-122.006,1540,8611
323500.0,3,3.0,2240,11536,2.0,0,0,3,7,0,1943,2005,98178,47.4886,-122.245,1650,8760
540000.0,3,2.25,1320,1800,2.0,0,0,3,7,0,1994,0,98122,47.6081,-122.289,2010,4500
398000.0,3,1.75,1830,27468,1.0,0,0,3,7,0,1954,0,98028,47.7754,-122.233,1860,10180
695000.0,4,2.5,3010,11393,2.0,0,0,3,8,0,2005,0,98028,47.7389,-122.221,2810,11282
345000.0,5,1.75,2840,12870,2.0,0,2,4,7,0,1925,0,98178,47.4961,-122.235,2170,9612
385000.0,3,1.5,1360,2030,3.0,0,0,3,8,0,2008,0,98103,47.6961,-122.349,1360,1167
329350.0,2,1.0,720,6687,1.0,0,0,3,6,0,1942,0,98117,47.7001,-122.362,840,6687
636000.0,2,1.75,1230,3600,1.5,0,0,5,7,0,1925,0,98119,47.6423,-122.361,1210,4500
1355000.0,3,1.5,2680,4775,2.0,0,2,5,8,800,1913,0,98109,47.6333,-122.347,2280,5947
1425000.0,2,2.5,2220,4000,2.0,0,0,3,9,0,2000,0,98112,47.6364,-122.28,1870,4000
349000.0,3,1.75,1690,5080,1.0,0,0,3,7,500,1976,0,98106,47.5312,-122.348,1300,5080
840000.0,3,2.5,3050,33920,1.0,0,0,3,8,0,2004,0,98052,47.7034,-122.072,1970,60984
348000.0,3,2.5,2370,7500,1.0,0,3,3,8,750,1979,0,98198,47.4091,-122.331,1960,8062
480000.0,4,2.25,1770,7000,1.0,0,0,5,7,0,1972,0,98034,47.7193,-122.218,1780,6500
1160000.0,5,1.75,2870,9680,1.0,0,4,5,9,1430,1966,0,98008,47.6122,-122.111,2940,9729
725000.0,4,2.5,2740,12899,2.0,0,0,4,10,0,1990,0,98075,47.5811,-122.028,2830,9453
290000.0,3,2.0,1260,7346,1.0,0,0,3,7,0,1987,0,98031,47.4034,-122.176,1460,7363
995000.0,4,3.25,3530,20012,2.0,0,0,3,11,0,1986,0,98052,47.7193,-122.127,3850,20707
472000.0,4,3.25,4350,7090,2.0,0,0,3,8,1480,1999,0,98042,47.3747,-122.156,2490,7266
765000.0,5,1.75,2440,15143,1.5,0,4,4,8,700,1944,0,98146,47.4948,-122.37,2390,10907
340000.0,3,1.75,1270,8422,1.0,0,0,3,7,0,1967,0,98011,47.7601,-122.197,1470,8500
653000.0,3,2.25,2800,17300,1.0,0,0,4,8,1380,1971,0,98006,47.5716,-122.128,2140,12650
632500.0,4,2.0,1770,5000,2.0,0,0,4,7,0,1906,0,98107,47.6748,-122.386,1550,5000
330000.0,3,1.75,1510,15744,1.0,0,0,3,7,0,1985,0,98045,47.476,-121.755,1470,15744
550000.0,4,2.5,2420,8056,1.0,0,0,3,8,740,1988,0,98029,47.5748,-122.013,2160,6807
435000.0,2,1.0,1120,88327,1.5,0,0,4,6,0,1972,0,98010,47.3205,-121.867,1640,136662
343888.0,4,2.5,2060,5607,2.0,0,0,3,7,0,2002,0,98058,47.4365,-122.144,2060,5367
314500.0,3,1.75,1870,12381,1.0,0,0,4,8,0,1957,0,98003,47.3358,-122.32,1950,12667
1185000.0,3,2.75,2500,5568,2.0,0,0,5,9,0,1905,0,98112,47.6258,-122.312,2810,5568
750000.0,7,2.75,3410,4056,1.5,0,0,4,8,1280,1906,0,98102,47.6454,-122.316,2510,4056
790000.0,4,1.75,1820,6137,1.5,0,3,4,7,130,1911,0,98107,47.6681,-122.36,2130,5100
353000.0,4,2.5,2210,13721,2.0,0,0,3,8,0,2009,0,98042,47.3122,-122.039,1850,12951
546000.0,2,1.0,1657,5031,2.0,0,0,3,7,0,1910,0,98116,47.5699,-122.389,2050,6201
640000.0,6,2.0,2840,228690,1.5,0,0,3,6,120,1948,0,98019,47.7158,-121.966,2330,228690
565000.0,3,2.5,4040,8653,2.0,0,0,3,9,1140,2006,0,98019,47.7378,-121.975,3360,8653
265000.0,5,2.25,2600,8075,1.5,0,0,4,8,0,1969,0,98092,47.2961,-122.188,2200,8800
650000.0,4,2.25,2440,9320,1.0,0,0,4,7,560,1957,0,98007,47.5933,-122.135,1530,9335
765000.0,4,2.5,2980,5000,2.0,0,0,3,10,0,2006,0,98027,47.5431,-121.997,3140,5500
475000.0,3,1.0,1250,150117,1.0,0,0,3,7,0,1975,0,98075,47.5956,-122.009,3060,50055
202000.0,3,1.5,1420,9081,1.0,0,0,4,6,0,1990,0,98022,47.1948,-121.999,1090,8410
460000.0,2,1.0,1030,5934,1.0,0,0,4,7,0,1928,0,98115,47.6828,-122.287,1420,5588
658500.0,4,2.25,1900,5000,1.0,0,0,3,7,500,1963,0,98199,47.6456,-122.387,1710,4994
219000.0,2,2.0,1310,2550,2.0,0,0,3,6,0,2004,0,98038,47.3496,-122.022,1310,2550
785000.0,4,3.0,3370,100681,1.0,0,0,5,8,1450,1977,0,98058,47.4319,-122.148,2440,43705
530000.0,3,2.75,3400,7200,2.0,0,2,3,9,930,2009,0,98056,47.4878,-122.191,1580,8676
230000.0,3,2.25,1500,7210,1.0,0,0,3,7,350,1984,0,98023,47.3124,-122.352,1500,7210
1168000.0,5,2.75,2910,15118,1.0,0,0,5,9,1130,1972,0,98006,47.5696,-122.183,2880,15253
440000.0,3,1.75,1430,8400,1.0,0,0,4,7,0,1961,0,98008,47.6073,-122.127,1570,7800
371000.0,3,2.5,2150,8361,2.0,0,0,3,8,0,1991,0,98058,47.4627,-122.129,2150,9368
1150000.0,4,3.75,5300,37034,2.0,0,0,3,11,0,1989,0,98077,47.7283,-122.076,3730,37034
336750.0,2,2.25,1170,1011,2.0,0,0,3,7,0,2009,0,98027,47.5321,-122.073,1240,750
1050000.0,4,3.75,3280,11000,2.0,0,0,3,10,960,2008,0,98033,47.6855,-122.201,2400,8351
290000.0,3,2.0,1810,11456,1.0,0,0,3,7,0,1970,0,98045,47.4648,-121.756,1360,12931
225500.0,2,1.75,1590,11276,1.0,0,0,4,7,0,1972,0,98002,47.3177,-122.21,1750,10687
120750.0,3,1.75,1140,9628,1.0,0,0,4,7,0,1969,0,98023,47.2933,-122.372,1510,9633
345000.0,3,1.5,1360,13496,1.0,0,0,4,8,0,1960,0,98198,47.4032,-122.314,1900,10538
550000.0,3,1.75,1440,8957,1.0,0,0,4,7,0,1957,0,98008,47.6008,-122.118,1340,8780
526000.0,4,2.25,2970,54450,2.0,0,0,3,8,0,1983,1998,98058,47.4338,-122.146,2260,6465
520000.0,3,2.25,1210,1250,3.0,0,0,3,8,0,2014,0,98107,47.6722,-122.384,1780,5000
600000.0,6,3.0,2600,9350,1.0,0,0,4,8,1260,1963,0,98008,47.6198,-122.105,2090,9102
925000.0,4,2.75,3730,8014,2.0,0,0,3,10,0,2012,0,98074,47.6036,-122.059,3670,8279
258000.0,3,1.75,1620,7540,1.0,0,0,3,7,310,1988,0,98038,47.3635,-122.052,1580,7540
633100.0,4,2.5,2470,33305,2.0,0,0,3,9,0,1993,0,98053,47.6303,-121.99,2440,33305
279950.0,3,1.75,1530,8800,1.0,0,0,4,7,490,1967,0,98058,47.4483,-122.158,1530,8690
557865.0,4,2.5,3030,6813,2.0,0,0,3,9,0,1987,0,98074,47.6296,-122.029,2310,8682
835000.0,3,2.5,2960,6856,2.0,0,0,3,10,0,2009,0,98074,47.5906,-122.057,3320,6856
502000.0,3,2.5,1870,9135,1.0,0,0,3,7,620,1984,0,98074,47.6269,-122.06,1550,9100
585000.0,3,3.25,3050,12700,2.0,0,0,3,8,810,1990,0,98011,47.7445,-122.214,3050,12386
700000.0,3,2.5,2350,4975,2.0,0,0,3,8,0,2012,0,98029,47.5418,-122.01,2350,3951
330000.0,4,2.5,2380,13550,2.0,0,0,3,7,0,1999,0,98188,47.4486,-122.288,1230,9450
395000.0,2,1.0,930,6380,1.0,0,0,4,7,0,1940,0,98115,47.6915,-122.321,1180,6380
304000.0,3,1.0,900,7500,1.0,0,0,4,7,0,1972,0,98034,47.7314,-122.237,1960,7500
482000.0,2,1.0,950,3960,1.0,0,0,3,7,0,1941,0,98103,47.6885,-122.337,1320,4050
509000.0,2,2.0,1560,4675,1.0,0,0,3,8,0,2006,0,98053,47.7086,-122.019,1870,6361
615000.0,4,1.5,2650,34000,2.0,0,0,4,7,0,1930,0,98028,47.7516,-122.237,1960,34000
215000.0,4,2.5,1960,11600,1.0,0,0,5,6,980,1931,0,98002,47.2898,-122.222,1160,7685
288000.0,4,2.25,1610,3560,2.0,0,0,3,7,0,2010,0,98038,47.3669,-122.02,1760,3692
518000.0,4,2.5,2160,9750,2.0,0,0,3,8,0,1983,0,98028,47.7438,-122.246,2840,10535
530000.0,3,1.5,1240,4080,1.5,0,0,3,8,0,1914,0,98144,47.5745,-122.291,1420,4080
840000.0,5,3.0,2750,3800,1.5,0,0,5,7,1000,1926,0,98115,47.6845,-122.313,1900,3800
1200000.0,4,2.5,4280,12796,2.0,0,0,3,11,880,1999,0,98006,47.5588,-122.124,3520,9593
550000.0,4,2.5,2170,9600,1.0,0,0,3,7,710,1980,0,98052,47.6789,-122.116,1940,8400
530000.0,4,2.5,2320,5493,2.0,0,0,3,8,0,2004,0,98028,47.7727,-122.229,2450,5471
390000.0,5,1.75,2290,7900,1.0,0,0,4,7,1100,1965,0,98133,47.7577,-122.358,1870,8250
1765000.0,4,3.25,3980,10249,2.0,0,0,3,10,0,2011,0,98004,47.5873,-122.196,2450,10912
448000.0,5,3.5,3740,24684,2.0,0,0,3,9,980,1998,0,98038,47.3832,-122.057,2880,26023
970000.0,4,2.75,4430,74358,2.0,0,0,3,10,0,1990,0,98053,47.6392,-121.988,3820,80875
100000.0,4,1.0,1120,2685,1.0,0,0,3,5,260,1939,0,98055,47.4904,-122.203,1120,4838
337900.0,3,3.5,1500,1471,3.0,0,0,3,7,0,1999,0,98177,47.7034,-122.362,1500,1445
425000.0,4,2.0,1520,7983,1.0,0,0,5,7,0,1967,0,98034,47.7357,-122.193,1520,7783
215000.0,3,1.0,1160,10384,1.0,0,0,4,6,0,1969,0,98038,47.3634,-122.027,1200,9880
439500.0,3,2.5,1600,6510,1.0,0,0,3,7,660,1983,0,98155,47.7679,-122.308,1600,10507
369950.0,3,1.0,1110,7603,1.0,0,0,3,7,0,1967,0,98034,47.7262,-122.224,1260,8094
310000.0,3,1.0,1520,6500,1.0,0,0,3,7,530,1958,0,98198,47.4164,-122.332,1500,7500
490000.0,2,1.0,990,5000,1.0,0,0,3,7,0,1941,0,98116,47.5666,-122.403,2250,6032
344000.0,5,2.0,2130,8412,1.0,0,0,3,7,690,1946,2000,98155,47.7403,-122.318,2310,7474
450000.0,3,1.5,1390,10530,1.0,0,0,3,7,0,1961,0,98033,47.7025,-122.196,1750,10530
2538000.0,4,3.5,4350,6000,2.0,0,0,5,10,1380,1908,0,98112,47.6277,-122.286,4190,7200
384950.0,4,2.5,2380,4913,2.0,0,0,3,8,0,2006,0,98038,47.3607,-122.038,2580,5311
605000.0,3,1.75,2100,5058,1.0,0,2,3,7,760,1941,0,98126,47.5743,-122.378,1640,5000
375000.0,4,1.75,2190,9225,1.0,0,0,4,7,940,1959,0,98028,47.7396,-122.256,2190,9225
716000.0,3,2.5,2270,7866,1.0,0,0,4,10,0,1988,0,98029,47.5622,-122.022,2580,8132
300000.0,2,1.0,1340,7788,1.0,0,2,3,7,0,1947,0,98178,47.5094,-122.244,2550,7788
460000.0,4,2.5,2080,17532,2.0,0,0,3,9,0,1996,0,98059,47.4835,-122.136,2550,12560
614950.0,3,1.0,1500,2400,1.5,0,0,5,7,0,1900,0,98119,47.6333,-122.362,1780,3600
426000.0,3,1.5,1380,7200,1.0,0,0,3,7,300,1948,0,98106,47.5292,-122.348,1220,7200
220000.0,3,1.75,1230,7200,1.0,0,0,3,7,0,1986,0,98023,47.2881,-122.363,1540,7210
690000.0,2,2.5,1990,1756,3.0,0,0,3,9,210,2005,0,98102,47.6264,-122.323,1955,1438
435000.0,5,2.0,1840,9240,1.0,0,0,4,7,300,1942,1958,98133,47.7308,-122.34,1200,5250
452000.0,3,2.25,2600,14810,1.0,0,2,4,8,1110,1956,0,98166,47.4326,-122.341,2450,16715
567000.0,5,2.25,2100,6936,1.0,0,0,3,8,500,1974,0,98033,47.6737,-122.169,2100,8661
335000.0,4,2.25,2030,13500,1.0,0,0,3,7,800,1963,0,98059,47.4596,-122.066,1830,13800
271000.0,4,1.5,1800,9576,1.0,0,0,4,7,0,1977,0,98045,47.4664,-121.747,1370,9576
590000.0,3,1.0,1530,2370,2.0,0,0,3,8,0,1901,0,98122,47.6108,-122.303,1310,2370
638500.0,4,1.75,1770,12462,1.0,0,2,4,8,0,1962,0,98166,47.4355,-122.338,2310,14810
530000.0,3,2.5,2160,9063,2.0,0,0,3,8,0,1992,0,98133,47.7296,-122.333,2160,9063
370000.0,3,1.0,1440,8287,1.5,0,0,4,7,0,1928,0,98155,47.7438,-122.315,1330,8285
550000.0,3,2.5,2140,10136,1.0,0,0,3,8,820,1958,0,98006,47.5602,-122.184,1980,11200
480000.0,3,2.0,1460,7860,1.0,0,0,5,7,0,1967,0,98008,47.6233,-122.108,1850,8148
375500.0,4,2.5,2301,6452,2.0,0,0,3,9,0,2010,0,98001,47.346,-122.269,2650,6054
530000.0,3,2.25,1880,100623,1.5,0,0,3,8,0,1987,2007,98024,47.5342,-121.883,2520,21689
233000.0,2,2.25,850,1656,2.0,0,0,3,8,0,2001,0,98133,47.7064,-122.344,850,1312
915000.0,4,4.5,5250,48352,2.0,0,0,3,10,0,1998,0,98059,47.4858,-122.111,2500,48352
325000.0,2,1.0,1080,5000,1.0,0,0,3,7,0,1954,0,98106,47.5682,-122.359,1010,5000
672500.0,3,2.25,2400,5300,1.5,0,0,4,7,1150,1939,0,98117,47.6876,-122.384,1540,4800
495000.0,5,1.0,1810,11205,1.5,0,2,3,7,0,1915,0,98178,47.5099,-122.262,1860,7965
463828.0,5,1.75,3250,13702,1.0,0,2,3,8,1600,1965,0,98055,47.4883,-122.225,2620,11328
1000000.0,6,2.75,3600,9675,1.0,0,2,4,9,1660,1977,0,98040,47.5726,-122.213,2990,9675
559000.0,2,1.0,1240,6400,1.0,0,1,4,7,180,1938,0,98126,47.5493,-122.377,1240,6400
209977.0,3,1.0,1170,6134,1.0,0,0,4,7,0,1948,0,98168,47.4941,-122.312,1440,9823
303000.0,4,2.5,2100,6783,2.0,0,0,3,8,0,2003,0,98042,47.3504,-122.141,2100,6192
491950.0,3,2.25,2090,10733,1.0,0,0,3,7,650,1958,0,98115,47.6971,-122.281,1740,8100
1886700.0,5,3.5,4180,17935,2.0,0,0,3,11,0,2004,0,98004,47.5873,-122.202,2950,13760
457500.0,3,2.5,1500,4445,2.0,0,0,3,8,0,1996,0,98029,47.5682,-122.005,1730,4408
435000.0,3,2.25,1890,7200,1.0,0,0,4,7,660,1973,0,98125,47.7156,-122.317,1970,8101
295000.0,3,1.5,720,7450,1.0,0,1,1,5,0,1924,0,98126,47.584,-122.375,2600,7360
435500.0,1,1.75,1020,4512,1.0,0,0,3,7,250,1937,0,98115,47.6724,-122.266,1230,5029
438000.0,3,2.5,1520,1304,2.0,0,0,3,8,340,2006,0,98136,47.5446,-122.385,1270,1718
479950.0,4,2.25,2570,11070,2.0,0,0,4,8,0,1966,0,98058,47.4507,-122.152,2210,9600
437500.0,3,2.5,2320,36847,2.0,0,2,3,9,0,1992,0,98045,47.4838,-121.714,2550,35065
750000.0,6,1.75,2750,9563,2.0,0,0,4,8,0,1973,0,98052,47.6368,-122.097,2040,9563
689000.0,4,3.5,4490,5805,2.0,0,0,3,9,1100,2006,0,98065,47.5389,-121.86,4410,6299
515000.0,3,2.25,1300,1180,3.0,0,0,3,8,0,2008,0,98103,47.6871,-122.339,1300,1174
367500.0,4,2.25,1930,7925,1.0,0,0,3,8,630,1960,0,98155,47.7626,-122.312,1930,7200
905000.0,4,2.5,3520,12193,2.0,0,0,4,10,0,1993,0,98027,47.5535,-122.095,3470,11318
335000.0,3,2.5,2260,8040,2.0,0,0,3,8,0,1990,0,98092,47.3203,-122.184,2390,8040
472000.0,3,2.0,2200,21890,1.0,0,2,3,8,1000,1961,0,98155,47.7584,-122.271,2600,15162
190000.0,3,1.75,1520,9600,1.0,0,0,4,7,0,1967,0,98059,47.473,-122.149,1590,10183
428000.0,3,2.5,2340,3466,2.0,0,0,3,7,0,2004,0,98065,47.5322,-121.851,1970,3739
200000.0,3,1.0,1200,10703,1.5,0,0,2,7,0,1918,0,98118,47.5209,-122.28,1380,8068
450000.0,3,2.5,1480,1961,2.0,0,0,3,8,0,2005,0,98029,47.5478,-122.0,1400,1138
880000.0,4,2.5,2340,10800,1.0,0,0,3,8,0,1953,2007,98040,47.5715,-122.225,2650,13500
282000.0,3,2.25,2420,7548,1.0,0,0,4,8,1050,1967,0,98023,47.3112,-122.376,2150,8000
213400.0,3,1.5,1150,8686,1.0,0,0,4,7,0,1963,0,98055,47.4417,-122.194,1760,8798
585000.0,4,2.5,2160,8158,1.0,0,0,4,8,500,1952,0,98115,47.6948,-122.328,1520,7208
1185000.0,7,3.5,3890,8342,2.0,0,4,3,9,1050,1968,0,98117,47.7011,-122.392,2870,8342
423000.0,4,1.75,1940,6909,1.0,0,0,4,7,970,1941,0,98133,47.7108,-122.352,1460,6906
990000.0,4,3.75,3450,4940,2.0,0,0,3,10,880,2006,0,98103,47.692,-122.338,1880,5387
490000.0,4,2.5,3480,12696,1.0,0,0,4,9,1500,1977,0,98042,47.3816,-122.153,3480,14175
822500.0,2,1.0,1450,7098,1.0,0,4,3,7,0,1924,0,98109,47.63,-122.349,2390,6098
468000.0,3,1.5,1370,7697,1.0,0,0,3,7,0,1939,0,98177,47.7153,-122.361,1370,7697
432000.0,5,2.75,2060,329903,1.5,0,3,5,7,0,1989,0,98022,47.1776,-121.944,2240,220232
385000.0,2,1.0,1010,4000,1.0,0,0,3,6,0,1911,0,98118,47.5536,-122.267,1040,4000
748000.0,4,3.5,2770,3330,2.0,0,0,3,8,800,2001,0,98052,47.6327,-122.109,2180,3380
605500.0,3,2.5,2830,6536,2.0,0,0,3,9,0,1989,0,98072,47.7462,-122.172,2710,6954
545000.0,3,2.0,1340,7200,1.5,0,0,4,7,0,1923,0,98118,47.5601,-122.265,1630,5760
540000.0,4,1.5,2993,19400,2.0,0,0,4,7,760,1921,0,98166,47.4692,-122.365,2060,15100
880000.0,4,1.75,2510,5800,1.0,0,2,4,9,680,1953,0,98199,47.648,-122.41,2190,5800
1360000.0,2,1.75,2620,14138,2.0,1,4,3,8,500,1931,1991,98125,47.7142,-122.277,1830,8279
435000.0,3,2.5,2260,5100,2.0,0,0,3,8,0,2007,0,98019,47.7341,-121.968,2260,5100
297300.0,3,1.75,1980,9220,2.0,0,0,3,8,0,1987,0,98092,47.2602,-122.219,2080,8305
1112000.0,4,3.0,2770,2650,2.0,0,0,3,9,590,2014,0,98109,47.6435,-122.354,1820,2960
429000.0,2,1.0,1080,3600,1.0,0,0,3,7,0,1922,0,98122,47.6078,-122.291,2230,4500
422500.0,4,2.5,2550,8824,2.0,0,0,3,9,0,1990,0,98031,47.3979,-122.212,2630,11237
565000.0,4,2.0,2070,7980,1.5,0,0,4,7,0,1940,0,98146,47.5092,-122.386,1600,7980
659000.0,4,2.0,2090,10800,1.0,0,0,4,7,0,1951,0,98040,47.5759,-122.223,2090,10800
269950.0,2,1.75,1340,7250,1.0,0,0,5,5,640,1949,0,98198,47.408,-122.327,1830,9750
480000.0,3,1.0,1160,8800,1.0,0,0,4,7,0,1959,0,98008,47.6112,-122.128,1750,8400
320000.0,3,2.5,2130,6969,2.0,0,0,3,7,0,2003,0,98038,47.3655,-122.027,1670,9545
565000.0,4,1.0,2170,12100,1.0,0,0,5,7,0,1961,0,98033,47.6893,-122.164,1270,12844
650000.0,3,2.0,2300,5000,1.0,0,0,4,8,1150,1938,0,98199,47.6521,-122.413,2300,5000
329000.0,3,1.75,1230,10725,1.0,0,0,3,7,0,1980,0,98045,47.4431,-121.772,1250,10170
230000.0,2,2.0,1340,7605,1.0,0,0,3,7,0,1992,0,98022,47.1936,-121.981,1670,7136
175000.0,3,1.0,1480,8415,1.0,0,0,3,7,400,1967,0,98188,47.4585,-122.283,1780,8512
178500.0,2,1.0,740,6460,1.0,0,0,3,6,0,1953,0,98146,47.5077,-122.344,1170,6975
335000.0,3,1.75,1730,15003,1.0,0,0,3,7,580,1980,0,98014,47.6923,-121.92,1900,15483
537000.0,3,1.75,1550,10050,1.0,0,0,5,7,0,1957,0,98008,47.6345,-122.123,1720,10050
334000.0,1,1.0,670,5750,1.0,0,0,3,7,0,1942,2011,98116,47.5624,-122.394,1170,5750
417250.0,3,2.25,1606,1452,3.0,0,0,3,8,0,2009,0,98125,47.7175,-122.284,1516,1939
396500.0,3,1.5,1360,1488,2.0,0,0,3,7,240,2003,0,98199,47.6526,-122.384,1360,1573
932800.0,5,3.25,2980,7095,2.5,0,0,3,9,0,1998,2007,98115,47.6919,-122.294,1670,7140
250000.0,3,1.0,1250,7920,1.0,0,0,4,7,0,1960,0,98059,47.4853,-122.126,1440,9648
539950.0,3,2.0,1560,3200,1.5,0,0,3,7,0,1910,2007,98109,47.6398,-122.356,1240,3600
372500.0,5,3.0,2480,10090,1.0,0,0,3,7,1180,2004,0,98178,47.4964,-122.263,2290,9900
350000.0,5,2.75,2980,13482,1.0,0,0,4,8,1250,1975,0,98042,47.3774,-122.16,2900,14800
374000.0,2,1.0,1140,5650,1.0,0,1,3,6,160,1920,0,98116,47.5634,-122.391,1220,5700
400000.0,4,3.0,1810,5012,2.0,0,0,4,7,0,1997,0,98108,47.5691,-122.292,1670,5161
979000.0,3,1.5,1700,14133,1.0,0,1,4,8,0,1954,0,98004,47.6166,-122.22,2630,17376
210000.0,2,1.75,1000,3554,1.0,0,0,4,8,0,1975,0,98198,47.3811,-122.32,1150,4000
650500.0,3,1.75,1740,4400,1.5,0,0,3,8,0,1903,0,98122,47.6115,-122.292,1740,4400
2193000.0,3,2.25,3360,7108,2.0,0,0,3,10,590,1905,2004,98112,47.6187,-122.284,3450,8558
259950.0,4,1.75,1400,7920,1.0,0,0,3,7,0,1963,0,98058,47.4658,-122.184,1910,7700
785000.0,4,3.5,3070,4684,2.0,0,0,3,10,880,2009,0,98027,47.5316,-122.076,2290,2664
660000.0,4,1.75,2780,9900,2.0,0,0,4,10,0,1978,0,98074,47.6348,-122.06,2600,12000
210000.0,3,2.5,1610,6732,2.0,0,0,3,7,0,1994,0,98030,47.3658,-122.172,1680,7414
779950.0,4,2.75,2990,4298,2.0,0,0,3,9,0,2014,0,98052,47.7101,-122.108,2990,4837
255000.0,3,1.0,1580,8206,1.0,0,0,3,7,480,1962,0,98198,47.3676,-122.312,1600,8196
430000.0,3,2.0,1910,5040,1.5,0,0,3,8,0,1971,0,98074,47.6312,-122.061,1980,4275
585888.0,3,2.0,1490,7431,1.0,0,0,4,7,0,1966,0,98052,47.6697,-122.162,1700,7725
456000.0,5,2.75,2720,193406,1.0,0,4,4,7,1020,1968,0,98092,47.2838,-122.121,2820,248292
688000.0,4,4.0,4000,9309,2.0,0,0,3,9,0,2007,0,98065,47.5421,-121.888,3920,8048
275000.0,2,1.0,770,8149,1.0,0,0,5,6,0,1948,0,98155,47.7406,-122.302,770,8150
321500.0,4,2.5,2620,5457,2.0,0,0,3,8,0,2003,0,98001,47.3148,-122.27,2740,5816
3418800.0,5,5.0,5450,20412,2.0,0,0,3,11,0,2014,0,98039,47.6209,-122.237,3160,17825
433000.0,4,1.0,1710,7000,1.5,0,0,3,7,0,1950,0,98125,47.7037,-122.293,2030,7938
1040890.0,5,4.0,4180,7232,2.0,0,0,3,9,0,2014,0,98052,47.7049,-122.125,3570,6054
215000.0,3,1.0,1060,7900,1.0,0,0,3,7,0,1961,2001,98058,47.4604,-122.18,1310,7900
350000.0,2,1.0,1350,3880,1.0,0,0,3,6,400,1927,0,98103,47.6842,-122.344,1670,3920
263700.0,3,1.0,1200,6561,1.0,0,0,3,6,0,1950,1968,98177,47.7763,-122.36,1340,9450
295000.0,3,1.5,1640,7222,2.0,0,0,4,7,0,1908,0,98108,47.5215,-122.33,1240,5100
272000.0,3,2.5,1680,8512,2.0,0,0,3,7,0,1991,0,98022,47.1952,-121.986,1580,8512
325000.0,4,2.5,2260,5702,2.0,0,0,3,8,0,2002,0,98042,47.3488,-122.151,2450,6381
630000.0,4,1.75,1770,12278,1.0,0,0,3,7,420,1937,0,98115,47.7004,-122.295,1670,9336
388000.0,3,3.25,1370,915,2.0,0,0,3,8,270,2006,0,98116,47.5639,-122.388,1370,1146
425000.0,3,1.5,1680,8000,1.5,0,0,3,7,0,2012,0,98014,47.6923,-121.869,1990,26336
535000.0,3,2.75,2490,3600,2.0,0,0,3,8,200,1906,0,98122,47.6098,-122.292,1880,3600
840000.0,4,2.5,3450,43216,2.0,0,0,3,9,0,2000,0,98072,47.7625,-122.025,3030,50481
735000.0,3,1.75,1880,108900,1.0,0,0,3,7,0,1978,0,98075,47.5913,-122.01,2730,37731
442500.0,4,2.0,1540,5920,1.5,0,0,5,7,0,1935,0,98125,47.7148,-122.301,1630,6216
245000.0,3,2.0,2040,13125,1.0,0,0,3,6,1230,1910,0,98168,47.478,-122.278,1460,10582
326000.0,3,2.25,1930,3462,2.0,0,0,3,7,0,2004,0,98019,47.7453,-121.985,1930,2952
345000.0,3,2.5,1990,20466,1.5,0,0,4,8,580,1987,0,98010,47.3259,-121.896,1660,93393
740000.0,4,2.5,2500,10330,2.0,0,0,3,10,0,1992,0,98006,47.5595,-122.114,2710,8375
372400.0,3,2.5,2720,11937,2.0,0,0,3,9,0,1990,0,98031,47.4185,-122.212,2590,9683
350000.0,5,3.0,2320,8400,1.0,0,0,3,7,810,1963,0,98106,47.557,-122.365,1200,4800
679000.0,4,1.5,1420,4923,1.5,0,0,4,8,0,1928,0,98103,47.6901,-122.339,1470,4923
715000.0,3,1.75,1650,7276,1.5,0,4,4,7,500,1928,0,98117,47.6989,-122.399,2300,8088
400000.0,4,2.0,1670,12056,1.0,0,0,3,7,0,1955,0,98028,47.7418,-122.244,1860,12056
402000.0,2,1.0,620,2475,1.0,0,0,5,6,0,1911,0,98107,47.6655,-122.371,1290,2475
813000.0,4,2.5,3430,7508,2.0,0,0,3,10,0,1998,0,98052,47.6866,-122.11,3110,8741
827000.0,4,2.5,3230,12100,1.0,0,0,3,9,1360,1977,0,98006,47.562,-122.146,2670,10200
265000.0,3,1.0,1070,4800,1.0,0,0,3,6,100,1947,0,98126,47.5187,-122.377,1120,1198
862000.0,4,2.25,2220,4200,1.5,0,0,5,8,910,1932,0,98199,47.6418,-122.394,2020,4940
400000.0,3,2.5,1390,2815,2.0,0,0,3,8,0,1999,0,98126,47.566,-122.366,1390,3700
442000.0,3,1.0,1190,5100,1.0,0,0,4,7,160,1941,0,98136,47.5346,-122.385,1690,5100
207000.0,3,2.5,1520,2550,2.0,0,0,3,7,0,2005,0,98108,47.5245,-122.33,1460,2550
238000.0,2,1.0,750,6480,1.0,0,0,3,6,0,1943,0,98106,47.5195,-122.35,1050,6390
355000.0,3,2.5,2620,78843,1.0,0,3,4,7,1310,1964,0,98092,47.2584,-122.093,2330,130244
550000.0,4,1.0,2420,15520,2.0,0,0,4,7,0,1945,0,98006,47.5744,-122.137,1630,9965
373500.0,2,1.0,800,3330,1.0,0,0,3,7,0,1918,0,98107,47.6566,-122.358,1300,4320
203000.0,3,1.75,1610,9000,1.0,0,0,4,7,510,1978,0,98092,47.3187,-122.179,1610,8000
615000.0,3,2.0,1860,42800,1.0,0,0,4,7,930,1983,0,98075,47.5898,-122.004,1980,11250
283000.0,4,2.0,2100,8160,1.0,0,0,3,7,900,1959,0,98106,47.5145,-122.365,1140,8160
225000.0,3,2.5,1020,2040,2.0,0,0,3,7,300,2004,0,98106,47.5294,-122.361,1060,1478
600000.0,3,2.5,2460,108900,1.0,0,0,4,9,600,1977,0,98027,47.4824,-122.0,2870,102366
1200000.0,3,2.5,3420,16622,1.0,0,4,3,10,1010,1991,0,98006,47.5638,-122.105,3460,14566
529000.0,3,1.75,1500,7367,1.0,0,0,3,8,0,1974,0,98033,47.6722,-122.167,1920,7579
441000.0,2,1.0,1150,3000,1.0,0,0,3,6,370,1915,0,98118,47.5624,-122.291,1150,5000
471500.0,3,2.5,2430,5866,2.0,0,0,3,7,0,2009,0,98065,47.5158,-121.871,2380,5866
850000.0,3,2.5,3300,11570,2.0,0,0,3,9,0,1994,0,98006,47.5599,-122.121,3280,11446
458000.0,3,2.25,2150,9900,1.0,0,0,3,8,700,1977,0,98052,47.6647,-122.149,2170,9500
646000.0,4,2.5,2310,4079,2.0,0,0,3,8,0,2008,0,98117,47.6937,-122.361,1220,4800
300000.0,3,1.0,1290,12415,1.5,0,0,3,6,0,1908,0,98070,47.3719,-122.461,1620,12415
405000.0,5,2.5,2430,4781,2.0,0,0,3,9,0,2001,0,98058,47.4487,-122.117,2420,4770
350000.0,3,1.75,2130,7500,1.0,0,0,4,7,1040,1956,0,98166,47.4593,-122.343,1590,7500
506000.0,3,1.75,2180,7700,1.0,0,0,3,8,700,1961,0,98177,47.7594,-122.361,2180,7604
350000.0,3,1.0,1250,9786,1.0,0,0,4,7,0,1969,0,98072,47.7622,-122.163,1660,9621
777000.0,4,2.5,3170,9900,2.0,0,0,4,8,0,1979,0,98007,47.6181,-122.147,2540,12400
230000.0,2,1.0,800,17965,1.0,0,0,4,5,0,1942,0,98058,47.4693,-122.161,1500,8925
739000.0,3,2.25,2220,10530,1.0,0,0,4,8,520,1974,0,98052,47.6383,-122.098,2500,10014
1060000.0,4,2.5,4570,16015,2.0,0,2,3,11,0,1990,0,98074,47.6246,-122.067,4490,17668
691100.0,3,2.75,2360,16117,1.0,0,0,4,8,650,1983,0,98006,47.5698,-122.121,2120,16117
204900.0,3,2.0,1390,8245,1.0,0,0,2,7,0,1984,0,98001,47.2669,-122.254,1260,8245
418000.0,3,1.75,1530,7238,1.0,0,0,3,7,0,1959,0,98155,47.7629,-122.315,1580,7238
667500.0,3,1.75,2130,20423,1.0,0,0,3,9,0,1953,0,98004,47.6339,-122.192,2370,20875
465000.0,3,1.75,1410,6886,1.0,0,0,3,7,0,1924,2013,98133,47.7183,-122.353,1410,6561
910000.0,3,2.5,2030,1160,3.0,0,0,3,9,60,2007,0,98004,47.6213,-122.2,1950,1160
560000.0,4,2.5,2260,3713,2.0,0,0,3,9,0,2003,0,98034,47.7247,-122.165,2260,3713
570000.0,3,1.5,1300,7287,1.0,0,0,4,7,0,1965,0,98033,47.6889,-122.187,1300,9129
315000.0,3,1.0,1900,14400,1.0,0,0,4,7,600,1954,0,98166,47.4147,-122.337,1940,14400
775000.0,2,2.5,2680,7392,1.0,0,0,3,9,0,2004,0,98053,47.717,-122.026,2315,7045
587000.0,5,3.5,3610,52595,2.0,0,0,4,7,0,1989,0,98014,47.6832,-121.907,1620,60112
320000.0,0,2.5,1490,7111,2.0,0,0,3,7,0,1999,0,98065,47.5261,-121.826,1500,4675
915000.0,5,2.5,2750,5589,1.5,0,0,5,9,910,1910,0,98112,47.6364,-122.3,1460,4250
205000.0,3,1.75,1170,8239,1.0,0,0,3,7,0,1981,0,98042,47.3679,-122.088,1180,7866
315000.0,4,2.25,1880,9163,2.0,0,0,3,8,0,1981,0,98058,47.4362,-122.165,1900,7980
190000.0,3,1.0,1280,5100,1.0,0,0,3,7,400,1961,0,98178,47.5035,-122.259,1360,6120
491500.0,3,2.25,1560,12000,1.0,0,0,4,7,450,1968,0,98034,47.7256,-122.166,2190,4612
279000.0,3,1.0,1010,7903,1.0,0,0,3,6,0,1948,0,98155,47.766,-122.32,1010,7903
310000.0,3,2.0,2610,12180,1.0,0,0,3,7,940,1918,0,98146,47.5063,-122.346,1520,12180
350000.0,6,4.5,3500,8504,2.0,0,0,3,7,0,1980,0,98155,47.7351,-122.295,1550,8460
199500.0,3,1.75,1160,5200,1.0,0,0,4,7,0,1977,0,98042,47.3643,-122.09,1470,5200
415000.0,3,1.75,1070,8000,1.0,0,0,3,7,0,1977,0,98052,47.6978,-122.13,1200,7990
396500.0,3,2.5,2590,18980,1.0,0,0,4,10,0,1976,0,98042,47.3839,-122.153,3110,14652
257500.0,1,1.0,710,6060,1.0,0,0,4,6,0,1916,0,98118,47.5621,-122.283,1440,4545
220000.0,3,1.0,1460,10200,1.0,0,0,4,7,0,1957,0,98055,47.4238,-122.197,1460,8500
550000.0,3,2.25,2090,8095,2.0,0,2,3,10,0,1988,0,98136,47.5287,-122.385,1940,5635
529000.0,5,2.5,2380,91476,1.0,0,0,4,8,800,1976,0,98059,47.479,-122.153,1880,12870
1379900.0,3,3.25,3786,38038,1.0,1,4,3,9,1852,1978,2006,98070,47.3907,-122.448,2850,33361
600000.0,4,1.5,1770,6014,1.5,0,0,4,7,530,1946,0,98116,47.5773,-122.393,1740,6014
210000.0,3,1.5,1920,61014,1.0,0,0,3,6,0,1953,0,98038,47.4446,-122.074,1616,61014
645000.0,4,1.5,2550,4000,1.5,0,0,4,7,790,1926,0,98115,47.6811,-122.318,1840,4000
790000.0,3,2.5,2640,432036,1.5,0,3,3,10,0,1996,0,98022,47.1795,-122.036,1500,560617
210000.0,3,1.5,1160,5200,1.0,0,0,5,7,0,1970,0,98042,47.364,-122.094,1170,5200
555000.0,2,2.75,1950,1610,3.0,0,0,3,8,0,2009,0,98144,47.5925,-122.302,910,1745
399950.0,4,1.5,1850,6125,1.5,0,0,3,6,740,1945,0,98126,47.5352,-122.37,990,6125
900000.0,6,3.0,3020,13783,2.0,0,0,3,8,0,1952,2002,98040,47.5722,-122.226,1720,13500
129000.0,1,1.0,650,15364,1.0,0,0,4,5,0,1967,0,98042,47.3721,-122.159,1630,7952
305000.0,3,1.0,1030,5350,1.0,0,0,3,7,0,1924,2009,98055,47.4905,-122.206,1030,5250
710000.0,3,2.5,2330,9160,2.0,0,0,3,9,0,1997,0,98006,47.5467,-122.181,2460,9160
240000.0,4,2.0,1790,14690,1.0,0,1,4,7,120,1960,0,98198,47.3965,-122.321,2440,10664
250000.0,3,2.0,1900,6660,1.0,0,0,5,7,950,1966,0,98038,47.3594,-122.054,1690,8111
240000.0,4,2.25,1830,7614,2.0,0,0,3,7,0,1991,0,98030,47.3682,-122.179,1860,6930
500000.0,2,1.0,1510,4000,1.0,0,0,3,6,580,1924,0,98117,47.6917,-122.38,1300,4000
1042500.0,3,1.75,1900,9375,1.0,0,1,4,8,570,1941,0,98115,47.6821,-122.273,2760,9375
359000.0,4,1.5,1890,6052,1.0,0,0,4,7,0,1955,0,98125,47.7055,-122.3,1510,6072
424000.0,4,2.5,2650,8685,2.0,0,0,3,9,0,2006,0,98001,47.344,-122.269,2650,7932
385000.0,5,2.0,2020,4000,2.0,0,0,3,7,0,1950,0,98144,47.5799,-122.305,1960,4000
436500.0,4,2.5,2290,11173,2.0,0,0,4,8,0,1988,0,98058,47.4314,-122.164,2290,10404
650000.0,4,2.25,2560,9731,2.0,0,0,4,7,0,1973,0,98034,47.7261,-122.246,1860,9731
139950.0,0,0.0,844,4269,1.0,0,0,4,7,0,1913,0,98001,47.2781,-122.25,1380,9600
284000.0,3,2.5,1880,6008,2.0,0,0,3,7,0,2009,0,98042,47.3366,-122.052,2180,5185
320000.0,2,1.0,900,7620,1.0,0,0,3,7,0,1971,0,98106,47.5268,-122.343,1520,7620
1875000.0,4,5.0,5810,7440,2.0,0,0,3,10,2020,2004,0,98033,47.6878,-122.212,3010,7200
1050000.0,3,3.0,3490,4500,2.5,0,0,3,9,320,1924,0,98102,47.6394,-122.321,2840,4050
400000.0,4,3.5,2370,3692,2.5,0,0,3,8,0,2013,0,98056,47.5044,-122.17,2520,5425
425000.0,3,1.5,1970,13709,1.0,0,0,4,7,290,1955,0,98155,47.7562,-122.277,2200,16536
234000.0,4,2.0,1710,7455,1.0,0,0,3,7,680,1975,0,98031,47.3965,-122.173,1710,7350
797000.0,3,2.5,1370,1911,2.0,0,0,3,9,0,1907,2011,98109,47.6375,-122.354,1630,2090
715000.0,2,1.0,1000,3513,1.0,0,4,4,5,0,1914,0,98116,47.5935,-122.39,1930,4920
598000.0,4,2.5,2420,5118,1.5,0,2,5,7,870,1926,0,98126,47.5671,-122.378,1740,5750
375000.0,3,1.5,1110,5500,1.0,0,0,3,6,0,1940,1997,98033,47.6717,-122.184,1670,6600
615000.0,3,1.0,1120,12500,1.0,0,0,4,7,0,1977,0,98033,47.6842,-122.2,2380,10000
280000.0,3,2.5,1720,1916,2.0,0,0,3,7,0,2005,0,98059,47.4895,-122.166,1760,1916
309620.0,3,2.5,1860,3730,2.0,0,0,3,8,0,2012,0,98019,47.7442,-121.984,2110,4509
342500.0,3,1.0,940,10500,1.0,0,0,4,7,0,1966,0,98034,47.7268,-122.229,1660,10500
525000.0,4,2.0,2680,14157,1.0,0,0,3,8,1220,1966,0,98188,47.4286,-122.292,2100,9199
346000.0,2,1.0,1070,2196,1.0,0,0,4,7,190,1917,0,98144,47.5726,-122.308,1160,3600
283000.0,3,2.25,2130,8800,1.0,0,0,3,8,860,1978,0,98030,47.383,-122.168,1960,8075
1312000.0,3,3.25,4030,6300,2.0,0,0,3,10,400,2006,0,98105,47.6664,-122.276,1660,6300
300000.0,3,2.25,1960,1585,2.0,0,0,3,7,210,2003,0,98118,47.5414,-122.288,1760,1958
310000.0,4,1.0,1740,11075,1.5,0,0,3,7,0,1965,0,98133,47.7458,-122.334,1580,7684
588000.0,4,2.25,2580,7344,2.0,0,0,3,8,0,1977,0,98027,47.5647,-122.09,2390,7507
340000.0,4,2.75,3527,7200,2.0,0,0,3,7,0,2005,0,98198,47.3823,-122.3,2490,7200
483500.0,4,2.5,2740,45732,2.0,0,0,3,8,0,1995,0,98077,47.74,-122.048,2080,43560
485000.0,3,2.5,3340,70131,2.0,0,0,3,9,920,1994,0,98022,47.2666,-122.015,2760,116740
334850.0,2,1.0,870,5635,1.0,0,0,3,7,0,1948,0,98116,47.5676,-122.398,1310,5750
400000.0,4,3.0,2240,7035,2.0,0,0,3,7,0,1942,1993,98146,47.5124,-122.374,1060,6300
380500.0,3,2.0,1270,1348,3.0,0,0,3,8,0,2003,0,98103,47.6929,-122.342,1180,1360
285000.0,2,1.0,720,6400,1.0,0,0,4,6,0,1943,0,98126,47.5286,-122.368,1030,6400
299800.0,4,1.5,1530,9000,1.0,0,0,4,6,0,1976,0,98014,47.6492,-121.908,1520,8500
276500.0,4,2.25,2380,128937,1.0,0,0,4,7,0,1960,0,98038,47.4253,-122.043,1030,114998
332500.0,3,2.25,1800,10500,2.0,0,0,3,7,0,1995,0,98038,47.3879,-122.032,1870,8555
175000.0,2,1.0,1170,8925,1.0,0,2,3,6,0,1911,0,98198,47.4017,-122.321,1380,7440
650000.0,5,2.75,2550,5040,1.5,0,0,5,8,0,1902,0,98122,47.6136,-122.299,1590,3840
258000.0,3,2.0,1390,7200,1.0,0,0,3,7,0,1996,0,98058,47.434,-122.154,1630,7340
740000.0,3,1.75,1380,4590,1.0,0,0,2,7,450,1950,0,98115,47.6841,-122.293,1320,4692
442500.0,4,2.25,2490,8700,1.0,0,0,3,7,600,1976,0,98155,47.7397,-122.324,1470,7975
621000.0,3,1.0,1340,4000,1.5,0,0,4,7,0,1927,0,98105,47.6652,-122.288,1510,4000
465000.0,3,1.0,800,3060,1.5,0,0,4,6,0,1903,0,98117,47.6769,-122.389,1180,3060
625000.0,4,3.25,4240,25639,2.0,0,3,3,10,690,1989,0,98023,47.3241,-122.378,3590,24967
884250.0,4,2.5,3840,12151,2.0,0,0,3,10,0,1998,0,98075,47.5953,-121.986,3560,11044
648000.0,5,2.5,2210,10772,1.0,0,2,3,9,780,1964,0,98155,47.7383,-122.288,2720,9858
408000.0,3,2.5,1470,1204,3.0,0,0,3,8,0,2006,0,98117,47.6998,-122.366,1460,1245
373500.0,4,2.5,2610,4978,2.0,0,0,3,8,0,2004,0,98038,47.3438,-122.04,2470,5024
539500.0,3,2.5,3080,12476,2.0,0,0,3,10,0,1990,0,98038,47.3752,-122.029,3130,13631
413800.0,3,2.0,1440,4421,1.0,0,0,3,8,0,2007,0,98053,47.7188,-122.024,1440,4157
377000.0,4,2.0,1640,5014,1.0,0,0,4,7,710,1982,0,98106,47.5545,-122.356,1600,5452
525000.0,2,1.5,1480,43645,1.0,0,0,3,8,0,1974,2006,98027,47.5484,-122.045,1600,34326
895000.0,4,3.0,3570,10273,1.5,0,3,3,9,940,1935,2007,98074,47.6394,-122.077,3640,15324
318000.0,3,1.5,1240,983,3.0,0,0,3,8,0,2009,0,98133,47.7235,-122.353,1240,1026
315000.0,2,1.0,1120,7350,1.0,0,0,3,7,0,1942,0,98155,47.7648,-122.31,1320,7545
625000.0,3,2.5,2600,10092,1.0,0,0,3,9,0,1984,0,98074,47.6223,-122.032,2440,9298
565000.0,5,3.0,2560,12480,1.0,0,0,3,8,970,2012,0,98155,47.7657,-122.284,2500,17299
1155000.0,3,2.5,2490,24691,1.0,1,4,4,9,910,1961,0,98146,47.488,-122.364,2800,24121
475000.0,4,3.0,2410,8284,1.0,0,0,5,7,1200,1969,0,98034,47.7202,-122.22,2050,7940
605125.0,2,1.0,1160,5029,1.0,0,0,3,7,250,1940,0,98115,47.6723,-122.266,1220,5029
740000.0,3,2.5,2960,9350,2.0,0,2,4,9,0,1978,0,98008,47.6218,-122.094,2960,11745
425000.0,4,2.25,2060,8540,1.0,0,0,4,7,520,1967,0,98034,47.734,-122.19,1560,7700
528000.0,4,1.75,1860,9750,1.0,0,0,3,7,400,1969,0,98034,47.7097,-122.202,1900,8913
265000.0,4,2.5,2040,4443,2.0,0,0,3,8,0,2001,0,98092,47.3182,-122.189,2040,4637
585000.0,3,1.5,1810,3880,1.5,0,0,4,8,500,1929,0,98117,47.6835,-122.392,1400,3880
337000.0,2,1.0,1010,4000,1.0,0,0,3,7,0,1947,0,98136,47.5311,-122.382,1480,4366
358000.0,3,2.5,1400,1529,2.0,0,0,3,7,0,2005,0,98029,47.5535,-121.997,1440,1536
379900.0,3,2.5,1800,2791,2.0,0,0,3,8,0,2011,0,98126,47.5442,-122.371,1580,2617
332544.0,2,1.75,1710,4187,1.0,0,0,3,7,0,1987,0,98055,47.4732,-122.188,1760,4084
329990.0,4,2.75,2420,8438,2.0,0,0,3,8,0,1997,0,98022,47.2089,-122.011,2270,8770
531000.0,2,3.0,1270,1175,2.0,0,0,3,8,160,2000,0,98103,47.6634,-122.34,1290,1800
1225000.0,4,2.75,3410,95396,1.5,0,0,4,10,0,1962,0,98005,47.6547,-122.158,3721,35352
186375.0,3,1.0,1000,7636,1.0,0,0,2,7,0,1952,0,98166,47.472,-122.344,1150,7600
390000.0,5,2.0,2400,9537,1.0,0,0,5,7,1190,1959,0,98056,47.5112,-122.186,1760,9533
1035290.0,4,2.5,2830,5932,2.0,0,0,3,9,0,2014,0,98199,47.6479,-122.408,2840,5593
552000.0,3,2.5,1280,1920,3.0,0,0,3,8,0,2009,0,98105,47.6621,-122.324,1450,1900
551500.0,4,2.5,2950,10003,2.0,0,0,3,9,0,2006,0,98059,47.489,-122.14,2790,9323
275000.0,4,2.0,1720,5472,1.0,0,0,3,6,860,1923,0,98118,47.5299,-122.288,1720,5670
323000.0,3,1.0,1290,12231,1.0,0,0,3,7,0,1976,0,98072,47.7404,-122.11,1390,11632
219900.0,3,1.0,860,6664,1.0,0,0,3,6,0,1944,0,98178,47.4931,-122.247,1150,6857
200450.0,3,1.0,970,9130,1.0,0,0,3,6,0,1957,0,98188,47.4369,-122.272,1000,8886
361000.0,3,1.75,1650,11220,1.0,0,0,4,7,0,1969,0,98077,47.7567,-122.071,1340,10129
262000.0,4,1.5,1840,9009,2.0,0,0,3,7,0,1965,0,98198,47.406,-122.318,1390,8025
825000.0,3,2.75,3040,24192,2.0,0,0,4,10,0,1987,0,98034,47.7108,-122.225,2770,5728
325900.0,4,2.5,2320,6270,2.0,0,0,3,8,0,2004,0,98042,47.3501,-122.14,2150,6270
311000.0,3,1.0,1310,8370,1.5,0,0,3,7,0,1962,0,98034,47.7284,-122.241,1310,8370
660000.0,3,2.25,1570,1680,3.0,0,0,3,8,0,2014,0,98103,47.6585,-122.348,1290,1870
235000.0,3,2.0,1110,8724,1.0,0,0,4,7,0,1990,0,98002,47.3056,-122.206,1390,7750
415000.0,3,1.75,2000,8400,1.5,0,0,4,8,0,1959,0,98133,47.7535,-122.334,2000,8400
864500.0,4,2.5,3520,35991,2.0,0,0,4,10,0,1992,0,98077,47.7437,-122.035,3210,35991
375000.0,3,1.5,1240,7733,1.0,0,0,3,6,450,1941,0,98125,47.714,-122.283,1130,7733
126500.0,3,1.0,1130,12212,1.0,0,0,3,6,0,1942,0,98146,47.4952,-122.34,1190,9240
782000.0,4,2.5,2380,9614,2.0,0,0,4,10,0,1991,0,98006,47.5623,-122.116,2560,9770
1650000.0,4,4.5,5550,16065,2.0,0,0,3,9,1670,2003,0,98040,47.5455,-122.214,3470,16488
438200.0,2,2.0,1600,5643,1.0,0,0,3,7,0,1954,0,98115,47.6968,-122.279,1600,5746
530000.0,4,1.75,2860,48351,1.0,0,0,3,8,1150,1978,0,98077,47.7605,-122.085,2460,43560
443500.0,2,1.0,940,6804,1.0,0,0,3,7,0,1949,0,98177,47.7047,-122.373,1150,6930
311000.0,3,1.0,1120,8631,1.0,0,0,3,7,0,1942,0,98125,47.7077,-122.314,1350,7714
389000.0,3,1.0,1380,6591,1.0,0,0,4,7,0,1947,0,98133,47.7164,-122.351,1610,6594
545000.0,3,2.5,1530,3210,1.5,0,0,5,7,520,1928,0,98117,47.6913,-122.393,1330,4410
210500.0,3,1.0,1840,10178,1.0,0,0,3,7,800,1960,0,98198,47.3979,-122.317,2040,10660
460000.0,4,2.5,2620,8331,2.0,0,0,3,9,0,1991,0,98058,47.4357,-122.159,2760,8174
492000.0,2,1.75,1300,22239,1.0,0,0,4,7,0,1945,1986,98059,47.4801,-122.092,1300,14810
370000.0,4,2.5,2720,8666,2.0,0,0,3,9,0,1992,0,98030,47.3846,-122.169,2410,8100
303000.0,3,2.5,1850,4957,2.0,0,0,3,8,0,1999,0,98092,47.3311,-122.17,2400,6367
502500.0,5,2.5,2430,6168,2.0,0,0,3,8,0,2007,0,98056,47.5237,-122.199,2150,8400
261500.0,3,2.5,1740,6992,2.0,0,0,3,7,0,1990,0,98042,47.3574,-122.158,1260,6825
1250000.0,3,2.5,3670,18505,1.0,0,4,3,10,1140,1983,0,98177,47.7588,-122.376,2920,20000
438000.0,2,2.0,1270,1372,3.0,0,0,3,8,0,2000,0,98115,47.6776,-122.318,1610,3090
379400.0,4,1.75,2120,7680,1.0,0,0,4,7,1060,1950,0,98177,47.7172,-122.361,1530,7680
420000.0,4,1.75,1940,11500,1.0,0,0,4,7,850,1955,0,98006,47.5774,-122.147,1700,8360
387000.0,2,2.5,1170,1394,2.0,0,0,3,8,0,2001,0,98122,47.6131,-122.297,1250,3136
241000.0,3,2.0,1650,6000,1.0,0,0,3,7,0,1990,0,98023,47.2904,-122.353,1870,6000
334000.0,2,1.75,1680,8367,1.0,0,0,3,6,840,1914,0,98115,47.6976,-122.288,1830,6720
179000.0,2,1.0,990,8760,1.0,0,0,3,7,0,1977,0,98003,47.3302,-122.305,1560,11880
622000.0,4,1.75,2680,6120,1.0,0,0,5,8,1340,1959,0,98117,47.6965,-122.393,2320,6840
440000.0,3,1.5,1270,1413,3.0,0,0,3,8,0,2007,0,98115,47.6989,-122.317,1270,1413
460000.0,4,2.5,2200,6400,2.0,0,0,3,8,0,2010,0,98059,47.4856,-122.156,2600,5870
425000.0,3,1.75,1530,9800,1.0,0,0,5,8,0,1958,0,98133,47.7655,-122.336,1660,9800
579000.0,4,3.25,1900,2631,2.0,0,0,3,9,650,2014,0,98144,47.5869,-122.311,1710,4502
219000.0,2,1.0,1050,9000,1.5,0,0,4,7,0,1984,0,98003,47.2887,-122.299,1550,9600
387000.0,3,1.75,1810,10800,1.0,0,0,5,8,600,1968,0,98056,47.5236,-122.184,1800,10800
450000.0,2,1.0,1380,4390,1.0,0,0,4,8,500,1931,0,98115,47.6947,-122.323,1390,5234
589500.0,3,3.25,2310,3075,2.0,0,0,3,8,580,2005,0,98116,47.5644,-122.383,2310,3075
788500.0,4,2.25,2510,133729,2.0,0,0,4,8,0,1977,0,98027,47.4569,-122.02,2510,69696
548000.0,5,1.5,1700,7200,1.5,0,0,3,7,0,1937,0,98011,47.7614,-122.203,1460,7194
330000.0,5,2.25,2000,7900,1.0,0,0,4,7,700,1986,0,98188,47.4291,-122.292,2000,9132
330000.0,2,1.5,1440,11954,1.0,0,0,4,8,0,1978,0,98002,47.2909,-122.219,1460,9730
565000.0,4,2.25,2470,7447,2.0,0,0,3,8,0,1984,0,98155,47.7514,-122.286,2270,7400
870000.0,4,2.75,3410,23000,2.0,0,0,4,10,0,1982,0,98006,47.5559,-122.149,2490,15512
399950.0,3,2.5,1400,4400,1.0,0,0,3,7,0,1930,2014,98106,47.553,-122.365,1060,4400
1250000.0,4,4.25,4980,13000,2.0,0,3,3,9,1900,1982,0,98052,47.6406,-122.101,2840,11308
300000.0,3,2.25,1730,10030,1.0,0,0,4,8,0,1985,0,98023,47.3108,-122.345,2090,8823
539000.0,3,2.5,1710,2300,2.0,0,0,3,8,140,2005,0,98052,47.6743,-122.142,2120,2856
925000.0,4,1.75,2710,11400,1.0,0,0,4,9,1280,1976,0,98006,47.561,-122.153,2640,11000
750000.0,4,2.75,3150,6343,1.0,0,3,3,8,1340,1976,0,98126,47.5424,-122.381,2250,6343
339000.0,4,2.5,2900,6918,2.0,0,0,3,8,0,2001,0,98001,47.3504,-122.284,2720,10376
224500.0,3,1.75,1300,7735,1.0,0,0,4,7,0,1980,0,98022,47.1983,-122.0,1300,8941
291000.0,4,2.5,1580,6633,2.0,0,0,4,7,0,1984,0,98042,47.3768,-122.118,1590,6633
652500.0,4,2.5,2700,9122,2.0,0,0,3,9,0,1990,0,98029,47.5771,-121.994,2500,9122
2525000.0,4,5.5,6930,45100,1.0,0,0,4,11,2620,1950,1991,98006,47.5547,-122.144,2560,37766
313500.0,3,2.25,1440,3488,2.0,0,0,4,7,0,1983,0,98034,47.7257,-122.162,1390,3488
535000.0,4,2.5,2340,5600,2.0,0,0,3,7,0,1921,2013,98146,47.5117,-122.379,1310,5600
392000.0,3,1.0,1230,9600,1.0,0,0,3,7,0,1952,0,98118,47.5553,-122.288,1510,6600
998000.0,4,3.25,3770,982998,2.0,0,0,3,10,0,1992,0,98058,47.414,-122.087,2290,37141
193000.0,2,1.75,1280,6774,1.0,0,0,3,7,0,1991,0,98002,47.2925,-122.219,1450,7810
340000.0,3,2.0,1130,9879,2.0,0,0,3,6,0,1996,0,98053,47.635,-121.964,1900,14907
147500.0,3,1.5,1230,10125,1.0,0,0,3,7,0,1960,0,98198,47.397,-122.299,1970,10125
315000.0,3,1.0,1170,62290,2.0,0,0,3,5,0,1986,0,98045,47.5104,-121.787,1810,42173
440000.0,3,1.5,1270,1443,3.0,0,0,3,8,0,2007,0,98115,47.699,-122.317,1270,1413
658000.0,4,2.75,3310,6166,2.0,0,0,3,9,0,2008,0,98065,47.521,-121.877,3200,7027
406000.0,2,2.0,1110,1095,3.0,0,0,3,7,130,2008,0,98136,47.5494,-122.388,1110,1083
670000.0,3,2.5,3310,5300,2.0,0,2,3,8,870,2008,0,98136,47.5178,-122.389,2140,7500
320000.0,3,1.75,2220,11646,1.0,0,0,3,7,950,1950,0,98028,47.7762,-122.27,1490,10003
875000.0,3,1.0,1160,10732,1.0,0,0,3,7,0,1953,0,98004,47.6391,-122.205,2390,13656
250000.0,4,3.0,2250,7882,2.0,0,0,3,8,680,1986,0,98198,47.3703,-122.314,1550,7508
286000.0,3,1.0,950,8400,1.0,0,0,3,7,0,1958,0,98056,47.5104,-122.166,1250,8400
272000.0,3,1.75,2160,7140,1.0,0,0,4,7,490,1978,0,98023,47.3026,-122.374,1930,7350
395000.0,2,1.5,1010,3060,1.0,0,0,4,7,0,1918,0,98103,47.6897,-122.354,1160,4080
285000.0,2,1.5,990,1380,3.0,0,0,3,7,0,2001,0,98133,47.7218,-122.356,1050,1380
750000.0,3,2.0,1760,5488,1.5,0,0,3,7,220,1927,0,98119,47.6479,-122.367,1760,5943
589000.0,4,2.25,2390,57599,2.0,0,0,3,8,0,1981,0,98053,47.6651,-122.067,2390,38186
1030000.0,5,2.75,3190,16920,1.0,0,3,3,9,1500,1976,0,98006,47.5641,-122.16,3100,13100
428900.0,4,2.5,2598,5553,2.0,0,0,3,9,0,2014,0,98092,47.3412,-122.178,2502,4900
952000.0,3,2.5,2450,4400,2.0,0,0,4,9,650,1922,0,98102,47.6439,-122.319,2220,5500
784000.0,4,2.75,3540,7091,1.5,0,1,4,8,1570,1947,0,98199,47.6467,-122.394,2200,6000
524950.0,2,2.5,1830,2856,2.0,0,0,3,7,0,2005,0,98029,47.5524,-121.996,1850,2667
440000.0,3,2.0,1650,6408,2.0,0,0,4,8,0,1977,0,98052,47.6638,-122.128,1750,6402
638500.0,4,2.5,1980,6568,2.0,0,0,3,8,0,2004,0,98052,47.704,-122.101,2310,6496
518500.0,3,3.5,1590,1102,3.0,0,0,3,8,0,2010,0,98103,47.6824,-122.347,1620,3166
353000.0,3,1.75,1260,11775,1.0,0,0,5,6,0,1942,0,98108,47.5501,-122.296,1270,5480
371025.0,3,2.0,1530,8925,1.0,0,0,3,7,0,1977,0,98011,47.736,-122.199,2040,8856
315000.0,2,1.0,630,6550,1.0,0,0,3,5,0,1918,0,98126,47.5486,-122.38,1420,6550
465000.0,3,2.5,1920,144619,1.0,0,0,3,8,0,2014,0,98022,47.2683,-121.946,2010,48787
702500.0,3,1.5,2360,6750,2.0,0,0,5,7,430,1926,0,98103,47.6923,-122.332,1320,4500
775000.0,4,2.5,2880,8400,2.0,0,4,3,8,830,1955,1987,98177,47.7704,-122.386,2880,7440
727160.0,7,3.75,2310,5000,2.0,0,0,3,8,0,1984,0,98117,47.6781,-122.376,1360,1552
415000.0,3,1.75,1960,5000,1.0,0,0,5,6,980,1911,0,98108,47.5576,-122.317,1790,5000
1511250.0,3,2.5,4010,12105,1.0,0,3,5,11,1410,1983,0,98006,47.554,-122.151,4010,15081
602500.0,4,2.5,2760,6850,2.0,0,0,3,9,0,1999,0,98056,47.5346,-122.185,2640,9803
252000.0,3,1.75,1430,7700,1.0,0,0,4,7,450,1981,0,98031,47.3993,-122.183,1430,8625
230000.0,3,2.0,1510,3413,2.0,0,0,3,7,0,1985,0,98031,47.3912,-122.167,1570,3777
680000.0,4,2.75,3310,50951,2.0,0,0,3,9,0,1998,0,98077,47.7249,-122.027,3230,39340
365000.0,4,2.5,1904,8200,2.0,0,0,5,7,0,1999,0,98010,47.3107,-122.001,1560,12426
610000.0,5,2.5,3990,3839,1.0,0,0,4,8,2000,1962,0,98112,47.6236,-122.299,2090,5000
2453500.0,4,3.5,4730,13586,1.5,0,0,5,10,460,1935,0,98112,47.6319,-122.288,3710,8828
235000.0,3,1.75,1370,14030,1.0,0,0,4,8,0,1977,0,98092,47.2969,-122.163,2100,15260
645000.0,4,2.5,2430,14400,1.0,0,0,5,8,760,1963,0,98007,47.6202,-122.138,2140,9048
239000.0,3,1.5,1330,6540,1.0,0,0,3,7,430,1971,0,98188,47.4239,-122.292,1400,11500
580000.0,3,2.25,1640,8625,1.0,0,0,3,8,320,1987,0,98052,47.6772,-122.153,1770,9476
390000.0,4,2.25,3060,7920,1.0,0,0,3,7,1530,1965,0,98178,47.4879,-122.245,1850,7800
279000.0,3,1.5,1780,16000,1.0,0,0,2,7,540,1960,0,98198,47.419,-122.322,1860,9775
185000.0,2,1.0,1122,9100,1.0,0,0,4,6,0,1960,0,98023,47.328,-122.341,840,9344
511000.0,5,2.5,3361,6983,2.0,0,0,3,10,0,2006,0,98092,47.3427,-122.169,3112,6920
607000.0,3,1.0,1230,8114,1.0,0,0,4,7,0,1951,0,98004,47.5822,-122.196,2220,8114
270000.0,4,2.5,1920,8497,2.0,0,0,3,8,0,1998,0,98092,47.2608,-122.209,1940,8436
334009.0,4,2.0,1650,9305,1.0,0,0,4,6,0,1960,0,98034,47.7183,-122.213,1860,7486
545000.0,5,3.75,2380,7268,1.0,0,0,3,8,950,2008,0,98106,47.5571,-122.357,2040,10810
600000.0,3,1.75,2300,12682,1.0,0,2,3,8,0,1955,0,98028,47.7588,-122.27,2720,14643
185000.0,5,1.75,1990,27810,1.0,0,0,3,7,0,1955,0,98023,47.3325,-122.35,2240,20000
300000.0,2,1.0,1100,7680,1.0,0,0,4,7,0,1950,0,98133,47.7439,-122.339,1460,7680
221000.0,3,1.0,1250,7280,1.0,0,0,3,7,0,1965,0,98001,47.3414,-122.286,1450,7350
475000.0,3,1.75,1260,10065,1.0,0,0,3,7,0,1954,2014,98006,47.5727,-122.138,1320,10278
750000.0,2,1.0,1620,6120,1.0,0,0,3,7,0,1951,0,98115,47.6731,-122.326,1650,4590
280000.0,2,1.0,910,4662,1.0,0,0,5,6,0,1942,0,98106,47.5232,-122.354,890,6050
717500.0,3,2.5,2530,9932,2.0,0,0,3,8,0,1995,0,98052,47.6853,-122.16,2140,7950
1085000.0,3,2.5,2840,7500,2.0,0,3,3,11,0,1997,0,98034,47.7049,-122.224,2580,5918
1650000.0,4,3.25,3910,7500,2.0,0,0,3,10,0,2006,0,98033,47.6527,-122.198,2600,9235
555000.0,3,2.5,2160,7584,2.0,0,0,3,8,0,1988,0,98029,47.5751,-122.014,2160,7372
479000.0,3,2.25,2110,11319,2.0,0,0,4,8,0,1978,0,98072,47.742,-122.105,1860,11319
289999.0,5,2.5,2180,8240,1.0,0,0,4,8,960,1977,0,98092,47.3122,-122.191,2050,7590
420000.0,4,1.75,1320,4978,1.0,0,0,4,7,380,1942,0,98126,47.5266,-122.379,1260,4693
450000.0,3,1.75,1540,61419,1.0,0,0,3,7,0,1967,0,98028,47.7663,-122.228,3790,8529
406250.0,4,3.25,2550,11524,2.0,0,0,3,8,0,1990,0,98019,47.7324,-121.963,2370,14001
320000.0,4,2.75,1640,3000,1.0,0,0,3,7,640,1984,0,98118,47.5625,-122.283,1150,4545
540000.0,4,2.5,2710,9248,2.0,0,0,3,7,0,2011,0,98065,47.5164,-121.875,2710,5000
183000.0,3,1.75,1070,8100,1.0,0,0,4,6,0,1957,0,98002,47.2853,-122.22,1260,8100
1395000.0,4,3.0,3520,128502,2.0,0,2,4,10,0,1981,0,98072,47.7448,-122.117,3260,79714
180000.0,3,1.0,1280,4875,1.0,0,0,5,6,0,1969,0,98042,47.3686,-122.081,1060,4875
925000.0,3,3.0,2560,3600,2.0,0,0,3,10,450,1994,0,98119,47.633,-122.37,2160,3600
610000.0,3,1.0,1180,3400,1.5,0,0,3,8,0,1907,0,98109,47.6376,-122.353,1440,3400
855000.0,3,2.25,3440,10628,2.0,0,2,3,10,0,1985,0,98006,47.5647,-122.108,3170,11434
325000.0,3,2.25,1480,97138,1.5,0,0,3,7,0,1984,0,98010,47.3317,-121.927,1730,176418
1810000.0,3,2.25,2910,15626,1.5,0,0,4,9,400,1923,0,98199,47.6534,-122.412,2370,6519
552500.0,3,1.5,1300,1435,2.0,0,0,3,8,180,2007,0,98122,47.6114,-122.31,1320,1652
440000.0,3,2.5,1040,1032,3.0,0,0,3,7,0,2007,0,98107,47.6673,-122.377,1290,1275
330000.0,3,1.75,1590,9417,1.0,0,0,4,7,0,1954,0,98177,47.7617,-122.36,1600,9272
354500.0,3,1.0,1150,11396,1.5,0,0,4,7,0,1950,0,98155,47.7435,-122.296,1600,8146
1450000.0,4,3.25,3770,4103,2.0,0,0,5,9,1060,1925,0,98109,47.641,-122.349,2560,4160
173000.0,2,1.0,1740,8100,1.0,0,0,3,6,690,1947,0,98168,47.4942,-122.304,960,8100
875000.0,2,2.5,2720,4913,1.0,0,1,4,8,1020,1936,0,98199,47.6384,-122.404,2520,5303
325000.0,2,2.5,1170,1638,2.0,0,0,3,8,0,2008,0,98133,47.7041,-122.351,1350,1407
285000.0,2,1.0,910,8155,1.0,0,0,4,6,0,1948,0,98155,47.7399,-122.3,1240,8155
335000.0,3,2.5,2440,7632,2.0,0,0,3,8,0,1998,0,98003,47.3494,-122.301,2510,7903
650880.0,3,2.5,2930,6050,2.0,0,0,3,9,0,2008,0,98065,47.5151,-121.883,2760,5765
415000.0,3,1.5,1510,16800,1.0,0,0,5,8,0,1956,0,98133,47.751,-122.338,1560,7276
630000.0,5,1.75,2490,24969,1.0,0,2,4,8,950,1959,0,98023,47.336,-122.35,2790,15600
260000.0,3,2.75,1730,4131,2.0,0,2,3,7,250,1975,0,98106,47.5327,-122.346,1570,4120
525000.0,4,2.75,2300,26650,1.0,0,0,4,8,0,1950,0,98177,47.7771,-122.362,2000,9879
775000.0,3,2.5,3820,35016,2.0,0,0,4,9,0,1987,0,98053,47.6496,-122.041,3010,35190
3204000.0,4,4.0,4810,18851,2.0,0,3,3,11,0,2007,0,98004,47.6364,-122.214,3970,19929
369000.0,3,1.75,1300,3844,1.0,0,0,3,7,0,1985,0,98133,47.7024,-122.355,1290,3844
412000.0,2,1.0,1260,3960,1.0,0,0,3,6,570,1925,0,98117,47.6899,-122.391,1250,3960
1350000.0,4,2.0,2240,10296,1.0,0,0,5,8,0,1948,0,98004,47.6177,-122.217,2500,10918
747000.0,2,1.0,990,4000,1.0,0,0,4,7,0,1911,0,98103,47.6589,-122.341,1560,4000
300000.0,3,1.0,1320,7200,1.0,0,0,4,7,0,1959,0,98056,47.5048,-122.19,1720,7249
527950.0,4,1.75,1760,3600,1.0,0,0,5,7,880,1926,0,98103,47.6889,-122.33,1500,5580
733000.0,4,1.75,1930,3876,1.5,0,0,5,7,480,1924,0,98105,47.6604,-122.324,1280,3825
263500.0,4,1.75,2210,6375,1.0,0,0,3,8,570,1977,0,98003,47.3268,-122.328,2070,7210
833000.0,4,2.75,3780,10308,2.0,0,0,3,10,0,1999,0,98075,47.589,-121.983,3500,10740
431650.0,5,2.5,1710,7700,1.5,0,0,3,7,0,1962,0,98007,47.5922,-122.146,1530,7700
259000.0,3,2.0,1610,14046,2.0,0,0,3,7,0,1933,1988,98028,47.7704,-122.264,2410,9000
420000.0,3,1.5,1540,7506,1.0,0,0,5,7,0,1961,0,98155,47.7565,-122.325,2180,7653
290000.0,6,4.5,2810,11214,1.0,0,0,3,8,800,1958,0,98031,47.4045,-122.197,1940,8349
608500.0,4,3.5,2850,5577,2.0,0,0,3,8,900,2014,0,98056,47.5252,-122.192,2850,5708
465000.0,3,1.0,1580,3774,1.5,0,0,3,6,0,1900,0,98117,47.6839,-122.361,1580,3860
669500.0,4,2.25,2500,4046,1.5,0,0,4,7,980,1940,0,98117,47.6882,-122.382,1410,4046
490600.0,3,2.5,3316,11447,2.0,0,0,3,9,0,1986,0,98023,47.3036,-122.34,3000,11447
250000.0,3,2.5,1730,7200,2.0,0,0,4,7,0,1985,0,98031,47.4029,-122.196,1770,7396
751000.0,3,2.5,3380,9528,2.0,0,0,3,10,0,1994,0,98059,47.5275,-122.148,3630,14089
300000.0,3,2.5,1590,3381,2.0,0,0,3,7,0,2000,0,98019,47.7344,-121.986,1820,3383
547500.0,3,2.5,2550,10355,2.0,0,0,3,9,0,1990,0,98011,47.739,-122.203,2550,10084
203000.0,3,1.0,920,7500,1.0,0,0,4,7,0,1970,0,98032,47.3791,-122.289,1660,8000
333000.0,4,2.5,2100,7208,2.0,0,0,3,8,0,1974,0,98058,47.4478,-122.128,2060,7480
266000.0,3,2.5,1940,8547,1.0,0,0,3,7,480,1989,0,98030,47.3491,-122.177,1750,7803
262000.0,3,1.75,1320,6530,1.0,0,0,4,7,0,1989,0,98023,47.2871,-122.354,1620,6817
530000.0,2,2.5,1900,2983,2.0,0,0,3,8,0,2006,0,98053,47.7029,-122.015,1510,3876
482500.0,2,2.5,1170,809,2.0,0,0,3,9,0,2007,0,98103,47.6875,-122.339,1170,1121
311100.0,4,2.25,2130,8078,1.0,0,0,4,7,750,1977,0,98055,47.4482,-122.209,2300,8112
540000.0,3,2.0,1470,1691,2.0,0,0,3,8,470,2007,0,98115,47.6743,-122.316,1660,4000
265000.0,3,2.0,1690,9516,1.0,0,0,3,7,0,1997,0,98022,47.2132,-122.001,1850,9516
729000.0,3,1.5,1770,30689,1.0,0,4,3,9,0,1953,0,98177,47.7648,-122.37,2650,30280
640000.0,2,1.0,1360,5000,1.0,0,0,3,7,160,1936,0,98199,47.6372,-122.392,1540,4000
361000.0,3,2.25,2470,5650,1.0,0,2,3,7,920,1973,0,98178,47.5072,-122.252,1660,5650
277554.0,5,2.25,2350,13000,1.0,0,0,3,7,0,1961,0,98178,47.4939,-122.256,1570,11440
234000.0,4,2.5,1820,8217,1.0,0,0,3,7,700,1987,0,98001,47.263,-122.242,1310,8217
1260000.0,3,3.0,3230,8625,2.0,0,3,3,10,1010,1998,0,98116,47.562,-122.404,2330,6022
411000.0,2,2.5,1590,2088,2.0,0,0,3,9,0,1997,0,98033,47.6897,-122.175,2320,3174
188000.0,1,1.0,550,16345,1.0,0,0,3,4,0,1945,0,98106,47.5181,-122.339,1100,9240
485000.0,3,2.25,1570,6810,1.0,0,0,3,8,390,1988,0,98074,47.6176,-122.044,1620,6584
520000.0,3,1.75,2300,35722,1.0,0,0,3,9,0,1984,0,98072,47.7455,-122.112,2600,34798
800000.0,4,2.5,2570,50308,1.5,0,0,3,10,0,1993,0,98077,47.7418,-122.039,3420,37891
893880.0,6,2.5,2820,8600,1.0,0,0,5,8,1390,1967,0,98006,47.565,-122.144,2070,8900
449400.0,4,3.0,2490,5064,2.0,0,0,3,7,0,2007,0,98056,47.5139,-122.189,2470,5064
579000.0,3,2.5,1640,1269,3.0,0,0,3,8,0,2009,0,98112,47.6197,-122.3,1590,1231
425000.0,3,2.75,3610,107386,1.5,1,3,3,8,480,1918,1962,98023,47.3351,-122.362,2630,42126
680000.0,4,2.75,2720,54048,2.0,0,0,3,8,0,1985,0,98072,47.7181,-122.089,2580,37721
255000.0,3,2.25,1320,963,2.0,0,0,3,7,280,2007,0,98106,47.5199,-122.357,1300,1285
299000.0,3,1.0,1200,15843,1.0,0,2,3,7,0,1955,0,98045,47.4991,-121.779,1410,15843
325000.0,2,1.75,1670,10725,1.0,0,0,3,7,0,1965,0,98178,47.4893,-122.229,1600,10725
541125.0,5,2.75,2740,8426,1.0,0,0,4,8,1370,1960,0,98006,47.5563,-122.184,2020,8783
455000.0,4,2.5,1770,13168,2.0,0,0,3,7,0,1990,0,98019,47.7306,-121.966,2050,14859
378500.0,4,1.75,1700,8640,1.0,0,0,3,7,850,1955,0,98006,47.5772,-122.153,1620,9000
479000.0,3,2.5,1710,8998,2.0,0,0,3,8,0,1982,0,98052,47.7236,-122.11,1710,9859
696500.0,5,2.25,3210,61419,1.5,0,0,3,8,0,1979,0,98077,47.7632,-122.09,2820,48351
887200.0,3,1.0,1400,5100,1.5,0,0,3,7,0,1900,0,98103,47.6677,-122.333,1740,3060
475000.0,4,2.25,2110,7560,2.0,0,0,4,8,0,1974,0,98034,47.7331,-122.183,2110,7560
300000.0,3,1.75,1310,9761,1.0,0,0,3,7,0,1967,0,98034,47.721,-122.228,1490,9600
625000.0,5,2.75,2910,85377,1.0,0,0,4,8,1400,1966,0,98027,47.48,-122.03,2160,66120
607000.0,4,2.75,2150,16728,1.0,0,0,4,8,910,1982,0,98033,47.6915,-122.183,2200,9257
493500.0,3,1.75,1800,16026,1.0,0,0,3,8,410,1972,0,98008,47.5815,-122.121,2210,13959
375000.0,1,1.0,800,533610,1.5,0,0,5,5,0,1950,0,98038,47.4134,-121.986,1790,216057
276000.0,3,2.5,2495,4400,2.0,0,0,3,8,0,2007,0,98001,47.2877,-122.283,2434,4400
450000.0,3,2.0,1510,43560,1.0,0,0,3,7,0,1954,0,98077,47.7218,-122.079,2060,67756
246000.0,3,1.75,1440,11325,1.0,0,0,4,8,0,1966,0,98001,47.3503,-122.279,1440,20000
295000.0,4,2.5,1677,7209,2.0,0,0,3,7,0,2011,0,98023,47.2957,-122.357,2236,7209
550000.0,3,1.75,1650,3200,1.5,0,0,3,8,0,1901,0,98102,47.6209,-122.317,1500,2400
600000.0,3,1.75,1880,6360,1.0,0,0,4,7,840,1945,0,98115,47.6878,-122.286,1770,6175
482000.0,3,2.25,1710,21485,2.0,0,0,3,7,0,1989,0,98074,47.6198,-122.053,1680,21485
650000.0,3,1.5,1380,4290,1.0,0,0,3,7,300,1955,0,98107,47.674,-122.379,1510,3900
390000.0,3,2.25,2270,32112,1.0,0,0,4,8,530,1980,0,98042,47.3451,-122.094,2310,41606
440000.0,4,1.0,1440,6678,1.0,0,0,3,7,400,1950,0,98116,47.571,-122.392,1320,6678
585000.0,3,2.5,1750,1381,3.0,0,0,3,8,0,2008,0,98122,47.6021,-122.294,1940,4800
400000.0,3,2.0,1230,11413,1.0,0,0,3,7,240,1984,0,98074,47.6321,-122.034,1570,11517
233000.0,3,1.75,1460,7800,1.0,0,0,2,7,420,1979,0,98023,47.3035,-122.382,1310,7865
90000.0,3,1.0,980,2490,2.0,0,0,4,6,0,1969,0,98092,47.317,-122.182,980,3154
450000.0,2,2.75,2810,11205,1.0,0,0,3,7,1300,1968,0,98178,47.4869,-122.243,2520,13000
545000.0,3,2.0,1550,4000,1.0,0,0,3,7,610,1955,0,98199,47.6379,-122.387,1880,4000
525000.0,3,1.75,2300,43560,1.0,0,0,4,7,950,1979,0,98077,47.7716,-122.101,2320,57000
277284.0,3,1.75,1030,4800,1.0,0,0,3,6,100,1927,0,98126,47.566,-122.373,1540,4800
635000.0,4,2.5,2070,11286,2.0,0,0,3,8,0,1996,0,98056,47.5284,-122.173,2440,10826
354000.0,3,1.75,1260,12330,1.0,0,0,3,7,0,1968,0,98072,47.7412,-122.095,1320,12800
920000.0,5,3.0,2230,4400,2.0,0,0,3,7,500,1913,0,98102,47.6404,-122.325,1280,1800
750500.0,5,3.0,2170,2440,1.5,0,0,4,8,720,1911,0,98115,47.6724,-122.317,2070,4000
446000.0,3,1.75,1460,9998,1.0,0,0,3,7,500,1958,0,98028,47.7434,-122.242,1460,9998
237000.0,3,2.5,1490,2138,2.0,0,0,3,7,0,2005,0,98055,47.4324,-122.197,1490,2094
319000.0,3,2.5,1610,8544,2.0,0,0,5,7,0,1994,0,98038,47.3714,-122.054,1840,8190
730000.0,5,3.0,2500,11779,1.0,0,0,4,8,950,1971,0,98006,47.5696,-122.127,2580,12055
1650000.0,4,2.5,2780,11904,1.0,0,1,5,8,1050,1951,0,98004,47.6209,-122.216,3590,13860
1089000.0,5,3.25,5600,107157,2.0,0,0,3,10,2160,1988,0,98072,47.7341,-122.102,3470,75794
290000.0,2,1.0,850,6800,1.0,0,0,3,7,0,1948,0,98133,47.7282,-122.337,870,6800
383000.0,4,2.0,1830,21183,1.0,0,0,4,7,770,1966,0,98059,47.4826,-122.128,1950,6120
455000.0,3,1.75,1760,11371,1.0,0,0,5,8,0,1959,0,98155,47.7616,-122.273,2220,19884
378500.0,2,1.0,880,6171,1.0,0,0,4,7,0,1949,0,98125,47.7262,-122.285,2260,12769
250000.0,3,2.0,1560,32137,1.0,0,0,5,7,650,1976,0,98092,47.3197,-122.117,1470,29150
495000.0,4,3.0,2740,2811,2.0,0,0,3,8,500,2003,0,98072,47.7738,-122.158,2740,3596
493000.0,3,2.75,1720,6720,1.0,0,0,4,7,450,1947,0,98122,47.6138,-122.298,1690,3248
226000.0,4,1.0,1270,6459,1.5,0,0,3,7,0,1918,0,98118,47.5441,-122.273,1300,4100
725000.0,3,1.0,940,8377,1.0,0,0,4,7,0,1952,0,98004,47.5974,-122.2,1710,6900
616500.0,3,2.5,3580,118047,1.0,0,0,3,9,340,1992,0,98027,47.4453,-121.98,3240,123275
245000.0,3,2.25,1780,9598,2.0,0,0,4,7,0,1985,0,98030,47.3718,-122.182,1820,7533
899000.0,4,2.25,2370,6000,1.0,0,2,3,8,930,1959,0,98177,47.7023,-122.388,3280,8843
1010000.0,4,3.5,3130,5000,3.0,0,0,3,10,0,2014,0,98116,47.5656,-122.403,1950,5152
797000.0,3,3.5,3500,9473,2.0,0,0,3,10,0,2008,0,98075,47.5807,-121.972,3510,7833
600000.0,4,2.25,2260,43847,2.0,0,0,3,8,0,1982,0,98072,47.7713,-122.129,2470,37304
399900.0,3,1.0,860,1664,1.5,0,0,3,7,0,1927,0,98117,47.6761,-122.384,1540,4080
499990.0,4,2.75,2910,6334,2.0,0,0,3,8,0,2013,0,98045,47.4826,-121.771,2790,6352
366000.0,2,1.0,1210,3090,1.0,0,0,3,6,350,1926,0,98118,47.5532,-122.277,1210,3348
235500.0,5,2.5,2340,13713,1.0,0,0,2,8,670,1967,0,98003,47.3307,-122.324,2080,11000
505000.0,3,1.75,1240,4550,1.5,0,0,4,7,0,1951,0,98116,47.5803,-122.398,2110,5700
371000.0,3,1.0,890,7200,1.0,0,0,3,7,0,1951,0,98125,47.71,-122.286,1630,7455
260000.0,3,2.0,1630,8018,1.0,0,0,3,7,0,2003,0,98001,47.2638,-122.243,1610,8397
475000.0,4,1.5,2320,5534,1.5,0,0,4,7,780,1915,0,98103,47.6944,-122.355,1670,5913
440000.0,4,2.75,2030,56192,1.0,0,0,3,8,480,1979,0,98077,47.752,-122.073,2510,44866
325000.0,3,1.0,1160,11799,1.0,0,0,3,7,0,1966,0,98034,47.7263,-122.229,1220,10500
299500.0,4,2.25,1600,15312,1.0,0,0,4,7,520,1979,0,98045,47.4629,-121.743,1620,12375
455000.0,3,1.75,1300,9600,1.0,0,0,4,7,0,1969,0,98052,47.6388,-122.103,2070,9775
549950.0,2,1.0,1260,4000,1.0,0,0,3,7,260,1940,0,98117,47.6898,-122.384,1780,4000
215000.0,3,1.75,1430,13399,1.0,0,0,4,7,530,1946,0,98168,47.4787,-122.275,1720,6415
925500.0,3,2.75,1970,5200,1.5,0,3,3,8,0,1915,2002,98136,47.5374,-122.388,2140,5200
339950.0,4,2.25,2670,9040,1.0,0,0,3,8,500,1955,0,98148,47.4666,-122.326,1880,2648
730000.0,2,1.0,1860,3400,1.0,0,0,3,7,850,1920,0,98105,47.6714,-122.329,1540,3997
249000.0,2,2.0,1090,1357,2.0,0,0,3,7,0,1990,0,98028,47.7526,-122.244,1078,1318
465000.0,3,1.75,1480,6360,1.0,0,0,3,7,0,1954,0,98133,47.7311,-122.353,1480,6360
405000.0,3,2.0,1450,6081,1.0,0,0,4,7,0,1969,0,98155,47.7522,-122.278,1880,6000
1230000.0,4,2.5,3040,7000,2.0,0,0,3,9,0,2001,0,98040,47.5934,-122.244,2320,17511
529000.0,3,2.5,3070,22098,2.0,0,0,3,9,0,1995,0,98059,47.4724,-122.147,3070,21803
862500.0,4,2.5,3220,4400,2.0,0,2,3,9,1040,1937,0,98199,47.6325,-122.394,3000,5000
322000.0,3,3.25,1380,1225,3.0,0,0,3,7,0,2000,0,98133,47.7035,-122.351,1380,1704
744000.0,4,2.5,3140,7260,2.0,0,0,3,8,940,2004,0,98006,47.5664,-122.124,2860,8186
515000.0,3,2.0,1810,2738,2.0,0,0,4,9,0,1979,0,98008,47.6112,-122.115,1760,2754
659000.0,4,2.25,2610,24931,2.0,0,0,3,8,0,1983,0,98075,47.5771,-122.05,2550,18306
485000.0,2,2.0,1510,3961,1.0,0,0,3,8,0,2010,0,98053,47.709,-122.018,1510,3962
354000.0,4,2.5,2580,5476,2.0,0,0,3,8,0,2005,0,98031,47.4042,-122.205,2900,5476
438000.0,3,1.75,1990,9885,1.0,0,0,4,7,960,1978,0,98052,47.6722,-122.162,1560,10000
402000.0,3,1.0,1200,6825,1.0,0,0,3,7,0,1954,2013,98133,47.7491,-122.353,1470,8100
475000.0,3,1.75,1680,3420,1.0,0,0,3,7,720,1992,0,98115,47.6855,-122.291,1680,4080
344000.0,2,2.0,1300,4659,1.0,0,0,3,8,0,2005,0,98053,47.7132,-122.033,1640,4780
470000.0,5,2.0,1900,6000,1.5,0,0,4,6,0,1920,0,98033,47.6831,-122.186,2110,8400
440000.0,4,2.75,2420,10200,1.0,0,0,3,8,1200,1962,0,98034,47.72,-122.236,2240,9750
257000.0,3,1.75,1850,10920,1.5,0,0,3,6,0,1915,0,98034,47.7244,-122.222,1510,7871
286000.0,2,1.0,1170,6543,1.0,0,0,3,7,0,1913,0,98136,47.537,-122.385,1550,7225
505000.0,3,1.75,1800,7210,1.0,0,0,3,7,430,1976,0,98072,47.7346,-122.17,1820,8100
650000.0,4,2.0,1820,5000,1.5,0,1,3,7,180,1945,0,98115,47.6815,-122.269,2060,5000
664000.0,4,2.5,1870,16200,1.0,0,0,5,8,620,1974,0,98033,47.6651,-122.174,2000,11250
314500.0,3,1.75,1700,17355,1.0,0,0,3,7,500,1978,0,98038,47.3637,-122.057,1900,9528
280000.0,4,2.5,2200,5893,2.0,0,0,3,7,0,2008,0,98042,47.3333,-122.055,2200,5757
550000.0,2,1.5,900,5750,1.0,0,2,3,7,0,1940,0,98116,47.5623,-122.384,1300,1413
460000.0,4,2.5,2680,11998,1.0,0,3,3,8,1170,1960,0,98003,47.337,-122.321,2680,12746
630000.0,4,1.75,1930,10210,1.5,0,2,3,8,260,1941,0,98125,47.7078,-122.277,2730,6600
830000.0,3,3.5,3820,145054,2.0,0,3,3,9,950,1999,0,98045,47.4419,-121.736,2500,95950
415000.0,3,1.5,1270,1483,3.0,0,0,3,8,0,2007,0,98115,47.6987,-122.317,1270,1413
570000.0,6,2.5,3370,15625,1.0,0,0,3,8,1600,1964,0,98166,47.4223,-122.343,2790,15681
778000.0,3,2.0,1840,6000,2.0,0,0,5,7,120,1946,0,98033,47.6828,-122.207,1390,6000
1010000.0,4,2.75,2940,5400,1.5,0,2,5,8,1000,1910,0,98119,47.6366,-122.369,1970,2008
274950.0,3,2.25,1570,8767,1.0,0,0,3,7,390,1990,0,98038,47.3568,-122.038,1570,7434
850000.0,5,2.0,2310,13430,1.5,0,0,4,8,0,1966,0,98004,47.6395,-122.203,2810,13906
490000.0,3,2.75,1990,31200,1.0,0,0,3,8,0,1986,0,98029,47.5544,-122.035,3120,29625
540000.0,4,3.5,3510,6005,2.0,0,0,3,8,760,2010,0,98065,47.5168,-121.87,3090,5866
1000000.0,5,3.0,3350,9450,2.0,0,0,5,8,1170,1912,1980,98103,47.6705,-122.34,2660,4500
525000.0,2,1.0,1360,6120,1.0,0,0,3,7,300,1947,0,98115,47.6841,-122.291,1800,5100
282613.0,2,1.0,830,6017,1.0,0,0,4,6,0,1954,0,98133,47.7466,-122.334,1340,6040
500000.0,4,1.75,2290,9215,1.0,0,0,5,8,1020,1969,0,98027,47.5328,-122.051,2290,10200
465000.0,3,1.5,1280,4720,1.0,0,0,4,7,430,1941,0,98126,47.5509,-122.377,1280,4720
210000.0,3,1.5,1250,9484,1.0,0,0,4,7,0,1969,0,98042,47.3675,-122.147,1320,9600
315000.0,3,2.0,1300,3731,1.0,0,0,3,7,400,1993,0,98118,47.5374,-122.27,1300,3731
700000.0,3,2.5,2060,10650,1.0,0,0,5,8,1010,1976,0,98006,47.5627,-122.137,2690,8850
700000.0,4,2.0,1830,4590,2.0,0,0,3,8,0,1908,0,98105,47.6593,-122.327,1650,4590
300523.0,3,2.5,2370,6840,2.0,0,0,3,9,0,1987,0,98119,47.6503,-122.366,1590,4400
270000.0,4,2.5,1660,8063,1.0,0,0,4,7,0,1978,0,98198,47.3761,-122.32,1060,8437
415000.0,4,2.5,2670,8279,2.0,0,0,3,7,0,1999,0,98148,47.4292,-122.328,2290,7504
290000.0,3,1.5,1040,9997,1.0,0,0,4,7,0,1955,0,98155,47.7583,-122.302,1040,8699
760005.0,4,2.75,3090,5859,2.0,0,0,3,9,0,2010,0,98074,47.6057,-122.047,2960,5250
265000.0,3,1.75,1680,9769,1.0,0,0,3,8,340,1989,0,98058,47.4631,-122.126,1730,9686
500000.0,3,2.5,1480,1171,3.0,0,0,3,8,0,2006,0,98112,47.62,-122.3,1480,1231
880000.0,4,2.5,3550,8618,2.0,0,0,3,10,0,2007,0,98052,47.6776,-122.161,1310,9746
169317.0,2,1.0,790,4000,1.0,0,2,3,7,0,1908,0,98112,47.6248,-122.301,1700,4200
670000.0,4,1.75,1930,9310,1.0,0,0,4,9,0,1968,0,98008,47.6158,-122.108,2110,10290
739999.0,4,2.75,3350,6500,2.0,0,0,3,10,0,1999,0,98075,47.5838,-122.027,2960,6970
524000.0,3,2.25,2140,6720,1.0,0,0,3,8,700,1961,0,98117,47.6949,-122.396,2060,6720
198400.0,3,1.0,1040,8645,1.0,0,0,4,7,0,1962,0,98042,47.3631,-122.116,1290,8645
225000.0,3,1.75,1350,9793,1.0,0,0,4,7,0,1968,0,98022,47.1981,-122.003,1690,8080
450000.0,3,2.0,1430,3480,1.0,0,0,3,7,450,1947,0,98103,47.6874,-122.336,1450,4650
330000.0,2,1.0,720,7250,1.0,0,0,3,5,0,1943,0,98027,47.5267,-122.032,1760,7250
365000.0,3,2.5,2470,7700,2.0,0,0,4,8,0,1990,0,98031,47.4096,-122.17,2400,7700
1200000.0,5,3.5,3900,4400,2.0,0,0,3,9,1250,2014,0,98107,47.6607,-122.362,1190,4400
447500.0,2,2.25,1180,2090,2.0,0,0,3,7,0,2004,0,98122,47.6032,-122.31,1550,2812
510000.0,4,2.5,2430,5203,2.0,0,0,3,8,0,2003,0,98155,47.7402,-122.317,2260,7474
237000.0,3,2.0,1210,6634,1.0,0,0,4,7,0,1985,0,98031,47.4097,-122.193,1560,7200
1151250.0,4,2.5,1940,4875,2.0,0,0,4,9,0,1925,0,98112,47.6427,-122.304,1790,4875
849900.0,2,2.0,2280,641203,2.0,0,0,3,9,0,1990,0,98070,47.4125,-122.455,2030,224334
475000.0,3,1.5,1930,11092,1.0,0,0,3,7,430,1983,0,98074,47.634,-122.033,1230,10964
476500.0,3,1.0,1060,8625,2.0,0,0,4,7,0,1962,1997,98033,47.6615,-122.179,2010,8901
705000.0,4,2.0,1820,5001,2.0,0,0,3,7,0,1947,2002,98119,47.6438,-122.373,1440,5408
459990.0,3,2.5,2680,5539,2.0,0,0,3,8,0,2013,0,98045,47.4761,-121.734,2990,6037
600000.0,4,2.75,2950,5803,2.0,0,0,3,9,0,2007,0,98028,47.7368,-122.231,2940,5803
325000.0,3,2.5,1880,6818,2.0,0,0,3,8,0,1993,0,98031,47.4206,-122.183,1970,7000
1000000.0,5,1.0,2010,5210,1.5,0,0,3,9,120,1927,0,98119,47.6501,-122.37,2330,5000
535000.0,4,1.75,1570,3250,1.5,0,0,5,8,0,1928,0,98136,47.5405,-122.393,1570,5720
970000.0,3,2.25,3060,9950,1.5,0,2,4,9,1250,1930,0,98144,47.579,-122.284,4950,10655
431000.0,3,1.75,1660,12865,1.0,0,0,5,7,0,1967,0,98056,47.5375,-122.175,1610,12400
512031.0,3,1.75,1540,3000,1.0,0,2,3,7,770,1920,0,98117,47.6769,-122.36,1420,4200
375000.0,4,2.5,2250,5306,2.0,0,0,3,8,0,2012,0,98038,47.356,-122.057,2250,5306
557800.0,4,1.75,1550,6000,1.0,0,0,5,7,0,1944,0,98199,47.6567,-122.399,1550,6000
957000.0,5,3.25,3160,5000,2.0,0,2,3,10,980,2005,0,98199,47.6464,-122.405,3160,5746
330000.0,3,2.25,1960,1985,2.0,0,0,3,7,210,2003,0,98118,47.5417,-122.289,1760,1985
175000.0,3,1.0,1030,6600,1.0,0,0,3,7,0,1954,0,98146,47.4941,-122.34,1220,9040
491234.0,4,2.5,1540,1860,2.0,0,0,3,8,0,2014,0,98029,47.5521,-121.999,1210,1090
350000.0,3,2.0,1680,81893,1.0,0,0,3,7,0,1991,0,98092,47.3248,-122.179,2480,38637
560000.0,3,2.75,1370,1193,3.0,0,0,3,8,0,2003,0,98107,47.67,-122.392,1320,1180
385000.0,3,2.0,1600,10318,1.0,0,0,3,7,670,1941,0,98133,47.7466,-122.347,1590,7040
699000.0,3,2.0,2010,4320,2.0,0,2,3,9,0,1999,0,98118,47.5153,-122.256,1640,5225
293000.0,3,1.0,1020,7650,1.0,0,0,3,7,0,1940,0,98133,47.7198,-122.352,1440,7650
199000.0,2,1.0,1140,15120,1.0,0,0,4,6,150,1932,0,98055,47.4521,-122.196,2320,11250
253000.0,3,1.0,1030,6250,1.0,0,0,3,7,0,1960,1997,98056,47.4988,-122.168,1160,7250
1280000.0,4,2.5,3160,4620,1.5,0,4,3,9,1140,1917,2005,98116,47.5875,-122.382,2790,5308
277000.0,3,1.0,1100,8536,1.0,0,0,4,7,0,1957,0,98118,47.5162,-122.261,1570,8040
631500.0,2,2.5,1780,2493,3.0,0,0,3,8,0,1981,0,98107,47.6704,-122.358,2050,4400
895990.0,4,2.75,3555,6565,2.0,0,0,3,9,0,2014,0,98053,47.6847,-122.017,3625,5637
650000.0,4,2.0,2208,5000,3.0,0,0,5,8,0,1917,0,98116,47.5711,-122.383,1760,5000
573500.0,3,1.0,2200,21450,1.0,0,0,4,9,600,1952,0,98166,47.4527,-122.372,1880,11250
760000.0,4,1.75,2770,8521,1.0,0,0,4,7,1300,1953,0,98004,47.6255,-122.199,1910,9380
720000.0,3,1.75,2040,4000,2.0,0,0,5,7,680,1924,0,98105,47.6675,-122.289,1610,4000
515000.0,2,1.0,910,4725,1.0,0,0,3,7,0,1949,0,98115,47.676,-122.281,1600,5200
875000.0,3,2.75,3270,39586,1.5,0,0,3,11,0,1988,0,98077,47.731,-122.078,3480,35998
281500.0,3,1.0,1270,7500,1.0,0,0,3,7,0,1953,0,98146,47.4921,-122.339,1340,3000
355000.0,3,1.0,940,8512,1.0,0,0,4,7,0,1967,0,98033,47.7002,-122.191,1060,8512
216650.0,3,3.5,1540,1427,2.0,0,0,3,7,180,2007,0,98109,47.542,-122.322,1220,4000
405000.0,3,1.75,1520,7252,1.0,0,0,3,7,380,1975,0,98072,47.7358,-122.175,1910,7820
311000.0,4,2.25,3340,8000,2.0,0,0,4,8,0,1973,0,98023,47.317,-122.385,2230,8000
850000.0,4,3.0,3070,7150,2.0,0,0,3,9,0,2007,0,98052,47.7079,-122.107,3200,6984
380000.0,2,1.0,1120,7560,1.0,0,1,3,6,0,1947,0,98177,47.77,-122.39,1120,7200
305000.0,4,2.25,2210,9371,2.0,0,0,4,8,0,1968,0,98032,47.3634,-122.279,2300,11584
1081000.0,4,3.0,2490,4325,1.5,0,0,3,8,800,1922,2003,98105,47.6628,-122.326,1960,4284
925000.0,5,5.5,5190,12637,2.0,0,2,3,11,0,2001,0,98065,47.5424,-121.872,3840,12637
475000.0,2,1.75,1490,224334,1.0,0,2,3,8,0,1983,0,98092,47.2645,-122.163,2350,213879
350000.0,3,2.5,2180,15484,1.0,0,0,3,8,0,1992,0,98003,47.2688,-122.309,2090,10775
330000.0,3,1.5,1690,10250,1.0,0,0,4,7,0,1955,0,98166,47.4531,-122.344,1990,11084
580000.0,3,2.5,2150,4604,2.0,0,0,3,8,0,2003,0,98075,47.5893,-122.019,2280,4253
292000.0,4,3.0,1984,4460,2.0,0,0,3,7,0,2012,0,98002,47.3532,-122.211,2095,3402
270000.0,3,1.75,1800,9314,2.0,0,0,3,8,0,1979,0,98011,47.7762,-122.198,2100,9658
420000.0,3,2.25,1620,1075,3.0,0,0,3,8,80,2009,0,98027,47.5405,-122.026,1620,1237
510000.0,4,2.0,2990,102366,1.0,0,0,4,8,0,1974,0,98092,47.3068,-122.088,2820,57140
269950.0,3,2.5,1480,9743,2.0,0,0,4,7,0,1996,0,98010,47.3293,-122.001,1810,9601
355000.0,3,1.5,1370,4790,2.0,0,0,4,7,0,1982,0,98034,47.7253,-122.164,1370,3799
467000.0,3,2.5,1530,3984,2.0,0,0,3,8,0,1995,0,98029,47.569,-122.007,1720,4005
1700000.0,4,3.5,3830,8963,2.0,0,0,3,10,710,2014,0,98004,47.599,-122.197,2190,10777
950000.0,3,2.5,2280,2296,3.0,0,0,3,9,390,2013,0,98112,47.6256,-122.299,1390,4000
240000.0,4,2.0,1750,7800,1.0,0,0,4,6,0,1944,0,98166,47.4791,-122.347,1270,7800
426000.0,2,1.0,1630,7680,1.0,0,0,3,7,800,1947,0,98125,47.7092,-122.291,1250,7740
795000.0,4,2.5,2920,14210,2.0,0,0,4,10,0,1978,0,98007,47.6196,-122.15,2840,13702
476500.0,3,1.0,1200,6120,1.0,0,0,4,7,250,1945,0,98115,47.6929,-122.287,1550,6120
399888.0,4,2.25,1820,8255,1.5,0,0,4,7,500,1930,0,98133,47.723,-122.337,1550,7628
628000.0,5,2.75,2600,8160,2.0,0,0,3,8,0,2015,0,98133,47.7348,-122.34,1600,8160
869000.0,4,3.0,3740,30884,2.0,0,0,3,9,680,1988,0,98072,47.7505,-122.117,3240,37031
305000.0,4,2.25,2130,9600,1.0,0,0,4,7,0,1966,0,98031,47.4119,-122.211,1710,9600
479349.0,5,3.0,3223,6371,2.0,0,0,3,9,0,2014,0,98042,47.3584,-122.163,1979,9008
790000.0,5,3.25,3030,20446,2.0,0,2,3,9,900,1976,0,98008,47.6133,-122.106,2890,20908
722000.0,4,2.75,3190,5408,2.0,0,0,3,9,0,2005,0,98075,47.5903,-121.988,3160,5773
303697.0,4,2.0,2520,7334,1.0,0,0,3,7,920,1955,0,98125,47.7263,-122.291,2040,7937
321950.0,2,1.25,860,1277,2.0,0,0,3,7,0,2007,0,98144,47.5842,-122.314,1280,1265
220000.0,2,1.0,1060,10423,1.5,0,0,3,7,0,1965,0,98125,47.705,-122.313,2240,10200
825000.0,3,1.75,2010,3090,1.5,0,0,5,7,500,1926,0,98103,47.682,-122.348,1600,3150
690700.0,5,2.75,2870,5349,2.0,0,0,3,9,0,2005,0,98059,47.5405,-122.187,2800,5000
958000.0,4,3.5,1800,6400,2.0,0,2,3,8,0,1984,2011,98112,47.625,-122.3,1700,4736
600000.0,2,1.75,1550,7764,1.0,1,4,4,8,0,1965,1986,98070,47.358,-122.446,1690,11620
621500.0,5,2.5,2140,15950,1.0,0,2,4,8,770,1968,0,98166,47.4797,-122.358,2600,14273
370000.0,3,2.5,1070,1219,2.0,0,0,3,7,350,2004,0,98116,47.5618,-122.384,1070,1254
160000.0,3,1.0,1140,3240,1.5,0,0,4,6,0,1910,0,98014,47.7093,-121.364,1140,4700
421000.0,3,2.0,1420,12655,1.0,0,0,5,7,0,1968,0,98056,47.5309,-122.186,2020,9655
715000.0,4,2.25,2060,5649,1.0,0,0,5,8,700,1941,0,98199,47.6496,-122.407,2060,5626
400000.0,3,2.5,2393,4788,2.0,0,0,3,8,0,2012,0,98055,47.4517,-122.204,2439,5477
272000.0,4,2.5,2789,3960,2.0,0,0,3,7,0,2007,0,98001,47.3059,-122.28,2547,3960
249900.0,2,1.0,560,7560,1.0,0,0,3,6,0,1944,0,98126,47.5271,-122.375,990,7560
700000.0,2,1.75,2320,5500,1.5,0,2,3,8,600,1925,2000,98144,47.586,-122.292,2380,5000
209950.0,3,1.75,1100,5525,1.0,0,0,5,6,0,1968,0,98042,47.3625,-122.084,1050,5200
325000.0,3,2.25,1330,969,3.0,0,0,3,7,0,2007,0,98125,47.7177,-122.292,1310,1941
478000.0,2,1.0,820,6000,1.0,0,0,3,7,0,1939,0,98199,47.6494,-122.395,1630,6000
274950.0,3,1.75,1840,16679,1.0,0,0,3,8,0,1989,0,98001,47.3207,-122.275,1910,15571
210000.0,3,1.5,1400,9600,1.0,0,0,4,7,0,1964,0,98003,47.2878,-122.297,2210,15000
820000.0,2,2.5,2210,4440,2.0,0,0,4,8,770,1931,0,98112,47.6305,-122.3,1560,4920
347000.0,2,1.75,1315,2162,2.0,0,0,4,8,0,1974,0,98028,47.752,-122.253,1640,2128
395000.0,3,2.5,2310,4930,2.0,0,0,4,8,0,1989,0,98055,47.4512,-122.208,2230,5324
529500.0,2,1.0,900,4800,1.0,0,0,4,6,120,1944,0,98199,47.6575,-122.4,1270,5520
400000.0,4,2.5,3130,5240,2.0,0,0,3,8,0,2004,0,98038,47.3446,-122.042,2470,5240
105000.0,3,1.0,880,18109,1.0,0,0,4,6,0,1970,0,98042,47.3634,-122.101,940,11193
970000.0,5,2.75,3500,5040,2.0,0,2,3,9,550,1927,2007,98126,47.5527,-122.379,1450,5040
250000.0,1,1.0,750,4000,1.0,0,0,3,6,0,1918,0,98136,47.5243,-122.39,1770,4850
185000.0,3,1.0,940,7125,1.5,0,0,4,7,0,1958,0,98032,47.3756,-122.297,1170,7125
870000.0,4,1.75,1920,3600,2.0,0,0,4,8,0,1907,0,98119,47.6382,-122.368,1920,3600
357000.0,4,2.5,1980,9757,2.0,0,0,5,7,0,1995,0,98038,47.3675,-122.019,1610,6147
1680000.0,5,3.5,5170,7197,3.0,1,4,3,11,1650,1998,0,98155,47.7561,-122.271,3020,12880
507000.0,4,2.5,2730,7649,2.0,0,0,3,7,0,2006,0,98065,47.5441,-121.882,2730,6216
449900.0,3,2.5,2780,8225,2.0,0,1,3,9,0,1990,0,98198,47.3509,-122.323,720,9736
280000.0,4,2.5,2050,7416,2.0,0,0,3,8,0,1990,0,98092,47.2658,-122.219,2050,7920
652427.0,4,2.25,2770,13129,2.0,0,0,4,8,0,1979,0,98074,47.6268,-122.05,2400,13129
418000.0,2,2.5,1500,3608,2.0,0,0,3,8,0,2005,0,98029,47.5472,-121.994,2080,2686
1200000.0,5,2.75,2910,9480,1.5,0,0,3,8,0,1939,0,98105,47.6552,-122.278,2940,6600
850000.0,5,3.5,3870,65556,2.0,0,0,3,10,0,1994,0,98053,47.6403,-121.992,4290,67019
330000.0,4,1.0,1100,5000,1.5,0,0,5,6,0,1904,0,98055,47.4868,-122.204,1560,4838
480000.0,3,2.25,1820,13362,1.0,0,0,3,8,600,1977,0,98075,47.5898,-122.052,2050,15000
476000.0,3,1.0,1140,5500,1.5,0,0,4,6,0,1908,0,98199,47.6606,-122.395,1690,4400
694000.0,2,2.5,2320,9311,1.0,0,0,3,8,0,2007,0,98053,47.7226,-122.03,1680,4765
217000.0,3,2.0,1690,6750,1.0,0,0,3,7,480,1977,0,98023,47.3021,-122.375,1930,7350
530000.0,4,2.5,2590,7891,2.0,0,0,3,9,0,2006,0,98056,47.5055,-122.194,1400,7891
459000.0,2,2.25,1010,1107,2.0,0,0,3,8,300,2006,0,98119,47.6363,-122.371,1140,1531
130000.0,3,1.0,1110,7520,1.0,0,0,4,7,0,1960,0,98033,47.683,-122.176,1440,8400
171800.0,4,2.0,1570,9600,1.0,0,0,3,6,0,1950,0,98168,47.4965,-122.303,1880,9000
402500.0,3,1.0,1290,4000,1.5,0,0,3,7,0,1926,0,98118,47.5462,-122.277,1160,5040
462000.0,5,2.0,1380,4300,1.5,0,0,3,7,0,1916,0,98103,47.6647,-122.337,1830,3800
262000.0,3,2.5,1700,6200,2.0,0,0,3,8,0,1997,0,98092,47.2621,-122.221,1720,6205
425000.0,4,2.5,1900,2766,2.0,0,0,3,8,0,2014,0,98106,47.543,-122.368,1900,2604
405100.0,2,1.0,840,3522,1.0,0,0,3,6,0,1947,0,98199,47.6575,-122.395,1390,4800
261490.0,4,1.0,1640,8467,1.0,0,2,4,6,420,1943,0,98056,47.4894,-122.188,1060,7396
510000.0,3,2.0,1600,4510,1.0,0,0,3,7,610,1978,0,98103,47.6939,-122.34,1580,4561
815000.0,4,2.75,2620,4743,1.0,0,2,4,8,1310,1949,0,98117,47.6829,-122.4,1900,4764
306000.0,3,2.5,1870,5874,2.0,0,0,3,7,0,2005,0,98042,47.3992,-122.163,2090,4060
148226.0,3,1.0,1400,7360,1.0,0,0,4,7,0,1968,0,98092,47.3123,-122.186,1600,8030
219000.0,3,1.0,970,7790,1.0,0,0,3,6,0,1967,0,98003,47.3165,-122.325,1150,8160
330675.0,4,3.0,1930,3031,1.0,0,0,3,7,730,2006,0,98019,47.7457,-121.985,1930,2611
1072000.0,2,2.25,3900,14864,1.0,0,3,3,8,1950,1947,0,98144,47.5884,-122.291,2580,5184
444500.0,3,2.5,2600,4724,2.0,0,0,3,7,0,2002,0,98065,47.5359,-121.878,2400,4724
287500.0,4,2.5,2240,6944,1.0,0,2,3,7,930,1979,0,98001,47.338,-122.258,1780,7477
182568.0,4,1.5,1500,2106,2.0,0,0,3,7,0,2014,0,98108,47.5669,-122.297,1490,2175
288000.0,5,2.75,2790,4807,1.5,0,0,4,7,650,1949,0,98002,47.3098,-122.223,1056,4807
307500.0,3,1.0,980,6530,1.0,0,0,3,7,0,1969,0,98034,47.7133,-122.213,1220,6723
510000.0,3,1.75,1950,8325,1.0,0,0,4,7,0,1962,0,98011,47.7685,-122.2,1950,8325
900000.0,6,2.75,2300,24773,1.5,0,0,4,9,0,1950,1985,98040,47.5833,-122.242,2720,11740
2150000.0,3,2.75,3470,9610,3.0,1,4,3,11,0,1989,2000,98034,47.7205,-122.26,4130,11875
340000.0,3,2.5,1212,1174,3.0,0,0,3,7,0,2004,0,98125,47.7145,-122.311,1256,1226
378000.0,4,1.0,1300,6075,1.0,0,0,5,7,0,1954,0,98133,47.773,-122.349,1450,7320
210000.0,3,1.0,1340,306848,1.0,0,0,3,5,0,1953,0,98019,47.7534,-121.912,1800,128066
865000.0,4,2.0,2750,5527,2.0,0,0,3,8,620,1901,1987,98119,47.6513,-122.368,1290,1764
680200.0,2,1.5,1960,6000,1.0,0,0,3,8,750,1951,0,98103,47.6849,-122.333,2060,6000
584950.0,4,3.0,3220,6224,1.5,0,0,3,9,0,2009,0,98059,47.4813,-122.129,2950,6224
225000.0,3,1.0,1040,6535,1.0,0,0,3,6,0,1947,0,98168,47.4906,-122.306,1100,6535
905000.0,3,2.5,3450,48787,2.0,0,0,3,10,0,1987,0,98072,47.739,-122.129,2810,41040
365000.0,2,1.75,1270,7500,1.0,0,0,4,7,0,1982,0,98074,47.6186,-122.063,1280,7500
250250.0,3,2.25,2210,8000,2.0,0,0,4,8,0,1969,0,98023,47.3085,-122.381,1990,8000
600000.0,4,3.5,3270,15160,1.0,0,2,3,8,1610,1997,0,98155,47.7437,-122.287,2790,15160
325000.0,3,2.25,1890,9646,1.0,0,0,3,8,0,1966,0,98168,47.4838,-122.299,1580,9488
1346400.0,5,1.75,3380,20021,1.0,0,0,4,8,1690,1963,0,98004,47.6395,-122.211,3260,19809
387500.0,4,1.0,1320,4440,1.5,0,0,3,7,0,1929,0,98122,47.6145,-122.295,1260,4440
340000.0,3,1.75,1280,16200,1.0,0,0,3,8,250,1976,0,98077,47.7427,-122.071,1160,10565
458000.0,1,2.25,2140,10350,1.0,0,0,3,7,670,1976,0,98072,47.7352,-122.17,1980,8400
1300000.0,4,3.25,2330,9687,2.0,0,3,3,9,0,1918,0,98112,47.6264,-122.283,3880,9017
562500.0,4,2.5,2320,8721,2.0,0,0,3,8,0,1991,0,98034,47.7326,-122.226,2260,8268
1100000.0,3,3.0,3700,16857,1.0,0,0,3,10,1530,2000,0,98117,47.6956,-122.392,2320,12000
445000.0,3,2.5,2250,9608,2.0,0,0,3,8,0,1994,0,98045,47.4865,-121.802,2020,9834
435000.0,3,1.75,2220,132858,1.0,0,0,3,7,1110,1988,0,98027,47.4853,-122.034,2130,77536
690000.0,3,2.0,1890,6620,1.0,0,3,4,8,0,1954,0,98125,47.7016,-122.274,2590,7188
443500.0,2,1.0,1330,4140,1.0,0,0,4,7,400,1919,1940,98115,47.6802,-122.306,1410,5100
375000.0,2,1.0,980,3915,1.0,0,0,4,7,0,1919,0,98118,47.5589,-122.29,1425,1576
297975.0,3,2.25,2820,8100,1.0,0,0,4,7,1100,1947,0,98168,47.4944,-122.304,1040,8100
500000.0,3,1.5,1960,8815,1.0,0,0,4,7,940,1958,0,98006,47.5765,-122.159,1760,9534
410000.0,4,3.0,2430,7243,2.0,0,0,3,8,0,2003,0,98038,47.3533,-122.016,2430,7084
555000.0,2,2.25,1370,1248,2.0,0,0,3,7,170,2000,0,98102,47.6399,-122.32,1800,3360
855000.0,4,3.0,2590,6250,2.0,0,2,3,9,350,1964,0,98115,47.6774,-122.267,2260,6780
239300.0,3,1.0,1070,5750,1.0,0,0,3,7,0,1952,0,98178,47.5071,-122.255,1420,6500
866000.0,4,3.25,3990,9786,2.0,0,0,3,9,0,2004,0,98053,47.6784,-122.026,3920,8200
479500.0,3,2.75,2300,4637,2.0,0,0,3,8,0,2008,0,98065,47.5216,-121.878,2420,5699
415000.0,2,1.0,980,4108,1.0,0,0,3,7,0,1947,0,98117,47.687,-122.381,1500,4046
334950.0,4,1.75,1700,40973,1.0,0,0,3,8,0,1961,0,98031,47.3439,-122.198,2760,40973
450000.0,3,1.75,1480,8394,1.0,0,0,4,8,0,1971,0,98052,47.6634,-122.144,1920,9184
335000.0,3,1.0,1060,10050,1.0,0,0,4,7,0,1967,0,98028,47.7355,-122.231,1570,9938
647500.0,3,1.75,1290,3870,1.0,0,0,5,7,0,1916,0,98144,47.5873,-122.29,2020,5850
217000.0,3,1.0,870,5200,1.0,0,0,5,6,0,1969,0,98042,47.3701,-122.078,1020,5200
350000.0,4,2.25,2220,6953,2.0,0,0,4,8,0,1999,0,98038,47.3509,-122.041,2240,6716
280000.0,3,1.75,1740,8625,1.0,0,0,4,7,500,1978,0,98023,47.3054,-122.38,1980,8625
110000.0,2,1.0,600,6120,1.0,0,0,3,5,0,1943,0,98168,47.4997,-122.317,1060,6120
524950.0,3,1.75,1750,3250,1.5,0,0,4,7,520,1929,0,98117,47.6807,-122.366,1480,3600
250000.0,3,2.5,1530,2890,2.0,0,0,3,7,0,2001,0,98108,47.5434,-122.293,1540,2890
678100.0,3,1.75,1850,2860,1.5,0,0,5,8,640,1931,0,98116,47.5853,-122.39,1660,3120
465000.0,3,2.5,2714,17936,2.0,0,0,3,9,0,2005,0,98001,47.3185,-122.275,2590,18386
295000.0,1,1.0,700,2500,1.0,0,0,4,7,0,1907,0,98106,47.5662,-122.364,1340,5000
550000.0,4,3.0,2360,6678,1.0,0,0,3,8,600,1949,0,98115,47.6919,-122.313,1640,6380
396000.0,2,1.5,950,865,3.0,0,0,3,8,0,2006,0,98107,47.6714,-122.382,1290,1189
414900.0,3,1.5,1260,9570,1.0,0,0,3,7,390,1941,0,98115,47.7004,-122.305,1620,7000
224097.0,3,1.5,1420,8580,1.0,0,0,3,6,0,1962,0,98023,47.3076,-122.362,1200,8580
299900.0,3,2.25,2100,8163,2.0,0,0,3,7,0,1984,0,98001,47.3336,-122.269,1410,7515
485000.0,3,2.5,1760,3097,2.0,0,0,3,8,0,1992,0,98029,47.5764,-121.996,1760,3285
641000.0,4,3.25,2760,4104,2.0,0,0,3,8,860,2014,0,98056,47.5286,-122.187,2760,5186
297000.0,5,2.5,1970,8605,2.0,0,0,4,7,0,1994,0,98022,47.1944,-122.013,1970,8460
265950.0,3,2.5,1490,3840,2.0,0,0,3,7,0,2002,0,98042,47.374,-122.133,2060,4384
336500.0,3,2.25,1420,3433,2.0,0,0,4,7,0,1981,0,98034,47.7245,-122.163,1150,3432
324950.0,2,1.5,1230,1516,3.0,0,0,3,8,0,2000,0,98125,47.7265,-122.314,1352,1411
439990.0,4,2.5,1540,1994,2.0,0,0,3,8,0,2014,0,98029,47.5526,-121.999,1540,1689
385195.0,1,1.0,710,6000,1.5,0,0,3,6,0,2015,0,98144,47.5756,-122.316,1440,4800
370000.0,3,1.75,1496,1423,2.0,0,0,3,8,248,2006,0,98133,47.715,-122.355,1460,1423
355000.0,3,1.75,1460,7203,1.0,0,0,3,7,0,1990,0,98056,47.5049,-122.189,1570,7203
332000.0,4,2.5,2380,5737,2.0,0,0,3,7,0,2010,0,98023,47.2815,-122.356,2380,5396
595000.0,3,1.0,1560,3960,1.5,0,0,4,7,0,1907,0,98144,47.5936,-122.301,1280,3960
239900.0,4,1.75,1570,18730,1.0,0,0,3,7,370,1960,0,98198,47.3999,-122.301,1920,18295
353000.0,5,2.75,2130,5000,1.0,0,0,5,7,1030,1978,0,98118,47.5271,-122.274,1340,6837
215000.0,3,1.0,1190,7500,1.0,0,0,5,7,0,1968,0,98042,47.3248,-122.142,1200,9750
328000.0,3,1.75,1470,7650,1.0,0,0,3,7,340,1983,0,98059,47.4818,-122.161,1590,7500
1000000.0,4,2.0,1780,15648,1.5,0,0,5,8,0,1918,0,98004,47.5849,-122.198,2320,14963
967500.0,3,3.75,3250,5797,2.0,0,2,4,8,880,1951,0,98199,47.6481,-122.405,1840,5797
2458000.0,4,5.25,6500,14986,2.0,0,0,3,11,1320,2001,0,98039,47.6304,-122.236,2270,8119
520000.0,3,2.25,2510,43995,2.0,0,0,3,8,0,1981,0,98027,47.4545,-121.988,2470,48351
400000.0,3,1.0,1430,10005,1.5,0,0,4,7,0,1950,0,98133,47.7181,-122.338,1720,8822
365250.0,3,2.25,1490,4522,2.0,0,0,3,7,0,2009,0,98028,47.7611,-122.233,1580,4667
261000.0,4,1.75,1820,9824,1.0,0,0,5,7,0,1968,0,98042,47.3833,-122.093,1410,11013
550000.0,3,1.0,1010,6120,1.0,0,0,3,7,150,1940,0,98115,47.6861,-122.296,1930,6120
751000.0,4,2.5,3110,6142,2.0,0,0,3,9,0,2004,0,98052,47.701,-122.111,3200,6826
365000.0,2,1.0,870,5689,1.0,0,0,4,7,0,1948,0,98103,47.6988,-122.351,1100,5711
825000.0,3,2.25,2510,10418,1.0,0,0,3,8,700,1968,0,98115,47.7003,-122.285,2510,9435
455000.0,2,1.5,910,966,2.0,0,0,3,8,90,2006,0,98119,47.627,-122.361,2740,6400
275000.0,3,1.0,1000,8018,1.0,0,0,3,7,0,1969,0,98034,47.7285,-122.198,1270,8000
529950.0,4,2.75,1860,7500,1.0,0,0,5,8,640,1967,0,98056,47.5398,-122.173,2020,8137
288000.0,0,1.5,1430,1650,3.0,0,0,3,7,0,1999,0,98125,47.7222,-122.29,1430,1650
235000.0,5,2.5,2500,9583,1.0,0,0,3,7,1200,1979,0,98198,47.3946,-122.312,2120,19352
760000.0,4,2.5,3330,7399,2.0,0,0,3,9,0,2009,0,98052,47.679,-122.153,2640,8601
700000.0,4,3.25,2780,7875,2.0,0,0,3,9,0,2006,0,98133,47.7294,-122.352,1000,7500
154000.0,3,3.0,1530,9997,1.0,0,0,3,6,510,1992,0,98001,47.2861,-122.252,1410,9997
170000.0,2,1.0,1200,24792,2.0,0,0,2,7,0,1976,0,98053,47.6337,-121.961,2150,24792
285000.0,3,2.0,1460,6377,1.0,0,0,3,7,0,1995,0,98038,47.3679,-122.02,1600,6250
415000.0,3,2.25,1640,5880,1.0,0,0,3,7,400,1977,0,98106,47.5323,-122.351,1200,4760
516130.0,3,1.75,1510,8250,1.0,0,0,4,8,0,1962,0,98008,47.6183,-122.113,1770,8250
829000.0,4,2.75,2970,59677,1.0,0,2,4,8,1360,1973,0,98075,47.5953,-122.08,2930,42489
272000.0,3,1.5,1380,11760,1.0,0,0,4,7,0,1963,0,98055,47.4243,-122.202,1650,9855
312000.0,3,2.0,2440,13250,1.0,0,0,4,8,1000,1977,0,98030,47.375,-122.227,2400,10650
450000.0,3,1.0,1150,35415,1.0,0,0,4,7,140,1950,0,98008,47.5974,-122.129,2460,11781
895000.0,4,2.5,2850,8526,2.0,0,0,3,9,0,1998,0,98033,47.6747,-122.191,2440,7072
855000.0,4,3.0,2550,5300,2.0,0,0,3,8,830,1908,2013,98117,47.6786,-122.367,1590,4505
426000.0,4,1.5,1470,5850,1.0,0,0,4,7,660,1973,0,98052,47.7,-122.129,1290,7300
809000.0,3,2.5,2590,7720,2.0,0,0,3,9,0,1988,0,98007,47.659,-122.146,2600,9490
1220000.0,4,3.75,3520,3944,1.5,0,0,5,8,1320,1913,0,98109,47.6424,-122.348,2310,4725
355000.0,3,2.25,1980,7200,1.0,0,0,3,8,680,1964,0,98177,47.7625,-122.36,1820,8250
1325000.0,4,2.25,2870,6280,1.5,0,0,4,9,890,1905,0,98112,47.6329,-122.31,2370,4760
502000.0,6,2.5,2890,8122,1.0,0,0,3,8,1260,1977,0,98008,47.5886,-122.113,2730,9915
770000.0,3,2.5,2730,11380,2.0,0,0,3,10,0,1995,0,98075,47.58,-122.057,2800,10070
840000.0,4,2.25,2720,8712,2.0,0,0,4,9,0,1976,0,98006,47.5616,-122.153,2470,8714
298900.0,3,2.5,1852,4000,2.0,0,0,3,7,0,2014,0,98002,47.3451,-122.209,2475,4000
450000.0,3,1.75,1640,13500,1.0,0,0,3,7,530,1940,0,98125,47.7164,-122.304,1770,12600
480000.0,5,2.75,2550,7725,1.0,0,0,5,8,1160,1967,0,98056,47.5388,-122.171,2450,7725
837700.0,5,2.75,3010,12611,2.0,0,0,3,10,0,1994,0,98052,47.696,-122.102,2890,9456
480000.0,4,2.5,2080,7966,1.0,0,0,3,7,880,1970,0,98011,47.7393,-122.181,1920,7500
425000.0,4,2.5,1930,14196,1.0,0,0,4,7,600,1977,0,98072,47.7407,-122.097,1470,12852
597500.0,3,1.75,2030,32565,1.0,0,0,3,8,430,1981,0,98052,47.7112,-122.098,2910,34190
200000.0,4,2.75,2210,13235,2.0,0,0,3,8,480,1988,0,98003,47.3541,-122.303,1750,7542
338500.0,2,1.0,720,6050,1.0,0,0,2,5,0,1951,0,98125,47.7259,-122.29,1480,7280
655000.0,4,2.25,2420,7725,1.0,0,0,4,8,530,1972,0,98052,47.6287,-122.093,1740,7944
685000.0,4,2.75,1660,5150,1.5,0,0,5,7,380,1928,0,98117,47.6835,-122.362,1490,4017
1800000.0,5,3.75,4320,39094,2.0,1,4,3,8,0,1938,0,98155,47.7519,-122.276,1920,7750
750000.0,5,1.75,2850,11860,1.0,0,0,3,9,0,1951,0,98155,47.7503,-122.28,2640,11604
403000.0,3,2.5,1700,4125,2.0,0,0,3,7,0,2004,0,98065,47.5305,-121.854,1970,4105
790000.0,3,2.25,2370,10289,1.0,0,0,4,9,780,1977,0,98005,47.592,-122.166,2500,10004
650000.0,3,1.0,920,6750,1.0,0,0,4,7,0,1951,0,98004,47.6322,-122.212,1460,8933
360000.0,3,1.5,1170,4080,1.0,0,0,5,6,0,1917,0,98126,47.5338,-122.381,920,4242
315000.0,2,1.0,790,6969,1.0,0,0,3,6,0,1955,1984,98052,47.6978,-122.164,1380,12196
440000.0,3,1.75,1530,7245,1.0,0,0,4,7,0,1984,0,98034,47.731,-122.191,1530,7490
189000.0,3,1.0,1010,7560,1.0,0,0,3,6,0,1958,0,98058,47.4497,-122.176,1170,7560
1100000.0,4,3.5,4560,41636,2.0,0,0,3,9,390,1995,0,98006,47.5589,-122.116,2990,11381
511555.0,3,2.0,1400,7293,1.0,0,0,4,7,0,1963,0,98008,47.586,-122.12,1600,7960
225000.0,3,1.75,1760,26055,1.0,0,0,3,7,840,1979,0,98042,47.3664,-122.1,1350,13475
455800.0,3,2.5,1690,4584,2.0,0,0,3,7,0,2002,0,98053,47.6866,-122.043,1600,3164
345000.0,3,2.5,1210,1420,3.0,0,0,3,8,0,2008,0,98103,47.6977,-122.349,1190,1407
411753.0,3,2.5,1710,3795,2.0,0,0,3,7,0,2009,0,98053,47.6968,-122.024,1600,3821
315000.0,3,1.75,1860,9629,1.0,0,0,4,7,620,1961,0,98059,47.4913,-122.143,1940,9629
332000.0,4,2.5,1980,6566,2.0,0,0,3,8,0,2004,0,98042,47.3809,-122.097,2590,6999
290000.0,3,1.75,1590,13500,1.0,0,0,4,7,500,1980,0,98038,47.3621,-122.031,1540,10375
945800.0,4,2.75,3360,9100,1.0,0,0,4,8,1600,1973,0,98006,47.5641,-122.149,2620,8925
160134.0,3,1.5,1190,10116,1.0,0,0,3,7,0,1968,0,98042,47.385,-122.085,1190,9905
532500.0,3,2.5,2160,7500,1.0,0,1,3,7,730,1979,0,98074,47.6188,-122.064,1560,7500
364900.0,4,2.5,2490,9346,2.0,0,2,3,9,0,1996,0,98042,47.3831,-122.147,2650,9454
230000.0,3,1.0,1360,9310,1.0,0,0,4,7,340,1980,0,98056,47.4901,-122.185,1480,8330
230500.0,2,1.0,740,8853,1.0,0,0,3,6,0,1943,0,98166,47.4793,-122.336,850,8775
355000.0,2,1.0,840,6720,1.0,0,0,3,7,0,1952,0,98116,47.5707,-122.396,1250,6720
555000.0,4,2.25,2350,8140,1.0,0,0,4,8,920,1977,0,98006,47.5579,-122.129,2640,8700
1175000.0,4,2.5,4700,49658,2.0,0,0,3,10,0,1999,0,98075,47.5878,-122.022,2870,49658
325000.0,3,1.5,1060,7488,1.0,0,0,5,7,0,1977,0,98106,47.5549,-122.356,1300,6780
818000.0,3,3.25,2200,4800,2.0,0,2,3,7,290,1943,1996,98103,47.6551,-122.353,1410,4800
264000.0,3,1.5,1470,14821,1.0,0,0,4,7,0,1958,0,98042,47.3658,-122.148,1760,15370
350000.0,5,3.0,2520,5500,1.0,0,0,3,8,970,2004,0,98178,47.4938,-122.255,1700,8000
380000.0,2,1.0,700,4836,1.0,0,0,4,6,0,1926,0,98125,47.7139,-122.288,1190,7050
726000.0,3,2.5,2040,10033,1.0,0,0,4,8,620,1974,0,98005,47.6375,-122.173,2260,10115
439000.0,3,2.25,3020,6000,3.0,0,2,3,8,1040,1994,0,98108,47.5249,-122.319,1150,6000
707000.0,5,2.5,3050,13212,1.0,0,0,4,8,1460,1975,0,98006,47.5596,-122.142,2550,10826
395000.0,4,2.5,2740,8336,2.0,0,0,4,9,0,1990,0,98031,47.3904,-122.176,2460,9189
420000.0,3,2.5,1970,3667,2.0,0,0,3,7,0,2004,0,98065,47.5321,-121.851,1970,3739
550000.0,3,2.5,3070,14400,1.0,0,3,5,9,1350,1985,0,98198,47.3716,-122.321,2020,18211
279000.0,3,1.0,1110,6060,1.0,0,0,3,6,0,1949,0,98166,47.4705,-122.352,1480,8100
327500.0,4,1.75,1650,7800,1.0,0,0,3,8,0,1968,0,98058,47.4507,-122.139,1750,10400
330000.0,3,1.0,960,7218,1.0,0,0,4,7,0,1969,0,98034,47.7278,-122.226,1580,9104
475000.0,4,2.0,1790,2250,1.0,0,2,4,7,950,1909,0,98103,47.6526,-122.345,1440,1545
175000.0,2,1.0,660,5000,1.0,0,0,3,6,0,1915,0,98106,47.5664,-122.364,1000,5000
400000.0,3,2.0,1860,12944,1.0,0,0,3,9,0,2002,0,98058,47.4298,-122.102,2500,29279
495000.0,4,2.5,2400,11640,1.0,0,0,5,8,600,1968,0,98058,47.4485,-122.139,2440,10823
375000.0,3,2.5,2050,7205,2.0,0,0,3,8,0,2000,0,98003,47.3487,-122.304,2050,7264
750000.0,4,2.75,1750,5080,1.5,0,0,3,8,0,1903,0,98122,47.6143,-122.305,1700,4572
1240420.0,5,3.25,5790,13726,2.0,0,3,3,10,1360,2014,0,98006,47.5388,-122.114,5790,13726
600000.0,4,2.25,2760,5200,2.0,0,0,3,7,970,1910,2003,98144,47.589,-122.313,1310,2059
213000.0,2,1.0,1000,10200,1.0,0,0,3,6,0,1961,0,98024,47.5687,-121.899,1150,13702
345000.0,4,2.5,2390,6976,2.0,0,0,3,7,0,2003,0,98056,47.4807,-122.182,2390,6346
252700.0,2,1.5,1070,9643,1.0,0,0,3,7,0,1985,0,98030,47.3533,-122.166,1220,8386
420000.0,3,1.75,1820,22320,1.0,0,0,3,7,570,1977,0,98053,47.6441,-121.96,2030,22320
674000.0,4,2.5,2810,11560,1.0,0,0,5,7,1070,1962,0,98008,47.5846,-122.12,1970,11560
608000.0,4,2.75,2490,9714,1.0,0,0,4,8,1090,1983,0,98011,47.7496,-122.201,2060,15300
436000.0,3,2.25,1800,6680,2.0,0,0,3,8,0,1983,0,98034,47.7293,-122.223,1630,8621
520000.0,4,1.0,2080,3500,1.5,0,0,5,7,820,1926,0,98136,47.5445,-122.383,1380,5900
408200.0,3,2.5,1800,5761,2.0,0,0,4,7,0,1990,0,98106,47.5293,-122.363,1800,5952
590000.0,4,2.25,2430,32496,1.0,0,0,3,9,0,1993,0,98077,47.7642,-122.048,2750,35506
857326.0,3,3.5,3940,11632,2.0,0,0,3,10,0,2014,0,98166,47.438,-122.344,2015,11632
810000.0,4,1.75,1760,4080,1.5,0,0,4,8,0,1906,0,98103,47.675,-122.331,1760,6120
597000.0,4,2.5,2280,2432,2.0,0,0,5,8,760,1921,0,98103,47.6605,-122.355,1690,2099
355000.0,3,1.0,1180,5965,1.5,0,0,4,6,0,1928,0,98125,47.7281,-122.299,1270,7710
403000.0,2,1.0,894,1552,2.0,0,0,3,7,0,2011,0,98115,47.6911,-122.313,1131,1992
765000.0,3,1.75,2440,5800,1.0,0,3,4,8,1120,1945,0,98199,47.6474,-122.412,2530,5800
562000.0,5,3.0,2795,15101,2.0,0,0,3,8,0,1996,0,98019,47.7301,-121.972,2750,14567
327500.0,3,2.25,1770,8755,1.0,0,0,3,8,440,1981,0,98058,47.4464,-122.123,1910,8710
452000.0,3,1.5,1250,4000,1.0,0,0,3,7,0,1955,0,98117,47.6916,-122.379,1030,4000
680000.0,3,2.25,2330,4000,1.5,0,2,5,7,810,1927,0,98115,47.6732,-122.29,1870,4000
550000.0,2,1.75,1740,7290,1.0,0,0,3,8,460,1950,0,98199,47.6461,-122.397,1820,6174
475000.0,3,2.5,2480,6031,2.0,0,0,3,8,0,2001,0,98155,47.772,-122.297,1850,7704
613000.0,5,2.5,2070,12000,1.0,0,0,4,7,730,1967,0,98008,47.626,-122.104,2090,12000
359950.0,5,2.75,2844,3990,2.0,0,0,3,8,0,2013,0,98092,47.3259,-122.167,2273,3900
667000.0,3,2.75,2216,31215,1.0,0,0,3,9,0,1968,2005,98092,47.3164,-122.199,2216,30048
399950.0,3,1.75,2450,15001,1.0,0,0,3,7,470,1989,0,98014,47.6957,-121.913,1790,15323
960000.0,5,2.75,3040,10257,2.0,0,0,3,10,0,1993,0,98006,47.5531,-122.119,2860,9327
275000.0,4,2.5,2150,3721,2.0,0,0,3,8,0,2007,0,98002,47.3363,-122.215,2150,3721
330000.0,4,2.5,2210,5929,2.0,0,0,3,8,0,2004,0,98042,47.35,-122.139,2200,5901
960000.0,5,3.5,4510,16305,2.0,0,0,3,10,1690,2003,0,98074,47.6346,-122.011,4330,18741
515000.0,3,2.5,2600,4506,2.0,0,0,3,8,0,2003,0,98028,47.7353,-122.222,2600,4658
238950.0,2,1.0,810,4838,1.0,0,0,3,5,0,1938,0,98055,47.4909,-122.203,890,4838
960000.0,4,2.5,2820,5934,1.0,0,3,5,9,1050,1952,0,98116,47.5706,-122.403,2230,6000
375000.0,4,2.25,2020,12500,2.0,0,0,2,8,0,1966,0,98056,47.5403,-122.175,1800,13175
650000.0,4,2.5,2290,10186,2.0,0,0,3,8,0,1985,0,98008,47.6353,-122.124,2150,10186
775000.0,4,2.5,3220,38448,2.0,0,0,3,10,0,1993,0,98053,47.6854,-122.053,3090,38448
440000.0,4,2.25,2160,8119,1.0,0,0,3,8,1080,1966,0,98006,47.5443,-122.177,1850,9000
779000.0,3,1.75,1990,5600,1.0,0,1,3,8,660,1941,0,98199,47.65,-122.415,2630,6780
405000.0,3,1.5,1600,7500,1.0,0,0,3,7,0,1966,0,98034,47.721,-122.182,1700,7500
431500.0,2,2.0,1370,4866,1.0,0,0,3,8,0,2005,0,98053,47.704,-122.012,1365,4784
468000.0,4,1.75,2250,8580,1.0,0,0,4,7,920,1958,0,98011,47.7633,-122.199,2250,10032
461000.0,4,2.75,1700,7495,1.0,0,0,4,7,500,1964,0,98133,47.7589,-122.354,1650,7495
393000.0,4,1.75,1790,11801,1.0,0,0,4,8,0,1974,0,98056,47.5172,-122.17,2000,12988
455000.0,4,1.75,1920,6000,1.0,0,0,4,7,960,1954,0,98125,47.7137,-122.315,1850,7200
460500.0,3,1.0,1490,10650,1.0,0,0,3,7,340,1963,0,98033,47.663,-122.178,1730,9800
670000.0,5,2.5,2860,68519,2.0,0,0,5,8,0,1958,0,98065,47.5265,-121.835,1670,35910
534950.0,5,2.5,3220,10572,2.0,0,0,3,8,0,2006,0,98019,47.7268,-121.957,2890,9090
2350000.0,4,2.25,4370,22863,2.5,0,3,4,10,700,1907,1994,98033,47.6878,-122.215,2980,22863
1025000.0,3,1.0,2050,4800,2.0,0,0,3,8,100,1922,0,98112,47.6315,-122.311,2220,4800
300000.0,4,1.75,2200,7600,2.0,0,0,3,8,0,1978,0,98092,47.3131,-122.191,1910,7600
264950.0,4,2.5,1990,9656,2.0,0,0,3,7,0,1994,0,98010,47.3125,-121.998,1500,9656
329000.0,3,1.0,1140,5258,1.5,0,0,3,6,0,1911,0,98146,47.5122,-122.383,1140,5280
310000.0,3,1.0,1240,7194,1.0,0,0,3,6,150,1936,0,98011,47.7636,-122.202,2090,8514
363750.0,3,1.75,1726,197326,2.0,0,0,4,7,0,1982,0,98070,47.3484,-122.505,2114,99316
520000.0,3,2.25,2590,9263,1.0,0,0,5,8,1150,1977,0,98028,47.7691,-122.262,2580,9450
833000.0,4,2.5,2190,12690,1.0,0,2,3,8,1020,1973,0,98033,47.6627,-122.189,2630,10843
495000.0,5,1.75,2760,18112,1.0,0,0,3,8,1250,1968,0,98155,47.7363,-122.298,1720,8482
1965000.0,5,3.75,3940,13738,1.5,0,3,4,9,0,1951,0,98004,47.6203,-122.212,2370,13320
465000.0,4,2.5,2090,9702,1.0,0,0,5,7,770,1965,0,98133,47.7467,-122.339,1850,7200
385000.0,4,1.75,1620,4980,1.0,0,0,4,7,760,1947,0,98133,47.7025,-122.341,1400,4980
375000.0,3,1.0,1040,9800,1.0,0,0,4,7,0,1955,0,98006,47.5765,-122.155,1280,8880
174900.0,3,1.0,1100,6000,1.5,0,0,2,6,0,1926,0,98108,47.5279,-122.318,960,5880
665000.0,2,1.0,1110,3200,1.0,0,0,3,7,0,1925,0,98119,47.6338,-122.358,1170,3600
440000.0,3,1.75,1570,5120,1.0,0,2,3,7,590,1947,0,98177,47.7166,-122.365,2420,7200
515000.0,3,2.5,2610,5845,2.0,0,0,3,8,0,2005,0,98059,47.4821,-122.142,2810,5000
535000.0,2,1.75,1780,224769,1.0,0,0,4,8,0,1976,0,98038,47.4158,-122.002,2060,71560
560000.0,3,2.5,1900,8744,2.0,0,0,3,8,0,1987,0,98074,47.62,-122.043,2030,8744
450000.0,3,1.5,2060,44866,1.0,0,0,3,8,0,1953,0,98077,47.7503,-122.051,2320,43995
370000.0,3,2.25,3230,35306,2.0,0,0,3,9,0,1987,0,98092,47.3065,-122.113,2760,35285
572000.0,3,2.25,1860,4000,1.5,0,0,5,7,840,1920,0,98118,47.5539,-122.267,1180,4000
166000.0,1,1.0,1120,17332,1.0,0,0,3,7,0,1988,0,98001,47.2972,-122.267,1280,17334
446000.0,4,2.5,1530,8375,1.0,0,0,3,7,510,1974,0,98034,47.7174,-122.236,1650,9794
359950.0,2,1.5,893,965,2.0,0,0,3,8,0,2007,0,98122,47.6187,-122.301,1340,1436
150000.0,2,1.0,850,54000,1.5,0,0,1,4,0,1950,0,98023,47.2959,-122.377,1550,14440
415000.0,4,2.25,3060,48787,2.0,0,0,3,8,0,1992,0,98010,47.3397,-121.918,2090,48787
337000.0,3,2.5,1470,3976,2.0,0,0,3,7,0,1999,0,98065,47.526,-121.826,1490,4400
419000.0,2,1.0,720,4592,1.0,0,0,4,6,0,1943,0,98199,47.6534,-122.404,1030,5816
325000.0,3,2.25,2220,16020,1.0,0,0,4,8,440,1966,0,98030,47.3758,-122.217,2080,9583
479900.0,3,2.0,1980,12150,1.0,0,0,3,9,0,1994,0,98042,47.3657,-122.152,2200,12150
755000.0,4,2.5,2120,10202,1.0,0,0,4,7,500,1960,0,98005,47.5858,-122.17,1570,10762
855000.0,4,2.75,2270,10460,2.0,0,0,3,9,0,1965,0,98040,47.5603,-122.222,2610,10180
499000.0,3,2.5,1750,2150,2.5,0,0,3,7,520,1900,2014,98122,47.6037,-122.311,1410,3300
425000.0,4,1.0,1800,12485,1.0,0,0,5,7,850,1955,0,98006,47.5729,-122.147,1290,9840
625000.0,3,2.5,2180,5000,1.0,0,0,4,8,940,1977,0,98116,47.5828,-122.396,2000,5000
349950.0,3,1.0,1060,9525,1.0,0,0,3,7,0,1966,0,98052,47.6855,-122.111,1630,9525
375000.0,4,2.75,1890,5240,1.0,0,0,3,7,910,1981,0,98106,47.5528,-122.356,1600,5240
798000.0,5,2.75,3220,5934,2.0,0,0,3,9,0,2006,0,98052,47.7076,-122.101,3100,5934
480000.0,3,1.75,1600,8400,1.0,0,0,5,8,0,1963,0,98006,47.5479,-122.179,2210,8400
279000.0,4,2.5,1810,13000,1.0,0,0,4,8,340,1977,0,98022,47.2202,-121.993,1850,13000
230000.0,3,1.0,1390,16000,1.0,0,0,4,6,0,1960,0,98001,47.2898,-122.251,1420,10000
329950.0,2,1.0,900,5220,1.0,0,0,4,6,0,1956,0,98146,47.5105,-122.387,1480,6660
745641.0,4,2.5,2440,4850,2.0,0,0,3,8,0,2013,0,98052,47.7043,-122.114,2970,5450
362500.0,3,2.0,1940,40588,1.0,0,0,3,7,0,2000,0,98058,47.4252,-122.159,1860,9657
1998000.0,2,2.5,3900,920423,2.0,0,0,3,12,0,2009,0,98065,47.5371,-121.756,2720,411962
459000.0,3,1.0,1320,5000,1.5,0,0,3,7,0,1912,0,98116,47.5711,-122.386,1320,4179
550000.0,3,1.75,1890,100623,1.0,0,3,3,8,0,1978,0,98053,47.6454,-121.978,2110,50529
269500.0,2,1.5,1480,7276,1.0,0,0,4,6,540,1978,0,98056,47.4942,-122.166,1090,6710
405000.0,3,2.0,1660,8174,1.0,0,0,3,7,830,1981,0,98034,47.7103,-122.199,1610,9318
970000.0,4,3.5,3780,20023,2.0,0,2,3,10,0,2001,0,98029,47.5491,-122.006,2150,3675
735000.0,4,2.5,2470,2550,3.0,0,0,3,8,0,2004,0,98117,47.6765,-122.389,1270,3060
540000.0,4,2.25,2540,228254,1.0,0,0,3,8,1090,1990,0,98019,47.719,-121.912,1780,59241
392400.0,5,2.5,2520,27951,1.5,0,0,3,7,630,1942,1970,98155,47.7733,-122.318,1830,14373
1093000.0,4,2.5,3930,21894,2.0,0,0,3,11,0,1987,0,98052,47.7209,-122.128,3930,20000
381000.0,5,2.75,3060,6895,2.0,0,0,3,8,0,2003,0,98042,47.3809,-122.098,2590,6895
216500.0,2,1.0,1060,5200,1.0,0,0,3,6,0,1969,0,98042,47.3688,-122.08,910,5200
620000.0,4,2.25,2400,5350,1.5,0,0,4,7,940,1929,0,98117,47.6763,-122.37,1250,4880
545000.0,4,2.5,2500,50595,2.0,0,0,3,9,0,1997,0,98045,47.4736,-121.731,2765,33720
195000.0,3,1.5,1430,7560,1.0,0,0,5,6,0,1958,0,98058,47.4518,-122.179,1150,7560
960000.0,3,1.75,2460,4800,1.0,0,0,4,7,1230,1938,0,98112,47.6343,-122.282,2860,4800
359000.0,4,3.5,2770,8763,2.0,0,0,3,8,670,1996,0,98003,47.2625,-122.308,2030,7242
1000000.0,3,2.5,2044,5610,2.0,0,0,4,9,0,1996,0,98033,47.6791,-122.209,2440,5610
299500.0,3,1.75,1810,34500,1.0,0,0,3,8,580,1980,0,98032,47.3707,-122.275,2090,9735
453250.0,4,2.5,2260,6300,2.0,0,0,3,7,0,2001,0,98019,47.7235,-121.958,2300,6300
340000.0,2,0.75,1060,48292,1.0,1,2,5,6,500,1947,0,98070,47.4285,-122.511,750,80201
530200.0,4,2.5,1880,3853,2.0,0,0,3,8,0,2010,0,98027,47.5636,-122.094,1890,3078
431000.0,3,1.0,1500,6240,1.0,0,0,4,7,0,1953,0,98125,47.7281,-122.311,1230,6240
387990.0,4,2.5,2640,5595,2.0,0,0,3,8,0,2011,0,98038,47.3551,-122.054,1840,5011
650000.0,6,4.5,3900,9100,2.0,0,0,3,8,1030,1979,0,98052,47.6612,-122.137,2080,9216
230000.0,3,1.0,1300,14000,1.0,0,0,4,7,0,1958,0,98198,47.4213,-122.322,1390,8750
710000.0,4,2.5,2720,8000,1.0,0,0,4,7,1360,1955,0,98136,47.5237,-122.391,1790,8000
399950.0,4,2.0,2420,31465,1.0,0,0,3,9,0,1984,0,98092,47.3131,-122.115,2560,32186
1075000.0,4,2.5,3000,10920,1.0,0,0,4,8,1450,1969,0,98040,47.5347,-122.227,2380,10920
206000.0,3,1.0,1060,9600,1.0,0,0,4,6,0,1962,0,98023,47.2878,-122.358,1060,9604
488800.0,4,2.25,2170,9665,1.0,0,0,4,8,870,1976,0,98006,47.5444,-122.165,2170,12054
1030000.0,5,2.5,3050,8200,1.0,0,4,4,8,1400,1962,0,98006,47.5647,-122.155,2970,8792
275000.0,3,1.0,1230,171190,1.0,0,0,3,7,0,1973,0,98070,47.4397,-122.46,1550,15450
226750.0,3,1.75,1070,6315,1.0,0,0,3,7,0,1992,0,98023,47.2803,-122.356,1520,5707
480000.0,4,1.75,2220,6500,2.0,0,3,4,8,0,1964,0,98166,47.4519,-122.375,2430,11600
631625.0,4,2.5,2440,6651,2.0,0,0,3,9,0,2014,0,98117,47.6971,-122.371,1350,7653
500000.0,3,1.0,1070,4600,1.0,0,0,3,7,120,1930,0,98116,47.5627,-122.383,1090,4600
220000.0,3,1.75,1720,7587,1.0,0,0,4,7,580,1981,0,98092,47.3175,-122.182,1120,7287
285000.0,4,2.0,2120,6865,1.0,0,0,3,7,1060,1954,0,98133,47.7775,-122.337,1460,7780
500000.0,3,1.75,1690,48096,1.0,0,0,3,7,0,1973,0,98053,47.6745,-122.061,2070,35160
455950.0,4,2.5,2720,5771,2.0,0,0,3,8,0,2015,0,98056,47.4917,-122.17,1940,4184
742000.0,3,3.25,1540,704,3.0,0,0,3,9,0,2011,0,98122,47.6177,-122.308,1540,1456
385000.0,3,2.25,1680,8450,1.0,0,0,3,8,340,1960,0,98177,47.7575,-122.361,1850,8300
411605.0,4,2.5,2658,3960,2.0,0,0,3,9,0,2014,0,98092,47.2603,-122.194,2578,4200
515000.0,4,3.0,3590,8249,2.0,0,0,3,9,0,1997,0,98023,47.2846,-122.341,2860,7995
399000.0,3,2.5,1800,3300,2.0,0,0,3,7,110,2004,0,98118,47.5491,-122.276,1570,3902
910000.0,4,2.5,2770,9798,2.0,0,0,4,9,0,1986,0,98027,47.562,-122.081,3040,11100
680000.0,3,1.75,1620,5500,1.0,0,0,3,7,510,1950,0,98112,47.6393,-122.308,2100,6500
490500.0,3,2.0,3000,21883,2.0,0,0,3,7,1030,1998,0,98011,47.7599,-122.214,2280,14025
374950.0,3,2.5,2540,11562,1.0,0,1,3,8,1250,1964,0,98028,47.7614,-122.229,2230,10310
295000.0,3,2.5,1690,8564,2.0,0,0,4,7,0,1992,0,98038,47.3518,-122.057,1690,7532
505000.0,3,2.5,2340,5957,2.0,0,0,3,8,0,1995,0,98028,47.7347,-122.236,2340,6604
407185.0,3,1.75,1860,48076,1.5,0,0,4,8,0,1929,0,98070,47.5051,-122.461,1410,23066
215000.0,3,1.0,1280,9775,1.0,0,0,3,6,0,1964,0,98003,47.3262,-122.334,1230,8750
810000.0,5,3.5,3550,9600,2.0,0,0,3,9,1000,1998,0,98118,47.5484,-122.269,2030,9600
880000.0,5,2.75,3020,9187,2.0,0,0,3,9,0,2007,0,98033,47.6806,-122.167,2250,9675
412000.0,4,3.0,2430,7242,2.0,0,0,3,8,0,2003,0,98038,47.3533,-122.015,2430,7242
270000.0,3,1.0,1830,8209,1.0,0,0,3,7,0,1942,0,98028,47.7439,-122.228,2150,12000
678500.0,3,2.0,2460,6600,1.0,0,2,4,8,1090,1952,0,98136,47.5215,-122.383,2150,6600
435000.0,4,2.25,1910,8400,2.0,0,0,3,7,0,1975,0,98072,47.7352,-122.175,1910,8400
324888.0,4,1.75,2160,28750,2.0,0,0,4,8,0,1978,0,98092,47.3212,-122.118,1790,53578
852000.0,5,2.75,1990,3750,1.5,0,0,4,7,0,1913,0,98107,47.6733,-122.358,1820,5000
287000.0,5,1.5,2040,11772,1.0,0,0,4,7,1010,1963,0,98056,47.5015,-122.166,1560,9435
675000.0,3,3.0,2980,28000,1.0,0,0,3,10,1160,1981,0,98052,47.7318,-122.139,2570,28500
386000.0,4,2.5,2478,6079,2.0,0,0,3,8,0,2012,0,98030,47.3524,-122.175,2279,6079
160000.0,3,1.0,1200,8360,1.0,0,0,2,6,0,1948,0,98118,47.5414,-122.281,1570,6823
268500.0,4,1.75,1420,7500,1.0,0,0,4,7,340,1981,0,98031,47.4025,-122.176,1500,7260
709000.0,3,2.0,2360,18000,1.0,0,0,4,8,180,1951,0,98177,47.7133,-122.367,2600,17300
245000.0,3,2.0,1490,7929,1.0,0,0,3,7,0,1989,0,98002,47.2875,-122.218,1650,7929
405000.0,3,2.5,1500,9636,2.0,0,0,3,7,0,1994,0,98011,47.75,-122.176,1700,9656
457000.0,3,2.5,1220,1330,2.0,0,0,3,8,210,2008,0,98117,47.6904,-122.37,1360,3750
299000.0,2,1.5,1160,3838,2.0,0,0,3,7,0,1983,0,98034,47.7255,-122.164,1410,3780
550000.0,4,2.5,2150,27540,2.0,0,0,3,8,0,1997,0,98053,47.637,-121.969,2150,27540
242050.0,3,2.5,2170,9900,1.0,0,0,3,7,480,1980,0,98038,47.3634,-122.031,1420,10614
450000.0,2,2.0,1100,3000,1.5,0,0,3,7,0,1912,2005,98117,47.6797,-122.362,1390,4000
370000.0,4,2.5,2220,5338,2.0,0,0,3,7,0,2001,0,98059,47.4887,-122.15,2220,5338
480000.0,2,1.0,1030,3060,1.0,0,2,4,7,240,1918,0,98103,47.6779,-122.353,1390,3060
385000.0,3,2.25,1650,7800,1.0,0,0,3,7,390,1969,0,98011,47.7377,-122.197,1760,8268
627000.0,3,2.0,1940,3800,1.0,0,0,4,7,890,1927,0,98115,47.6842,-122.309,1700,3800
794500.0,5,3.0,3030,4120,1.5,0,0,4,7,1100,1913,0,98115,47.6771,-122.319,1280,3090
620000.0,4,2.5,2130,9139,2.0,0,0,3,9,0,1988,0,98029,47.5648,-122.01,2150,8178
259950.0,4,2.0,1610,6650,1.0,0,0,3,7,0,1989,0,98023,47.3085,-122.358,1960,6650
555000.0,3,2.0,2240,11250,1.0,0,0,3,8,0,1968,0,98008,47.6371,-122.119,2200,12500
360000.0,4,2.5,2640,7388,2.0,0,0,3,7,0,2003,0,98038,47.3505,-122.027,2640,6383
456000.0,3,2.5,2130,5205,2.0,0,0,3,8,0,2013,0,98045,47.4832,-121.774,2250,5462
319000.0,4,2.25,2380,7400,1.0,0,0,4,8,620,1979,0,98042,47.3555,-122.149,1940,7400
249000.0,3,1.5,1180,11579,1.0,0,0,4,7,0,1962,0,98058,47.4502,-122.089,1780,22486
160000.0,3,1.0,1340,18552,1.5,0,0,4,5,0,1935,0,98014,47.7129,-121.325,960,15141
236000.0,4,2.25,1830,9485,1.0,0,0,4,7,630,1989,0,98023,47.2995,-122.387,1730,10109
410000.0,4,2.5,1700,9000,1.0,0,0,5,7,0,1972,0,98034,47.7306,-122.233,1370,7592
225000.0,3,2.0,1460,7740,1.0,0,0,3,7,0,1968,0,98003,47.3467,-122.306,1540,7644
703770.0,4,2.25,2550,12918,2.0,0,0,3,9,0,1987,0,98006,47.5623,-122.109,2550,11036
261000.0,3,1.0,1660,11200,1.0,0,0,3,7,0,1957,0,98056,47.5121,-122.168,1380,10875
335000.0,3,2.25,1870,5876,2.0,0,0,3,7,0,1986,0,98038,47.3779,-122.045,1670,6203
1003000.0,4,2.5,2230,3600,2.0,0,0,5,8,600,1906,0,98112,47.6304,-122.309,2410,4800
243000.0,2,1.5,1068,1758,2.0,0,0,3,7,0,1990,0,98028,47.7527,-122.244,1078,1315
284200.0,3,2.5,1570,9292,1.0,0,0,3,7,460,1977,0,98001,47.3386,-122.272,1470,9222
970000.0,3,3.5,3840,53696,2.0,0,0,3,9,0,1996,0,98077,47.7322,-122.035,3810,35181
559000.0,4,1.75,2250,8458,1.0,0,0,3,8,800,1954,0,98136,47.5235,-122.383,1950,7198
269900.0,4,1.75,1530,8750,1.5,0,0,4,7,0,1968,0,98058,47.4556,-122.157,1390,8750
595000.0,3,1.75,2220,22081,1.5,0,0,4,7,0,1922,0,98166,47.4693,-122.364,2010,12360
371500.0,3,2.0,1370,8336,1.0,0,0,5,7,0,1964,0,98133,47.7458,-122.331,1770,7288
500000.0,3,1.0,1150,5100,2.0,0,0,3,8,0,1911,2005,98136,47.5349,-122.384,1440,5100
1378000.0,5,3.5,5150,12230,2.0,0,2,3,10,1450,2007,0,98008,47.6249,-122.09,2940,13462
900000.0,5,3.0,4350,37169,2.0,0,0,3,10,1400,1972,0,98005,47.6518,-122.16,3280,41631
283000.0,4,1.5,1480,47045,1.0,0,0,5,6,0,1942,0,98168,47.4809,-122.3,1530,11000
279950.0,3,1.75,1720,9775,1.0,0,0,3,8,0,1978,0,98032,47.3731,-122.286,1970,8400
260000.0,3,1.0,1190,11120,1.0,0,0,3,6,0,1947,0,98024,47.5687,-121.898,1230,12720
285000.0,3,2.0,2110,6900,1.5,0,0,5,6,890,1955,0,98178,47.504,-122.26,1350,7683
695000.0,4,1.75,2390,5880,1.0,0,2,3,8,1000,1957,0,98117,47.6956,-122.399,2210,6260
245000.0,2,1.75,1220,8382,1.0,0,0,3,6,0,1942,0,98146,47.5033,-122.359,1100,8382
940000.0,4,2.5,3090,9238,1.0,0,3,4,8,1410,1967,0,98006,47.5654,-122.163,2690,8500
350000.0,2,1.75,1080,7242,2.0,0,0,4,7,0,1984,0,98034,47.7065,-122.235,1800,7321
170000.0,2,1.0,810,8424,1.0,0,0,4,6,0,1959,0,98023,47.3286,-122.346,820,8424
399000.0,2,2.0,1110,1155,3.0,0,0,3,7,130,2008,0,98136,47.5496,-122.388,1110,1089
220000.0,4,2.5,2240,9826,1.0,0,0,4,7,870,1988,0,98023,47.314,-122.364,1980,9826
949000.0,4,3.0,4270,85643,2.0,0,0,3,11,0,1991,0,98077,47.7711,-122.048,3760,51170
500000.0,3,1.75,1530,8829,1.0,0,0,5,8,0,1972,0,98006,47.545,-122.171,2060,9226
536000.0,3,1.75,1530,8503,1.0,0,0,4,7,380,1983,0,98033,47.6872,-122.185,1610,8549
465000.0,3,1.75,1720,5280,1.0,0,0,4,8,820,1943,0,98199,47.6493,-122.401,1600,6000
405000.0,5,1.75,1550,10500,1.0,0,0,3,7,450,1961,0,98011,47.7573,-122.22,1420,9823
598000.0,5,2.25,2890,12478,2.0,0,0,3,9,0,1977,0,98074,47.6295,-122.052,2570,11880
232900.0,3,1.5,910,5120,1.0,0,0,3,6,0,1973,0,98106,47.5238,-122.356,1410,5132
387000.0,3,1.5,1620,21929,2.0,0,0,3,7,0,1990,0,98019,47.767,-121.903,1600,21679
614306.0,2,2.25,2210,5500,1.0,0,0,4,8,800,1968,0,98117,47.697,-122.39,2140,6600
606000.0,4,2.25,2390,8858,1.0,0,0,4,8,650,1979,0,98033,47.6925,-122.184,2240,8858
448500.0,3,2.25,1830,7943,2.0,0,0,3,8,0,1985,0,98028,47.7466,-122.249,2100,8070
265000.0,3,1.75,1330,12618,1.0,0,3,3,7,0,1983,0,98188,47.4403,-122.271,1870,8429
490000.0,2,1.75,1440,6265,1.0,0,0,3,8,0,2005,0,98053,47.7028,-122.013,1810,5209
636230.0,4,2.5,2840,6284,2.0,0,0,3,9,0,2013,0,98056,47.5135,-122.169,2790,7168
365070.0,4,2.5,2506,6232,2.0,0,0,3,7,0,2006,0,98030,47.3734,-122.182,2070,8260
530000.0,5,2.25,2720,8800,1.0,0,0,4,7,1220,1958,0,98008,47.5976,-122.118,2110,8800
465000.0,5,1.75,2000,10246,1.0,0,2,3,7,800,1953,0,98178,47.5084,-122.246,2340,9030
1482500.0,3,2.25,3290,5000,2.0,0,0,3,9,560,1939,0,98105,47.6582,-122.28,2340,4000
540000.0,3,1.5,2600,5085,1.0,0,0,4,7,1200,1940,0,98126,47.5659,-122.376,1320,4000
950000.0,3,2.5,2700,6947,2.0,0,3,3,9,0,2013,0,98056,47.5172,-122.208,2500,6947
530000.0,4,2.25,1940,8270,2.0,0,0,5,7,0,1962,0,98133,47.7567,-122.333,1800,7743
1515000.0,4,4.0,4500,11795,2.0,0,0,3,12,0,1991,0,98027,47.5533,-122.098,3930,11576
129000.0,2,1.0,760,5240,1.0,0,0,3,6,0,1949,0,98032,47.388,-122.234,980,5080
290000.0,3,1.75,1520,15090,1.0,0,0,4,7,0,1968,0,98038,47.398,-121.964,1580,18618
548000.0,2,1.0,1470,3864,1.0,0,0,4,7,300,1916,0,98103,47.6638,-122.345,1570,3864
775000.0,3,2.5,2620,241200,1.5,0,0,4,9,0,1998,0,98027,47.4574,-122.01,2620,172933
276200.0,2,1.75,1370,4495,1.0,0,0,4,8,0,1975,0,98198,47.3794,-122.317,1370,4686
592500.0,4,3.0,2170,8240,1.0,0,0,4,8,800,1968,0,98052,47.6291,-122.093,2020,7944
796000.0,4,3.5,3670,4960,2.0,0,0,3,9,800,2005,0,98177,47.7022,-122.374,1520,6335
890000.0,4,2.0,1480,11171,1.5,0,0,4,6,0,1947,0,98075,47.5849,-122.051,2790,20680
572800.0,3,2.5,3310,4682,2.0,0,0,3,9,930,2015,0,98065,47.5201,-121.885,2660,5166
470000.0,3,2.5,2480,5082,2.0,0,0,3,7,0,2004,0,98065,47.5297,-121.846,2480,5874
339950.0,3,1.75,1330,12092,1.0,0,0,4,6,610,1981,0,98168,47.5102,-122.324,1770,11770
367777.0,5,3.0,2140,5937,1.0,0,0,3,7,860,1978,0,98118,47.5459,-122.27,1820,6710
915000.0,4,2.5,3400,35062,2.0,0,0,4,11,0,1988,0,98052,47.7168,-122.113,2880,9705
525000.0,3,1.0,1240,4800,1.0,0,0,3,7,440,1951,0,98103,47.6563,-122.353,1440,4800
425000.0,5,2.5,2180,7875,1.0,0,0,4,7,980,1955,0,98133,47.7543,-122.341,1840,5105
365000.0,3,1.5,1520,8519,1.0,0,0,3,7,0,1954,0,98133,47.7712,-122.339,1570,9000
850000.0,4,3.0,2550,3784,1.5,0,0,4,8,800,1900,0,98103,47.6559,-122.338,2100,4560
480000.0,3,2.0,1470,10052,1.0,0,0,4,8,0,1956,0,98125,47.726,-122.316,1480,9780
721000.0,4,2.0,2280,8339,1.0,0,0,4,7,1060,1954,0,98115,47.6986,-122.297,1970,8340
425000.0,3,1.0,970,8040,1.0,0,0,3,7,0,1956,0,98007,47.603,-122.132,1250,7000
672500.0,4,2.5,2650,11108,2.0,0,0,3,10,0,1987,0,98074,47.6304,-122.051,2650,11585
195000.0,2,1.0,1280,7861,1.0,0,0,4,6,0,1913,0,98002,47.3007,-122.228,1020,6480
682000.0,2,1.0,890,5000,1.0,0,0,3,7,0,1943,0,98105,47.6666,-122.279,1680,5000
710000.0,3,1.0,1400,2250,1.5,0,0,3,7,0,1909,0,98119,47.6373,-122.358,1630,3600
605000.0,5,2.75,2910,13332,2.0,0,0,4,8,0,1940,1991,98146,47.4977,-122.359,1760,8900
637000.0,4,2.75,2900,5803,2.0,0,0,3,9,0,2007,0,98028,47.7368,-122.232,2900,6212
360000.0,2,1.0,880,1165,2.0,0,0,3,8,0,2005,0,98122,47.6192,-122.297,1640,3825
480000.0,4,2.5,2980,4074,2.0,0,0,3,8,0,2011,0,98019,47.734,-121.965,2320,4255
300000.0,6,2.5,3080,8163,1.0,0,0,3,7,1500,1985,0,98030,47.3859,-122.221,1850,8658
269000.0,4,2.5,1594,7665,1.0,0,0,5,7,506,1975,0,98002,47.3262,-122.211,1536,6000
775000.0,4,2.5,2070,8473,1.0,0,0,4,8,820,1976,0,98033,47.6608,-122.19,2070,9499
1088000.0,3,2.5,2920,8113,2.0,0,0,3,8,0,1950,2010,98004,47.5814,-122.196,2370,8113
350000.0,3,2.25,1640,7200,2.0,0,0,4,8,0,1985,0,98007,47.5948,-122.153,1830,8372
240000.0,3,1.0,1310,7125,1.0,0,0,4,7,0,1978,0,98042,47.3739,-122.148,1650,7290
325250.0,4,2.75,2130,9339,1.0,0,0,3,7,800,1991,0,98198,47.3788,-122.316,2090,7628
461000.0,3,2.25,1620,998,2.5,0,0,3,8,80,2012,0,98027,47.5394,-122.027,1620,1068
600000.0,3,1.0,1480,17360,1.0,0,1,3,8,0,1954,0,98136,47.5179,-122.387,2250,8720
1925000.0,3,4.5,3950,6134,2.0,0,3,3,11,1070,1998,0,98199,47.6413,-122.405,3050,5281
352000.0,5,2.75,2980,9838,1.0,0,0,3,7,1270,1968,0,98030,47.3807,-122.222,2240,9838
305000.0,3,1.0,1120,10125,1.0,0,0,3,6,0,1961,0,98059,47.4794,-122.078,1120,8820
237000.0,3,1.0,1300,8160,1.0,0,0,4,7,0,1960,0,98056,47.511,-122.172,1290,8970
410000.0,3,2.0,1410,8088,1.0,0,0,3,7,0,1987,0,98034,47.7303,-122.227,1770,7401
399000.0,3,1.0,1340,7191,1.0,0,0,3,7,0,1974,0,98034,47.7148,-122.212,1340,7215
340000.0,3,1.75,1960,8136,1.0,0,0,3,7,980,1948,0,98106,47.5208,-122.364,1070,7480
235000.0,3,1.0,1020,6173,1.0,0,0,3,6,240,1948,0,98168,47.5042,-122.329,1330,5909
1280000.0,5,2.5,3400,9500,2.0,0,1,4,8,0,1977,0,98027,47.5645,-122.082,3080,11081
2400000.0,4,3.25,4140,20734,1.0,0,1,3,10,840,1977,2005,98004,47.6344,-122.215,4020,20008
1695000.0,4,2.75,3770,10900,2.0,0,2,5,9,700,1924,0,98144,47.5849,-122.29,3000,5000
455000.0,2,1.0,1430,5000,1.5,0,0,2,7,0,1925,0,98115,47.6727,-122.299,1450,3750
335000.0,3,2.0,1410,44866,1.0,0,0,4,7,0,1985,0,98023,47.3273,-122.37,2950,29152
579000.0,3,2.75,2660,223027,1.0,0,0,3,8,1330,1962,2015,98038,47.4127,-122.071,1560,222591
376000.0,6,2.5,2420,11662,1.0,0,2,4,7,1000,1965,0,98188,47.4459,-122.278,1630,11662
225000.0,2,1.0,1010,5408,1.0,0,0,4,6,0,1926,0,98032,47.3759,-122.238,980,7800
598800.0,6,4.0,4470,17877,3.0,0,3,3,9,1240,2013,0,98188,47.4514,-122.273,1790,18260
277000.0,4,2.5,1850,5880,2.0,0,0,3,8,0,1998,0,98092,47.3322,-122.173,2370,6500
890000.0,4,3.25,4360,210254,1.0,0,0,3,10,2040,2000,0,98038,47.4375,-122.008,2410,87120
725000.0,3,2.5,2810,6300,2.0,0,0,3,8,0,2001,0,98074,47.6077,-122.02,2860,6630
437500.0,3,2.25,1970,35100,2.0,0,0,4,9,0,1977,0,98027,47.4635,-121.991,2340,35100
431000.0,3,1.75,1630,9000,1.0,0,0,4,7,0,1956,0,98166,47.4521,-122.36,1600,11120
550000.0,3,2.25,2160,15360,1.0,0,0,3,8,750,1965,2000,98007,47.6232,-122.138,2180,8480
407450.0,4,1.5,2310,68824,2.0,0,0,4,7,0,1968,0,98010,47.3354,-122.031,2020,39900
700000.0,3,2.75,2190,11060,1.0,0,0,4,7,580,1973,0,98033,47.6893,-122.208,2020,8588
670000.0,4,2.75,3020,13530,1.0,0,0,4,8,1480,1977,0,98052,47.6299,-122.099,2230,11896
480000.0,3,2.5,1590,1431,2.0,0,0,3,8,530,2010,0,98144,47.5893,-122.309,1620,1548
375000.0,4,2.0,1720,2410,1.0,0,0,3,7,750,1930,2006,98106,47.5252,-122.361,1160,1404
831000.0,3,2.25,2240,8800,1.0,0,0,5,8,0,1957,0,98005,47.5937,-122.172,2240,8800
277000.0,3,2.25,2160,9612,2.0,0,0,3,7,0,1994,0,98022,47.1927,-122.011,1970,9247
420000.0,4,1.5,1690,9391,1.0,0,0,3,7,400,1960,0,98155,47.7438,-122.329,1780,9390
294000.0,2,1.0,820,6366,1.0,0,0,5,6,0,1952,0,98133,47.7512,-122.34,1580,10169
270000.0,3,1.75,1390,10905,1.0,0,0,3,6,530,1957,0,98106,47.5517,-122.36,1390,10839
245000.0,3,1.5,1360,8910,2.0,0,0,5,7,0,1949,0,98188,47.4488,-122.275,1220,8912
389000.0,3,2.5,1350,874,3.0,0,0,3,8,80,2006,0,98136,47.5491,-122.387,1350,886
476000.0,4,1.75,2340,17541,1.0,0,0,4,7,980,1956,0,98028,47.745,-122.229,2250,9212
1191000.0,5,2.5,2710,14989,1.0,0,0,3,8,990,1959,0,98004,47.6411,-122.207,3180,16624
310000.0,3,2.75,2090,9620,1.0,0,0,3,8,750,1987,0,98023,47.2741,-122.337,2150,9660
540000.0,4,1.75,2260,19500,1.0,0,2,3,8,810,1971,0,98074,47.6555,-122.086,2980,19500
364000.0,2,1.5,1650,7311,1.0,0,0,3,7,790,1978,0,98133,47.7772,-122.357,1660,7255
445000.0,2,2.0,1240,2500,2.0,0,0,3,7,0,1985,0,98117,47.6793,-122.395,1660,5000
515700.0,3,2.5,2180,9722,2.0,0,0,3,8,0,1994,0,98056,47.527,-122.173,2440,9722
405000.0,3,1.75,1260,7373,1.0,0,0,4,7,0,1979,0,98034,47.7296,-122.233,1360,7373
1050000.0,3,2.25,2480,15022,1.0,0,4,3,9,1150,1967,2003,98136,47.5497,-122.396,2500,8178
665000.0,3,2.75,1930,2960,1.5,0,0,5,7,440,1929,0,98105,47.6659,-122.287,2080,3760
395000.0,4,2.5,2250,6840,2.0,0,0,3,9,0,1987,0,98058,47.4398,-122.151,2480,7386
680000.0,2,2.0,1450,989,3.0,0,0,3,9,0,2014,0,98109,47.6354,-122.346,1490,1240
318000.0,3,1.75,1570,12506,1.0,0,0,4,8,0,1959,0,98003,47.3365,-122.319,2120,13243
269000.0,4,2.5,2060,3608,2.0,0,0,3,7,0,2004,0,98198,47.362,-122.309,2060,3608
167000.0,3,2.0,1520,7456,1.0,0,0,3,7,0,1949,0,98166,47.4745,-122.343,1740,8464
799200.0,6,3.0,2890,2370,2.5,0,0,3,7,600,1906,0,98102,47.6227,-122.323,2180,2460
300000.0,4,2.5,2400,7215,2.0,0,0,3,8,0,1992,0,98023,47.2944,-122.371,2220,7760
448500.0,3,1.75,1300,4800,2.0,0,1,4,7,0,1912,0,98136,47.5457,-122.383,1300,4800
470000.0,4,2.0,2180,17180,2.0,0,0,4,7,0,1977,0,98014,47.698,-121.92,1880,14043
325000.0,4,1.0,1530,5684,1.0,0,0,3,7,400,1957,0,98108,47.5507,-122.298,1540,6095
669000.0,4,2.5,2470,4945,2.0,0,0,3,8,0,2012,0,98053,47.6898,-122.015,2510,4988
460000.0,3,3.5,1600,1431,2.0,0,0,3,8,360,2006,0,98117,47.6865,-122.363,1500,4120
479990.0,3,2.5,2010,2386,2.0,0,0,3,8,620,2014,0,98029,47.5525,-121.998,1690,1870
849990.0,4,2.75,3300,4987,2.0,0,0,3,9,0,2014,0,98074,47.6175,-122.056,3520,5453
437000.0,5,2.0,2120,137565,1.5,0,0,3,7,0,1913,0,98070,47.4558,-122.507,2120,157123
765000.0,4,2.75,2790,10819,2.0,0,0,3,10,0,1996,0,98027,47.5515,-122.08,3080,12603
723000.0,4,3.5,3510,9263,2.0,0,0,3,10,0,2001,0,98065,47.5413,-121.877,3690,10417
572000.0,4,2.75,2770,3852,2.0,0,0,3,8,0,2014,0,98178,47.5001,-122.232,1810,5641
782000.0,2,1.5,1570,3600,1.5,0,2,4,7,250,1906,0,98119,47.6366,-122.363,2140,3600
720000.0,2,1.0,2020,7200,1.0,0,3,4,7,320,1947,0,98146,47.506,-122.384,2020,7200
326100.0,2,1.0,880,7683,1.0,0,0,3,6,0,1942,0,98177,47.7145,-122.361,1370,7695
538900.0,5,3.0,3040,6604,2.0,0,0,3,9,0,2005,0,98106,47.548,-122.356,1650,6825
550000.0,4,2.5,2120,9163,1.0,0,0,4,8,670,1961,0,98006,47.5551,-122.172,2120,9166
379000.0,3,3.25,1380,1234,3.0,0,0,3,8,0,2006,0,98103,47.6935,-122.342,1370,1282
122000.0,2,1.0,740,6840,1.0,0,0,3,6,0,1942,0,98126,47.5168,-122.373,740,6840
320000.0,3,1.75,1370,9900,1.0,0,0,4,7,0,1983,0,98003,47.2575,-122.312,1490,9600
457500.0,3,1.0,1210,7636,1.0,0,0,4,7,0,1952,0,98118,47.5377,-122.266,1530,5900
311850.0,4,2.5,1890,4158,2.0,0,0,3,8,0,2014,0,98042,47.343,-122.056,2720,4549
363000.0,3,3.25,1651,1779,2.0,0,0,3,8,310,2008,0,98133,47.7076,-122.346,1650,2908
475000.0,3,2.5,1310,1294,2.0,0,0,3,8,130,2008,0,98116,47.5773,-122.409,1330,1265
271920.0,3,2.0,1410,10248,1.0,0,0,3,7,0,1985,0,98001,47.3315,-122.265,2090,9414
230500.0,3,2.25,1690,7245,1.0,0,1,3,7,530,1973,0,98003,47.3505,-122.305,1690,6720
265000.0,2,1.5,1084,3427,2.0,0,0,3,7,0,1976,0,98125,47.7117,-122.326,1084,6250
260000.0,3,2.5,1500,7401,2.0,0,0,3,8,0,1998,0,98092,47.2625,-122.221,1720,7171
254500.0,4,2.75,2570,7264,2.0,0,0,3,8,850,1998,0,98092,47.258,-122.208,2420,7911
419000.0,4,2.5,2690,7947,2.0,0,0,3,8,0,1993,0,98058,47.4248,-122.153,2160,8328
350000.0,3,1.5,1870,9000,1.0,0,0,3,7,750,1923,0,98108,47.5224,-122.318,1850,6000
130000.0,2,1.0,600,1500,1.0,0,0,4,4,0,1900,0,98027,47.5289,-122.033,1130,6000
281000.0,3,1.0,1340,21336,1.5,0,0,4,5,0,1945,0,98032,47.4023,-122.273,1340,37703
164000.0,3,1.0,1070,8250,1.0,0,0,3,7,0,1961,0,98092,47.2899,-122.192,1190,8250
253000.0,3,1.75,2040,7281,1.0,0,0,3,7,1020,1962,0,98188,47.4681,-122.282,1740,7527
903000.0,3,2.75,3860,12786,2.0,0,0,4,10,0,1984,0,98006,47.549,-122.141,2820,14636
900000.0,3,2.5,1920,7200,2.0,0,2,3,10,140,1997,0,98116,47.5709,-122.408,2080,5000
222000.0,2,2.0,1360,3300,2.0,0,0,3,6,0,2004,0,98038,47.3489,-122.022,1310,3300
259500.0,3,2.25,1490,7589,2.0,0,0,3,7,0,1993,0,98038,47.3474,-122.037,1510,6603
840000.0,3,2.0,2783,11177,2.0,0,0,3,8,0,1910,1999,98126,47.538,-122.38,1730,8018
585000.0,2,1.75,1980,8550,1.0,0,0,3,7,990,1981,0,98117,47.6989,-122.369,1480,6738
485000.0,3,2.5,1880,5502,2.0,0,0,3,8,0,1988,0,98029,47.5737,-122.018,2040,5411
550000.0,5,2.0,2450,9488,1.0,0,0,4,7,1210,1900,1955,98133,47.7056,-122.34,1310,5693
390000.0,3,2.0,1010,14183,1.0,0,0,3,8,0,1982,0,98074,47.6232,-122.043,1750,11700
925000.0,3,2.75,3640,10300,1.0,0,0,4,9,1580,1979,0,98006,47.5612,-122.146,3110,10625
235000.0,3,1.5,1980,11214,1.0,0,0,3,7,0,1959,0,98168,47.4696,-122.298,1510,9072
645000.0,3,2.75,1850,16960,1.0,0,2,4,8,0,1953,0,98177,47.7128,-122.365,2470,13761
485000.0,5,1.5,1420,9900,1.0,0,0,3,7,370,1964,0,98008,47.6348,-122.118,1580,8075
2950000.0,4,3.5,4860,23885,2.0,0,0,3,12,0,1996,0,98039,47.6172,-122.23,3580,16054
383000.0,4,1.75,1830,11090,1.0,0,0,3,7,770,1962,0,98028,47.7333,-122.246,1990,10917
750000.0,4,1.5,2030,3300,1.5,0,0,4,8,500,1927,0,98116,47.5855,-122.383,2610,5400
499000.0,3,1.5,1260,3135,1.0,0,0,4,7,480,1944,0,98107,47.6693,-122.371,1540,3025
267000.0,3,1.75,1440,10920,1.0,0,0,4,8,0,1977,0,98030,47.3812,-122.168,1720,8260
416000.0,3,2.5,1790,11542,1.0,0,0,5,7,600,1969,0,98059,47.5124,-122.16,1790,9131
220000.0,4,1.0,1200,6000,1.5,0,0,3,6,0,1923,0,98106,47.5307,-122.352,950,4000
320000.0,3,1.75,2300,41900,1.0,0,0,4,8,990,1939,0,98168,47.477,-122.292,1160,8547
291000.0,3,2.25,1860,13939,1.0,0,0,4,7,0,1961,0,98030,47.3746,-122.217,1530,10018
560000.0,3,2.25,2060,31400,2.0,0,0,3,8,0,1984,0,98074,47.6216,-122.056,2160,34500
644500.0,4,2.5,2990,5342,2.0,0,0,3,8,0,2004,0,98074,47.6124,-122.009,2990,5936
279500.0,4,2.5,1613,4338,2.0,0,0,3,7,0,2009,0,98042,47.3859,-122.162,1427,4341
962800.0,4,2.5,3780,23623,2.0,0,0,3,9,0,1997,0,98006,47.559,-122.118,3370,10210
585000.0,2,1.75,1280,7110,1.0,0,0,4,7,280,1955,0,98118,47.5569,-122.273,1550,6835
900000.0,3,3.25,3870,33980,2.0,0,0,3,10,720,1991,0,98006,47.5589,-122.117,3590,10750
429900.0,4,3.25,3310,8897,2.0,0,0,3,9,930,1991,0,98003,47.2655,-122.31,2490,8638
700000.0,3,1.75,1350,4000,1.5,0,0,4,7,0,1925,0,98103,47.6581,-122.354,1880,4000
270000.0,3,2.25,1500,7410,1.0,0,0,4,7,0,1973,0,98058,47.4597,-122.162,1750,7990
545000.0,4,2.5,2090,6023,2.0,0,0,3,8,0,1990,0,98029,47.5713,-121.997,2090,6023
328000.0,3,2.25,2020,8379,2.0,0,0,3,7,0,1994,0,98038,47.3828,-122.023,2020,8031
750000.0,4,2.5,3290,7538,2.0,0,0,3,9,0,2004,0,98075,47.598,-121.972,3450,7538
575000.0,4,2.0,1660,4800,1.5,0,0,3,7,0,1922,0,98103,47.6556,-122.345,1660,4800
289275.0,3,2.0,2860,24046,1.0,0,0,3,9,1160,1985,0,98019,47.7718,-121.904,1460,13648
911100.0,4,3.25,3330,33826,2.0,0,0,5,8,0,1924,0,98155,47.7596,-122.275,2580,28707
725000.0,3,1.75,1920,3300,1.0,0,0,4,8,960,1913,0,98112,47.6239,-122.298,1740,4000
1050000.0,4,4.0,4320,8709,2.0,0,0,3,11,1130,2006,0,98027,47.5369,-122.07,4010,8321
765000.0,2,1.75,1660,4000,1.0,0,0,3,7,670,1940,0,98112,47.6394,-122.28,2070,4000
679975.0,4,2.5,3830,4644,2.0,0,0,3,8,930,2004,0,98065,47.5384,-121.88,3400,6163
370000.0,3,1.5,1690,161913,1.0,0,0,2,7,260,1952,0,98030,47.356,-122.189,1930,12548
390000.0,3,2.25,2420,31497,1.0,0,0,4,8,670,1964,0,98058,47.4422,-122.151,2040,30472
336000.0,1,1.0,1160,5000,2.0,0,0,3,7,0,2000,0,98144,47.5883,-122.311,2060,5000
225000.0,2,1.0,720,4758,1.0,0,0,3,6,0,1947,0,98126,47.5176,-122.376,990,4920
560000.0,4,2.0,2720,8819,2.0,0,3,3,8,480,1976,0,98003,47.338,-122.333,2960,9672
122000.0,2,1.0,760,5280,1.0,0,0,3,6,0,1946,0,98168,47.483,-122.33,1710,6594
375000.0,3,2.5,1580,2407,2.0,0,0,3,8,0,2013,0,98126,47.5455,-122.368,1580,2212
571500.0,4,2.25,2810,25990,2.0,0,0,3,8,950,1959,0,98001,47.2993,-122.293,2020,16140
190500.0,3,2.0,1390,10155,1.0,0,0,3,7,260,1980,0,98003,47.2575,-122.305,1790,10155
1080000.0,4,2.5,4200,35267,2.0,0,0,3,11,0,1990,0,98077,47.7108,-122.071,3540,22234
401500.0,4,1.0,1790,8400,1.0,0,0,4,7,530,1954,0,98133,47.7627,-122.353,1470,8400
410000.0,3,1.0,1410,5000,1.0,0,0,3,6,430,1925,0,98116,47.5769,-122.397,1410,5000
1015000.0,3,2.5,2920,34527,1.0,0,4,4,9,1120,1954,1983,98116,47.5799,-122.4,2480,7933
1130000.0,4,1.75,2370,8400,1.0,0,0,5,9,1100,1949,0,98105,47.6716,-122.264,2370,8400
399895.0,4,2.5,2701,4500,2.0,0,0,3,9,0,2014,0,98092,47.2586,-122.194,2570,4800
1050000.0,4,2.5,3260,5974,2.0,0,1,3,9,440,2007,0,98115,47.6772,-122.267,2260,6780
960000.0,4,2.5,3430,43560,1.5,0,2,5,10,0,1979,0,98005,47.6426,-122.18,3700,44431
299000.0,3,2.25,1920,7840,2.0,0,0,4,8,0,1982,0,98032,47.3631,-122.276,2170,7210
355000.0,4,2.25,2200,3404,2.0,0,0,3,8,0,2005,0,98038,47.3895,-122.034,2200,3449
990000.0,4,2.5,2540,5930,2.0,0,0,3,9,0,2003,0,98199,47.6451,-122.387,1400,4000
579000.0,4,2.75,3220,9825,2.0,0,0,3,8,0,2012,0,98059,47.4863,-122.143,2820,8566
380000.0,4,1.75,2030,12518,1.0,0,0,3,8,420,1950,0,98125,47.7278,-122.297,1650,7872
380500.0,3,2.5,1900,7361,2.0,0,0,3,8,0,1994,0,98055,47.4324,-122.191,2100,7361
337000.0,4,2.0,1590,8779,1.0,0,0,3,8,0,2001,0,98019,47.7408,-121.974,2090,9600
255000.0,2,1.0,1610,19965,1.0,0,0,3,7,0,1952,0,98168,47.5095,-122.313,2100,28400
310000.0,3,1.75,2130,7140,1.0,0,0,3,8,550,1979,0,98023,47.3074,-122.341,2180,7906
285000.0,2,1.0,1210,4895,1.0,0,0,3,6,500,1951,0,98126,47.5202,-122.373,1100,6000
272000.0,4,2.25,2040,7600,1.0,0,0,4,8,460,1978,0,98023,47.3169,-122.365,2130,7200
1110000.0,5,3.5,7350,12231,2.0,0,4,3,11,2600,2001,0,98065,47.5373,-121.865,5380,12587
535000.0,3,1.75,2720,149410,1.5,0,0,3,9,0,1988,0,98014,47.7092,-121.892,2560,149410
207000.0,2,1.0,1130,8160,1.0,0,0,4,6,0,1952,0,98168,47.4997,-122.317,1060,6120
449950.0,3,1.75,2070,96703,1.0,0,3,4,7,0,1999,0,98092,47.2853,-122.008,1820,117612
290000.0,3,1.75,1390,13200,2.0,0,0,3,7,0,1979,0,98045,47.4429,-121.771,1430,10725
325000.0,2,1.0,1050,4800,1.0,0,0,4,7,0,1969,0,98146,47.5128,-122.388,1230,4800
470000.0,4,2.5,2680,8062,1.0,0,3,4,7,1150,1967,0,98198,47.4132,-122.328,1920,8600
679900.0,3,2.5,2440,5750,2.0,0,2,3,9,460,2000,0,98116,47.565,-122.381,1520,5750
950000.0,3,3.25,3050,18892,1.0,1,4,4,8,1400,1962,0,98198,47.3881,-122.326,1170,70973
199000.0,4,2.0,1440,9477,1.0,0,0,3,5,0,1943,0,98056,47.5093,-122.182,1440,9546
697000.0,4,2.5,3160,6961,2.0,0,0,3,8,0,2005,0,98074,47.6125,-122.01,3110,5058
219950.0,3,2.25,1500,7615,1.0,0,0,3,7,350,1984,0,98023,47.3146,-122.351,1540,8649
435000.0,4,2.5,2650,9065,2.0,0,0,3,7,0,2000,0,98019,47.7258,-121.959,2590,13218
425000.0,3,1.75,1680,3000,1.0,0,2,4,6,840,1900,0,98103,47.686,-122.346,1540,3700
485000.0,3,1.75,2180,7318,1.0,0,0,4,7,970,1967,0,98126,47.5251,-122.37,2140,7560
308000.0,3,1.0,1980,39150,1.5,0,0,3,6,400,1932,0,98030,47.3818,-122.225,1860,11811
390000.0,2,1.0,1270,8164,1.0,0,0,4,6,0,1941,0,98125,47.7116,-122.311,1580,9095
475000.0,2,1.0,920,5157,1.0,0,0,3,6,0,1909,0,98118,47.5499,-122.269,1700,5150
427000.0,3,2.0,1720,128066,1.0,0,0,3,7,0,1994,0,98027,47.4487,-121.981,2360,111078
670000.0,4,2.5,2570,9086,2.0,0,0,3,9,0,1999,0,98074,47.6373,-122.064,2760,6733
450000.0,3,2.0,2290,16258,1.0,0,0,5,8,0,1960,0,98058,47.4672,-122.165,1660,10530
500000.0,3,1.75,1410,1197,3.0,0,0,3,8,0,2012,0,98103,47.6558,-122.348,1350,2512
337500.0,5,2.5,2070,4698,2.0,0,0,3,7,0,1999,0,98038,47.3539,-122.024,2010,4698
325000.0,3,1.5,1890,7650,1.0,0,0,5,7,0,1966,0,98003,47.3454,-122.314,1510,7560
525000.0,3,2.5,3030,4500,2.0,0,0,3,8,0,2009,0,98059,47.4944,-122.15,3030,4501
449500.0,3,2.25,1780,7280,1.0,0,2,3,7,440,1972,0,98034,47.723,-122.215,2060,7280
502000.0,4,1.75,1920,3844,1.0,0,0,3,7,750,1967,0,98133,47.7041,-122.353,1480,3844
380000.0,3,2.5,2280,10255,2.0,0,0,4,8,0,1985,0,98058,47.4334,-122.161,2310,10094
359782.0,3,2.5,1850,3400,2.0,0,0,3,7,0,2010,0,98053,47.6871,-122.014,1850,3400
410000.0,2,1.75,870,4000,1.0,0,0,3,6,0,1941,0,98126,47.5657,-122.376,1420,4000
169100.0,3,2.0,1050,18304,1.0,0,0,4,7,0,1953,0,98001,47.3206,-122.269,1690,15675
205000.0,2,1.0,1060,8000,1.0,0,0,3,6,0,1941,0,98168,47.5088,-122.333,1390,8000
476500.0,4,1.75,1670,10200,1.0,0,0,3,7,280,1953,0,98118,47.5524,-122.267,1720,6860
320000.0,4,2.75,2610,9077,1.0,0,0,4,8,1300,1987,0,98058,47.4612,-122.147,1900,10500
206000.0,3,1.75,1140,9800,1.0,0,0,4,7,0,1968,0,98001,47.3063,-122.27,1370,9800
605000.0,4,2.75,1670,6000,1.0,0,0,5,7,830,1917,0,98136,47.5496,-122.385,1100,6000
385000.0,3,1.75,1350,155073,1.0,0,0,4,7,0,1969,0,98038,47.4058,-121.994,1560,50965
525000.0,3,2.5,2990,6725,2.0,0,0,3,9,0,2003,0,98059,47.4928,-122.142,2790,6725
1900000.0,4,3.25,4130,112521,2.0,0,0,3,11,0,1978,0,98005,47.6392,-122.165,3140,26147
450000.0,4,1.0,2000,4676,1.5,0,0,3,7,750,1916,1986,98118,47.5529,-122.268,1140,4676
447000.0,3,2.25,1440,4667,2.0,0,0,3,7,0,1985,0,98029,47.5662,-122.017,1610,4756
606400.0,3,3.0,1800,5000,1.5,0,2,3,8,300,1929,0,98119,47.6475,-122.371,1670,5000
405000.0,3,2.25,1520,1245,3.0,0,0,3,8,0,2004,0,98103,47.6907,-122.34,1520,1470
695000.0,4,3.5,3310,21050,2.0,0,0,5,9,910,1992,0,98027,47.5197,-122.041,2260,23400
575000.0,2,1.0,1230,2726,1.5,0,0,3,7,350,1920,0,98117,47.6815,-122.359,1710,3750
770000.0,4,2.5,2350,8001,2.0,0,0,4,8,0,1987,0,98006,47.5478,-122.153,2460,8001
390000.0,3,1.75,2092,250905,1.0,0,0,3,7,0,1981,0,98022,47.2664,-122.027,2092,217800
559500.0,4,1.75,1650,7088,1.0,0,0,3,8,0,1973,0,98027,47.5688,-122.087,1850,7523
481203.0,2,1.0,940,3800,1.0,0,0,3,7,0,1929,0,98115,47.6798,-122.292,1680,3800
1075000.0,4,4.25,3500,8750,1.0,0,4,5,9,1360,1951,0,98177,47.7222,-122.367,3110,8750
674250.0,4,2.5,2780,35000,1.0,0,0,4,9,0,1985,0,98072,47.7386,-122.091,2740,35072
406500.0,3,1.5,1970,10080,1.0,0,0,3,7,0,1966,0,98168,47.4703,-122.276,2240,10080
999000.0,4,2.75,2800,19168,2.0,0,0,3,10,0,1992,0,98075,47.5911,-122.037,2010,16020
615000.0,3,1.75,1720,4080,1.0,0,0,4,7,760,1924,0,98144,47.5747,-122.287,1660,4080
845000.0,4,2.5,2970,9072,2.0,0,0,3,10,0,1991,0,98006,47.562,-122.114,2740,8729
1400000.0,4,2.5,4070,7800,3.0,0,0,4,8,680,2002,0,98115,47.6838,-122.327,2020,6760
970500.0,3,2.75,2470,10125,2.0,0,0,3,8,0,1960,2012,98040,47.5651,-122.223,2290,10125
377000.0,3,1.75,1680,7389,1.0,0,0,3,8,530,1979,0,98056,47.5199,-122.184,2100,10348
510000.0,5,2.5,2510,83231,1.0,0,0,4,7,1250,1975,0,98027,47.4576,-121.984,2460,46431
746300.0,3,1.75,2060,5721,1.0,0,2,3,9,920,1964,0,98136,47.5268,-122.388,2060,8124
314950.0,3,1.0,1040,16986,1.0,0,0,4,7,0,1968,0,98059,47.4812,-122.097,1660,16986
366000.0,3,1.75,1840,11440,1.0,0,0,4,8,500,1977,0,98059,47.474,-122.14,1940,11440
436000.0,4,2.0,1600,15044,1.0,0,0,3,7,0,1972,0,98034,47.72,-122.216,1660,8102
305000.0,3,1.75,1400,10350,1.0,0,0,4,7,0,1976,0,98059,47.479,-122.132,1780,10457
225000.0,3,2.5,1590,8449,2.0,0,0,3,7,0,1989,0,98030,47.3493,-122.177,1750,7172
159995.0,2,1.0,1000,5026,1.0,0,0,5,5,240,1915,0,98002,47.297,-122.225,990,5026
582000.0,4,1.75,2120,4650,1.0,0,1,3,7,930,1951,0,98117,47.6964,-122.4,2070,6487
426000.0,3,2.5,2210,5750,2.0,0,0,3,7,500,1914,2000,98106,47.5525,-122.366,1350,5750
1051000.0,4,3.0,2920,33976,1.0,0,3,5,8,1460,1964,0,98008,47.6164,-122.104,2970,15210
332500.0,3,1.5,1500,6332,1.0,0,0,3,7,0,1953,0,98125,47.7274,-122.312,1500,6337
615000.0,4,2.75,2750,15450,1.0,0,0,3,8,950,1978,0,98155,47.7749,-122.283,2750,10620
619000.0,5,3.5,2950,2932,3.0,0,0,3,8,0,2004,0,98144,47.5923,-122.298,1580,2047
500000.0,3,2.25,1690,4964,2.0,0,0,3,8,0,1989,0,98029,47.5756,-122.01,1800,5036
400000.0,4,1.0,2320,4000,1.5,0,0,3,6,1010,1921,0,98144,47.573,-122.312,1750,4000
307000.0,5,1.5,1310,4800,1.5,0,0,3,6,200,1929,0,98106,47.5545,-122.365,960,4800
280000.0,1,1.0,690,1950,1.0,0,0,3,6,0,1928,0,98117,47.6849,-122.374,1650,4864
423500.0,3,2.0,2000,10490,1.0,0,0,3,8,570,1978,0,98033,47.6976,-122.166,1530,7659
619000.0,3,2.25,1650,946,3.0,0,0,3,8,0,2014,0,98103,47.6536,-122.354,1570,1283
725126.0,4,2.5,3200,12369,2.0,0,0,3,10,0,1998,0,98059,47.5273,-122.143,3770,12960
430000.0,3,2.5,1400,7508,2.0,0,0,4,7,0,1987,0,98034,47.7233,-122.167,1710,7700
535000.0,6,1.75,2460,6000,1.0,0,0,4,7,1230,1913,0,98115,47.6721,-122.323,1560,4275
380000.0,3,2.5,1260,900,2.0,0,0,3,7,320,2007,0,98116,47.5621,-122.384,1310,1415
560000.0,3,1.0,1440,5000,2.0,0,0,3,7,0,1910,0,98103,47.6741,-122.354,1850,4500
443000.0,3,2.5,2430,7049,2.0,0,0,3,8,0,2007,0,98106,47.5399,-122.352,1770,7049
450000.0,5,3.5,3931,9497,2.0,0,0,3,10,1281,2014,0,98023,47.3008,-122.386,3510,9497
474000.0,2,1.0,1050,403365,1.0,0,3,5,6,0,1905,0,98022,47.2221,-122.059,1760,108900
1065000.0,4,2.25,3240,12930,2.0,0,0,4,9,510,1968,0,98040,47.5373,-122.22,2610,12884
718000.0,5,2.75,2930,7663,2.0,0,0,3,9,0,2013,0,98056,47.5308,-122.184,2750,10335
339900.0,3,2.5,1470,4675,2.0,0,0,3,7,0,1999,0,98065,47.5261,-121.827,1500,4385
215000.0,1,1.0,970,7639,1.0,0,0,4,5,400,1920,0,98166,47.4655,-122.346,1360,7380
370000.0,3,2.25,1600,7620,1.0,0,0,3,7,320,1987,0,98011,47.774,-122.208,1600,8215
347500.0,3,1.5,1180,8353,1.0,0,0,3,7,0,1960,0,98155,47.7652,-122.274,1710,8748
235000.0,2,1.0,910,7617,1.0,0,0,3,6,0,1936,0,98125,47.7332,-122.305,1310,6624
560000.0,4,2.75,1950,6192,2.0,0,0,3,8,0,1992,0,98029,47.5698,-121.999,2040,5441
550000.0,4,2.5,1670,5116,2.0,0,0,3,8,0,1999,0,98155,47.7667,-122.33,1910,7210
150000.0,2,1.0,870,5700,1.0,0,0,4,6,0,1957,0,98056,47.498,-122.17,1020,5700
401750.0,2,1.5,1070,1236,2.0,0,0,3,8,70,2005,0,98116,47.5619,-122.382,1170,1888
1017000.0,4,1.75,2600,41041,1.5,0,0,4,8,0,1965,0,98033,47.6634,-122.172,2750,37318
543000.0,3,2.5,2090,7640,1.0,0,0,3,7,730,1962,2014,98133,47.7369,-122.338,2090,7668
325000.0,3,1.0,1300,9300,1.0,0,0,4,7,0,1977,0,98077,47.7562,-122.073,1300,10064
507000.0,4,1.75,1770,9375,1.0,0,0,4,7,600,1968,0,98052,47.6935,-122.112,1540,9375
228000.0,3,1.0,1000,16376,1.0,0,0,3,7,0,1959,0,98059,47.4825,-122.108,1420,16192
887000.0,6,2.25,3830,11180,1.0,0,2,5,9,1390,1962,0,98008,47.5849,-122.113,2500,10400
270500.0,3,2.5,1780,7848,1.0,0,0,3,7,460,1978,0,98038,47.3608,-122.056,1680,7848
338000.0,3,1.75,1250,7710,1.0,0,0,4,7,0,1947,0,98155,47.7623,-122.317,1340,7710
440000.0,4,2.0,2310,5004,1.0,0,0,3,7,880,1994,0,98108,47.5471,-122.298,1630,5060
550000.0,3,1.75,1360,5850,1.0,0,0,4,7,360,1938,0,98116,47.5711,-122.391,1540,5850
529999.0,3,2.5,1710,1664,2.0,0,0,5,8,410,2003,0,98199,47.6456,-122.383,1470,5400
699000.0,3,2.5,2370,10968,2.0,0,0,4,9,0,1985,0,98033,47.6679,-122.172,2380,8144
174500.0,2,2.5,1240,2689,2.0,0,0,3,7,0,1986,0,98003,47.3236,-122.323,1430,3609
617950.0,4,2.5,2410,7950,2.0,0,0,3,8,0,1997,0,98034,47.7185,-122.226,1920,7713
462000.0,4,2.5,2060,6958,1.0,0,0,3,7,840,1974,0,98034,47.7251,-122.168,1760,7350
448000.0,2,1.0,1110,5413,1.0,0,0,3,6,220,1937,0,98115,47.6925,-122.32,1300,5413
730000.0,5,2.75,2870,6593,2.0,0,0,3,9,0,2006,0,98052,47.7075,-122.102,3150,6593
415000.0,4,1.5,1840,11367,1.5,0,0,4,7,0,1950,0,98177,47.7656,-122.358,1690,9800
380000.0,3,1.5,1430,11173,1.0,0,0,1,7,0,1955,0,98006,47.5734,-122.153,1520,11659
925000.0,4,2.75,3010,3400,2.0,0,2,3,9,770,1923,2009,98122,47.6142,-122.284,1940,5080
654000.0,3,2.5,2570,5500,1.0,0,0,4,7,1250,1961,0,98199,47.6417,-122.397,1460,6250
435000.0,4,2.0,1650,4745,1.0,0,0,3,7,520,1972,0,98034,47.7359,-122.18,1650,5184
295000.0,4,2.5,2160,7725,1.0,0,0,4,8,700,1978,0,98023,47.3078,-122.378,2060,8250
390000.0,3,1.75,1850,15170,1.0,0,0,3,7,0,1965,0,98045,47.4991,-121.774,1160,14175
310000.0,3,1.5,1140,3104,2.0,0,0,3,7,0,1988,0,98029,47.5707,-122.018,1150,2981
212625.0,2,1.0,960,5000,1.0,0,0,3,6,0,1951,0,98126,47.5188,-122.372,930,5000
490000.0,4,2.25,2800,10800,1.0,0,0,3,8,1120,1977,0,98011,47.7448,-122.177,2260,9800
275000.0,4,2.25,2400,17842,2.0,0,0,4,7,0,1973,0,98002,47.2866,-122.217,1610,12100
408000.0,3,3.0,1500,1473,2.0,0,0,3,8,380,2000,0,98122,47.6063,-122.305,1720,1976
370900.0,3,1.5,1200,8560,1.0,0,0,4,7,0,1975,0,98011,47.7392,-122.194,1550,7800
250000.0,3,2.0,1050,18304,1.0,0,0,4,7,0,1953,0,98001,47.3206,-122.269,1690,15675
415000.0,3,2.0,1410,4303,1.5,0,0,4,7,0,1900,0,98108,47.5541,-122.317,1660,4326
465000.0,3,2.25,1920,7300,1.0,0,0,3,7,680,1961,0,98008,47.6078,-122.128,1920,7700
255000.0,3,2.0,1500,8775,1.0,0,0,3,6,110,1943,0,98166,47.4809,-122.335,1310,8775
575000.0,3,1.75,1720,4050,1.0,0,0,5,7,860,1906,0,98115,47.6782,-122.314,1720,4410
1905000.0,4,3.5,4210,18564,2.0,0,0,3,11,0,2001,0,98039,47.6206,-122.225,3520,18564
270000.0,3,2.25,1740,7345,1.0,0,0,3,7,360,1973,0,98032,47.3663,-122.285,1770,8250
210000.0,1,1.0,930,7129,1.0,0,0,3,6,0,1948,0,98133,47.7234,-122.333,1300,8075
358500.0,2,1.75,1400,865,2.0,0,0,3,8,290,2005,0,98029,47.5478,-121.999,1380,1107
433200.0,3,2.5,2075,16200,2.0,0,0,3,8,0,2002,0,98045,47.4848,-121.698,2300,32379
995500.0,5,4.5,4280,8465,2.0,0,0,3,10,0,2014,0,98034,47.7325,-122.165,2990,11067
266950.0,3,2.5,1920,4803,2.0,0,0,3,7,0,2005,0,98042,47.3745,-122.127,2240,5231
500000.0,4,3.25,2670,5001,1.0,0,0,3,9,1030,2013,0,98108,47.5666,-122.293,1610,5001
459950.0,3,2.5,2340,4273,2.0,0,0,3,7,0,2002,0,98065,47.5362,-121.878,2400,4624
565000.0,3,3.0,2110,4000,1.0,0,2,4,7,1000,1965,0,98126,47.5696,-122.375,1730,4000
320000.0,3,1.0,1340,5175,1.0,0,0,3,7,400,1987,0,98133,47.7321,-122.34,1020,5500
172000.0,3,1.0,970,4700,1.0,0,0,4,6,250,1943,0,98106,47.5285,-122.354,1560,4600
395000.0,3,1.75,1740,6220,1.0,0,0,4,6,0,1954,0,98177,47.762,-122.362,1630,8418
550000.0,3,3.5,1450,1091,2.0,0,0,3,8,250,2007,0,98119,47.6475,-122.359,1490,3017
255000.0,2,1.0,940,9330,1.0,0,0,3,6,0,1941,0,98118,47.5445,-122.273,1900,6145
569000.0,3,3.25,2220,8227,1.5,0,0,5,8,450,1929,0,98108,47.5665,-122.316,1750,4800
715000.0,5,1.75,1920,6500,1.0,0,0,3,7,660,1951,0,98112,47.6394,-122.308,1970,5500
460000.0,4,2.75,3460,13168,2.0,0,0,4,8,0,1932,1986,98022,47.2046,-121.996,1500,7670
585000.0,3,1.75,1480,4800,2.0,0,0,4,7,340,1944,0,98199,47.6567,-122.397,1810,4800
935000.0,4,2.0,2580,4500,2.0,0,0,4,9,730,1905,0,98102,47.6245,-122.316,2590,4100
700000.0,3,1.75,1640,4590,1.5,0,0,5,7,0,1951,0,98115,47.6846,-122.294,1760,5100
542000.0,2,2.25,1800,2819,2.0,0,2,4,9,0,1979,0,98008,47.6104,-122.113,1800,2755
605000.0,3,2.5,1660,1692,3.0,0,0,3,7,50,2005,0,98115,47.6801,-122.322,1210,1230
440000.0,3,2.5,2230,5800,2.0,0,0,3,7,0,2004,0,98065,47.5308,-121.847,2230,6088
650000.0,1,1.0,920,91476,1.5,0,0,3,6,0,1996,2002,98070,47.448,-122.472,1746,91476
370000.0,3,1.75,1480,7725,1.5,0,0,4,7,0,1981,0,98059,47.483,-122.163,1720,8379
1495000.0,4,3.75,3770,4000,2.5,0,0,5,9,880,1916,0,98122,47.6157,-122.287,2800,5000
468000.0,4,2.5,2150,8165,1.0,0,0,3,8,720,1957,0,98177,47.773,-122.371,2360,7980
410000.0,4,2.5,3320,5034,2.0,0,0,4,7,0,2006,0,98042,47.4011,-122.164,2580,4950
350000.0,3,1.5,980,7790,1.0,0,0,5,7,0,1969,0,98034,47.7141,-122.213,1390,7280
352500.0,4,2.5,2100,10750,1.0,0,2,4,8,0,1967,0,98023,47.3338,-122.337,2310,10425
563500.0,4,1.75,2085,174240,1.0,0,0,3,7,475,1964,0,98024,47.5753,-121.95,2690,174240
270000.0,3,1.5,1610,8375,2.0,0,0,3,7,0,1927,0,98155,47.7527,-122.306,1610,9107
212000.0,3,1.5,1830,12233,1.5,0,0,4,5,0,1930,0,98022,47.2057,-122.003,1520,12233
1225000.0,4,2.5,2740,16007,2.0,0,0,3,9,0,1984,0,98039,47.6353,-122.229,2760,16008
265000.0,3,1.5,1530,7500,1.5,0,0,3,7,0,1986,0,98038,47.3639,-122.055,2080,11250
528000.0,3,2.75,2160,4086,1.0,0,0,3,7,780,1987,0,98126,47.5352,-122.38,1300,4080
389999.0,3,2.25,1445,1471,2.0,0,0,3,7,145,2003,0,98027,47.5342,-122.072,1410,1399
325000.0,2,1.0,840,4239,1.0,0,0,3,7,0,1948,0,98126,47.5319,-122.382,1120,4494
315000.0,4,2.25,2180,10754,1.0,0,0,5,7,1080,1954,0,98133,47.7711,-122.341,1810,6929
560000.0,4,3.0,3080,9601,2.0,0,1,3,10,0,1990,0,98003,47.334,-122.332,3200,9375
451000.0,5,3.0,2260,6508,1.0,0,0,3,7,930,2003,0,98155,47.7508,-122.322,1940,9450
478500.0,3,1.0,2090,4755,1.0,0,2,3,8,890,1969,0,98136,47.5304,-122.387,1850,5300
287200.0,3,3.0,1850,19966,1.0,0,0,4,7,760,1992,0,98038,47.3493,-122.034,1410,6715
265000.0,3,2.5,1640,7668,2.0,0,0,3,7,0,1991,0,98038,47.3505,-122.027,1850,7200
160797.0,3,1.5,1270,2356,2.0,0,0,3,7,0,2012,0,98108,47.5671,-122.298,1490,2175
230000.0,2,0.75,650,5360,1.0,0,0,4,5,0,1931,0,98133,47.7281,-122.335,1110,6700
359900.0,5,2.75,2790,7600,1.5,0,0,4,7,0,1965,0,98056,47.4999,-122.165,1480,7600
220000.0,2,1.0,890,4804,1.0,0,0,4,7,0,1928,0,98133,47.7027,-122.346,1010,3844
462000.0,5,1.75,2840,10220,1.0,0,0,4,7,630,1954,0,98177,47.764,-122.36,2000,9750
430000.0,3,2.5,2075,39553,1.0,0,0,3,7,0,2012,0,98038,47.3601,-122.032,1960,9047
449950.0,3,2.0,1880,3048,2.0,0,0,4,7,0,1902,0,98122,47.6031,-122.303,1680,3600
2320000.0,4,3.5,5050,9520,2.0,0,0,3,11,1440,2007,0,98004,47.6364,-122.209,2430,9248
269000.0,1,1.0,1020,7920,1.0,0,0,3,7,0,1947,1983,98106,47.5385,-122.355,1000,7168
503000.0,2,1.0,870,4280,1.0,0,2,4,6,0,1921,0,98105,47.6697,-122.29,1750,4280
1025000.0,3,1.75,2640,8000,1.0,0,3,4,9,1320,1960,0,98040,47.5826,-122.246,2740,6000
220000.0,3,1.0,1090,6320,1.0,0,0,3,6,200,1954,0,98146,47.4976,-122.35,1460,7080
360000.0,4,2.5,2210,17715,2.0,0,0,3,8,0,1997,0,98030,47.3818,-122.2,2210,16907
333000.0,4,2.5,1910,9244,1.0,0,0,4,6,0,1963,0,98059,47.4918,-122.141,2590,9286
780000.0,2,3.25,3000,24004,1.0,0,0,3,10,590,1952,0,98005,47.611,-122.157,4270,24506
230000.0,3,1.5,1330,9548,1.0,0,0,5,7,0,1967,0,98042,47.3675,-122.11,1420,9548
357950.0,2,1.0,810,3880,1.0,0,0,3,7,0,1952,0,98107,47.6631,-122.365,900,4365
530000.0,3,2.0,2330,26571,2.5,0,0,3,8,0,1987,0,98005,47.6009,-122.158,2030,20037
450000.0,2,1.0,1340,7250,1.0,0,0,4,7,0,1951,0,98125,47.7015,-122.32,1450,7026
345000.0,4,2.75,2250,7412,1.0,0,0,4,8,770,1975,0,98058,47.4449,-122.129,2070,7632
2000000.0,5,4.0,4580,4443,3.0,1,4,3,10,0,2004,0,98075,47.5682,-122.059,2710,4443
610000.0,4,2.25,1960,9021,2.0,0,0,4,8,0,1973,0,98052,47.6349,-122.096,1960,9975
128750.0,3,1.0,880,7004,1.0,0,0,3,5,0,1950,0,98002,47.3019,-122.216,880,7828
1272000.0,4,3.25,3020,4000,1.5,0,0,5,8,1100,1927,0,98112,47.6395,-122.279,2400,4000
323000.0,4,2.75,1970,7213,1.0,0,0,3,8,800,1977,0,98058,47.4424,-122.126,1980,7045
190000.0,3,1.0,1090,8520,1.0,0,0,3,7,0,1967,0,98003,47.3364,-122.307,1190,8520
305000.0,4,1.5,1590,131551,1.0,0,3,4,7,0,1966,0,98022,47.2558,-122.024,2280,108028
565000.0,4,2.5,2500,12090,1.0,0,0,3,9,0,1983,0,98074,47.6346,-122.045,3380,12760
430000.0,2,1.5,950,4625,1.0,0,0,4,7,0,1949,0,98103,47.6912,-122.34,1440,4625
489950.0,3,2.5,2540,5237,2.0,0,0,3,8,0,2011,0,98118,47.5492,-122.276,1800,4097
483453.0,4,2.75,2790,5527,2.0,0,0,3,8,0,2014,0,98045,47.4827,-121.773,2620,5509
600000.0,2,1.0,1370,5000,1.5,0,0,3,7,0,1905,0,98107,47.6744,-122.383,1500,5000
845800.0,4,3.5,3020,12750,2.0,0,0,3,10,0,1990,0,98033,47.6524,-122.184,3120,14351
308550.0,3,2.0,1600,13200,1.0,0,0,3,7,0,1990,0,98045,47.4656,-121.756,1360,11520
785000.0,4,2.5,3210,24527,1.5,0,0,3,11,0,1984,0,98074,47.6399,-122.052,3280,24527
315000.0,1,1.0,700,3876,1.0,0,0,3,6,0,1910,0,98103,47.6886,-122.352,1150,3952
340000.0,3,2.0,1140,11620,1.0,0,0,3,7,0,1994,0,98045,47.4991,-121.783,1140,8400
251000.0,3,2.0,1650,7930,1.0,0,0,4,7,0,1989,0,98038,47.3617,-122.05,1510,7930
360000.0,3,1.0,1280,3870,1.0,0,0,3,7,640,1945,0,98122,47.6163,-122.294,1280,4800
820000.0,3,1.75,2160,6272,1.0,0,0,4,8,770,1960,0,98115,47.6777,-122.306,1290,5376
718500.0,3,1.5,1200,6240,1.0,0,0,3,8,170,1952,0,98112,47.6222,-122.287,2810,6240
375000.0,3,2.5,1300,1362,2.0,0,0,3,8,420,2008,0,98144,47.5893,-122.317,1300,1251
480000.0,4,1.75,1840,9250,1.0,0,0,4,7,860,1956,0,98133,47.708,-122.337,1520,9250
455000.0,4,2.5,2710,6558,2.0,0,0,3,9,0,1997,0,98058,47.434,-122.109,2710,7635
161000.0,4,2.0,1700,8043,1.0,0,0,3,7,850,1954,0,98168,47.4758,-122.288,1540,13260
1500000.0,5,3.25,2590,11500,1.0,0,2,4,9,0,1968,0,98040,47.545,-122.229,2780,11989
322400.0,3,1.75,1710,15844,1.0,0,0,4,8,0,1964,0,98059,47.4706,-122.1,1990,20359
650000.0,4,3.0,2900,15535,1.0,0,2,4,7,1030,1961,0,98008,47.612,-122.119,2330,10217
400000.0,4,3.0,2320,13068,2.0,0,2,3,8,0,1998,0,98198,47.3497,-122.317,2220,25265
312000.0,3,2.25,1490,974,2.0,0,0,3,7,270,2009,0,98106,47.5567,-122.363,1490,1283
1350000.0,5,3.5,4800,14984,2.0,0,2,3,11,1320,1998,0,98006,47.5543,-122.148,4050,19009
550000.0,3,2.5,2800,10603,2.0,0,0,3,9,0,2001,0,98011,47.7528,-122.195,2580,10603
260600.0,2,1.0,810,4560,1.0,0,0,3,7,0,1928,0,98126,47.5425,-122.376,1490,4560
320000.0,4,2.25,1550,7579,2.0,0,0,3,8,0,1993,0,98038,47.354,-122.047,1630,6397
308000.0,4,2.5,2020,7277,2.0,0,0,3,8,0,1993,0,98055,47.4318,-122.19,2820,7284
433500.0,3,1.0,1230,6000,1.0,0,0,4,7,450,1937,0,98115,47.6839,-122.281,1570,5000
1750000.0,4,3.5,3845,8400,2.0,0,0,3,10,0,2013,0,98004,47.6354,-122.198,1710,8400
284200.0,3,1.75,1540,6632,1.0,0,0,3,7,470,1959,0,98178,47.4973,-122.252,2510,6618
711600.0,4,3.0,3580,9316,2.5,0,0,3,10,1210,1991,0,98007,47.595,-122.133,2580,9242
449999.0,4,2.5,1950,4947,2.0,0,0,3,8,0,2000,0,98056,47.5042,-122.193,1760,5611
1950000.0,4,2.5,3440,14554,2.0,1,4,3,8,1270,2012,0,98155,47.7364,-122.286,3170,11810
282000.0,2,1.0,1150,6098,1.0,0,0,3,7,200,1948,0,98125,47.7259,-122.328,1790,8455
600000.0,3,1.75,1620,1325,2.5,0,0,3,9,190,2005,0,98102,47.6498,-122.321,1750,1572
570000.0,2,1.0,910,4301,1.0,0,0,4,7,0,1923,0,98117,47.6814,-122.399,1810,4301
1350000.0,4,3.25,3300,15907,2.0,0,0,5,10,0,1985,0,98040,47.5413,-122.216,2740,11358
651000.0,3,3.0,2260,1834,2.0,0,0,3,8,600,2002,0,98122,47.6111,-122.308,2260,1834
254600.0,3,2.0,1470,20000,1.0,0,0,4,7,0,1968,0,98002,47.2973,-122.08,1390,30056
436000.0,3,2.25,2120,6710,1.0,0,0,5,7,700,1959,0,98155,47.7461,-122.324,1880,6960
806000.0,4,2.5,2500,206474,1.0,0,0,3,10,0,1997,0,98053,47.6778,-121.994,3680,208652
273000.0,2,0.5,1180,7750,1.0,0,0,4,6,590,1945,0,98155,47.769,-122.316,1380,8976
230000.0,3,2.0,1160,1174,2.0,0,0,3,7,370,2007,0,98106,47.5225,-122.357,1160,994
305000.0,2,1.0,890,7200,1.0,0,0,3,7,150,1949,0,98115,47.6998,-122.278,1290,7200
261000.0,4,1.5,2040,10488,1.0,0,0,3,7,850,1961,0,98188,47.4557,-122.269,1960,10488
1045000.0,4,3.25,4160,47480,2.0,0,0,3,10,0,1995,0,98072,47.7266,-122.115,3400,40428
360000.0,2,1.0,1420,81892,1.0,0,0,3,7,240,1956,0,98055,47.4342,-122.195,1490,1863
286000.0,3,2.5,1680,5000,2.0,0,0,3,8,0,1987,0,98023,47.3196,-122.395,1720,5000
620000.0,4,2.5,2500,8282,2.0,0,0,3,9,0,2013,0,98056,47.5127,-122.169,2500,8046
220000.0,2,1.5,1030,2850,2.0,0,0,3,7,0,1995,0,98038,47.3845,-122.039,1030,3000
395000.0,4,1.75,1910,8117,1.0,0,0,3,7,450,1975,0,98072,47.7344,-122.173,1810,8100
805000.0,4,2.75,2410,6000,1.0,0,0,5,8,1000,1950,0,98107,47.6707,-122.399,1760,6000
470000.0,4,2.5,2310,14023,2.0,0,0,3,9,0,1991,0,98019,47.7351,-121.964,2410,14007
435000.0,3,2.5,1778,147823,2.0,0,0,3,7,0,1999,0,98014,47.6811,-121.915,2840,43676
550000.0,4,1.75,2410,8447,2.0,0,3,4,8,350,1936,1980,98074,47.6499,-122.088,2520,14789
530000.0,3,2.5,3660,39478,2.0,0,2,4,9,400,1989,0,98022,47.2413,-121.972,2700,38312
548000.0,4,2.0,2100,8880,1.0,0,0,4,7,0,1958,0,98008,47.6115,-122.124,1280,9102
517000.0,3,2.25,1640,4635,1.5,0,0,3,8,100,1930,0,98115,47.6793,-122.319,1530,4635
526750.0,5,2.5,2270,10700,1.0,0,0,4,8,700,1963,0,98028,47.741,-122.256,2020,10230
255000.0,3,2.5,2555,5720,2.0,0,0,3,8,0,2006,0,98031,47.386,-122.184,2844,5769
883000.0,4,2.5,2800,6874,2.0,0,0,3,9,630,1990,0,98112,47.6215,-122.29,1430,6240
540000.0,4,1.75,1840,4280,1.0,0,0,4,7,920,1918,0,98105,47.6681,-122.32,1660,4280
595000.0,4,2.5,2910,7287,2.0,0,0,3,8,0,1998,0,98065,47.5354,-121.869,2420,6180
340000.0,3,2.25,2120,13090,1.0,0,0,3,8,0,1997,0,98002,47.296,-122.219,1400,12039
1127000.0,4,2.5,3160,8281,2.0,0,0,4,9,0,1995,0,98033,47.6699,-122.195,3000,8281
435000.0,4,2.75,2230,9640,1.0,0,0,3,8,910,1998,0,98125,47.7269,-122.325,2100,9600
2200000.0,5,4.0,5840,11652,2.0,0,1,3,11,1430,1988,0,98004,47.5835,-122.202,3120,13639
258000.0,3,2.0,1790,7879,1.5,0,0,3,7,0,1998,0,98001,47.2634,-122.289,1790,7879
240000.0,3,2.0,1553,6550,1.0,0,0,3,7,0,1900,2001,98022,47.2056,-121.994,1010,10546
369000.0,4,2.5,3060,27251,1.5,0,0,3,8,0,2008,0,98022,47.1967,-121.966,1760,27251
209950.0,2,1.0,860,5080,1.0,0,0,3,7,0,1960,0,98032,47.39,-122.236,1250,6477
455000.0,3,2.25,1790,7500,1.0,0,0,3,7,400,1973,0,98034,47.7321,-122.198,1940,7192
425000.0,2,1.0,1150,6835,1.0,0,1,3,7,140,1922,0,98118,47.5567,-122.273,1150,6561
569888.0,4,2.5,2590,6474,2.0,0,0,3,8,0,2014,0,98056,47.5164,-122.19,1960,8679
415000.0,4,2.5,2891,6499,2.0,0,0,3,9,0,2014,0,98001,47.3359,-122.257,2550,8383
250000.0,2,1.5,1088,1360,2.0,0,0,3,7,0,1983,0,98034,47.7094,-122.213,1098,1469
254999.0,3,1.0,1580,7560,1.0,0,0,4,7,580,1976,0,98001,47.3318,-122.277,1580,7560
317000.0,3,1.5,1060,5750,1.0,0,0,2,7,0,1981,0,98126,47.5532,-122.372,1060,5750
435000.0,4,2.0,1880,3840,1.0,0,0,3,7,910,1904,0,98144,47.5929,-122.303,1670,1820
415000.0,5,1.5,1900,10226,1.0,0,0,3,7,770,1961,0,98034,47.7226,-122.227,1690,10227
446250.0,3,2.5,2380,214315,1.5,0,0,3,9,0,2000,0,98045,47.4525,-121.748,2400,68824
760000.0,3,2.75,3530,69834,2.0,0,0,3,10,0,1994,0,98053,47.6377,-121.995,3560,74256
465000.0,5,1.75,2330,6450,1.0,0,1,3,8,1000,1958,0,98146,47.4959,-122.367,2330,8258
1490000.0,5,3.5,3620,7821,2.0,0,2,3,10,830,1958,2010,98040,47.5738,-122.215,2690,9757
775000.0,3,1.0,1460,6198,1.5,0,0,4,7,0,1916,0,98107,47.6626,-122.361,2280,5160
440000.0,3,2.5,2040,7605,2.0,0,0,3,8,0,1996,0,98045,47.4876,-121.779,2150,7545
520000.0,4,2.75,2700,9882,2.0,0,0,3,7,0,1958,1989,98155,47.7671,-122.291,2250,10797
1031000.0,3,2.5,4110,35741,2.0,0,0,3,7,0,1976,0,98033,47.6642,-122.171,2710,8865
432500.0,3,2.5,2390,6435,1.0,0,0,3,8,790,1978,0,98034,47.726,-122.194,2020,7300
249000.0,3,1.5,1070,5150,1.0,0,0,4,6,0,1940,0,98106,47.5335,-122.349,1020,4800
202000.0,2,1.0,840,7200,1.0,0,0,4,5,0,1907,0,98032,47.3769,-122.237,1030,7200
915000.0,3,1.0,1560,8232,1.0,0,0,3,7,0,1952,0,98004,47.623,-122.205,1930,8286
160000.0,4,2.25,1800,14722,1.0,0,0,3,7,360,1962,0,98055,47.4874,-122.223,2400,10000
1300000.0,5,1.75,2130,19180,1.0,0,0,3,8,630,1968,0,98004,47.638,-122.213,3650,19180
470950.0,3,2.5,2560,16420,2.0,0,0,4,8,0,1989,0,98014,47.6916,-121.916,2120,16298
542525.0,4,2.5,2650,5600,2.0,0,0,3,8,0,2014,0,98059,47.4786,-122.122,2650,5600
183500.0,3,1.0,1010,7520,1.0,0,0,4,6,0,1975,0,98001,47.2699,-122.255,1370,8469
762000.0,5,2.0,3370,5000,1.5,0,0,4,7,1230,1907,0,98109,47.6373,-122.35,1920,3200
370000.0,2,1.0,1270,1399,3.0,0,0,3,7,0,2000,0,98136,47.5552,-122.381,1140,1442
589000.0,3,2.0,2360,118483,1.0,0,0,3,8,0,1981,0,98024,47.5595,-121.867,2660,91476
200000.0,3,1.5,1140,8340,1.0,0,0,3,7,0,1960,0,98168,47.4773,-122.28,1140,8340
227000.0,3,1.0,1130,10018,1.0,0,0,4,6,0,1954,0,98032,47.3733,-122.275,1770,7700
296500.0,3,1.5,1580,10100,1.0,0,0,4,7,0,1961,0,98055,47.4423,-122.193,1650,10032
382000.0,2,1.5,1070,877,3.0,0,0,3,8,0,2005,0,98107,47.6699,-122.393,1320,1193
510000.0,4,2.5,4073,17334,2.0,0,0,3,8,0,2008,0,98001,47.2949,-122.27,1780,9625
1475000.0,3,2.75,3910,7080,1.0,0,0,5,9,1940,1949,0,98112,47.6324,-122.289,3480,7370
474000.0,2,1.0,1100,3500,1.0,0,0,5,7,0,1908,0,98115,47.6741,-122.323,2050,4000
525000.0,3,2.5,2320,9610,1.0,0,0,3,9,590,1990,0,98011,47.7394,-122.204,2450,9608
661000.0,4,1.75,1670,13125,1.0,0,0,5,8,0,1973,0,98052,47.6315,-122.101,2360,12500
350000.0,3,1.75,1580,19998,1.0,0,0,4,7,0,1968,0,98010,47.3299,-122.046,1860,19998
790000.0,4,2.5,3500,7519,2.0,0,0,3,9,0,2004,0,98053,47.6799,-122.024,3920,7982
310000.0,3,1.0,1990,7173,1.0,0,0,3,7,0,1972,0,98034,47.7116,-122.213,1320,7245
790000.0,4,2.5,3020,36893,2.0,0,0,3,9,0,1986,2007,98077,47.768,-122.092,3020,36444
951250.0,5,3.0,2710,8227,1.0,0,2,3,8,800,1953,0,98199,47.6505,-122.39,2060,5400
550000.0,5,2.75,2160,5720,1.0,0,0,5,7,660,1950,0,98144,47.5728,-122.304,2160,4996
955000.0,3,2.25,3020,43560,2.0,0,0,3,10,300,1969,0,98005,47.6456,-122.173,3910,43560
340000.0,4,2.25,2230,6791,2.0,0,0,3,8,0,2005,0,98038,47.3769,-122.028,2420,6297
685000.0,4,2.5,2170,8680,1.0,0,0,3,7,950,1959,0,98004,47.6078,-122.192,2010,8680
360000.0,3,1.5,1060,6232,1.0,0,0,4,7,0,1968,0,98118,47.5329,-122.271,1120,5379
665000.0,3,1.75,1800,8000,1.0,0,0,3,8,0,1972,0,98008,47.6357,-122.119,1950,8500
487500.0,4,2.5,2810,6296,2.0,0,0,3,9,0,2013,0,98059,47.5019,-122.151,2850,6140
622000.0,3,3.5,1690,1765,2.0,0,0,3,8,320,2006,0,98103,47.6536,-122.34,1690,1694
546000.0,2,1.0,970,3400,1.0,0,0,3,7,0,1924,0,98109,47.6444,-122.357,1180,3600
372000.0,3,2.0,1330,1042,2.0,0,0,3,8,270,2014,0,98136,47.5522,-122.382,1440,2428
650000.0,3,2.0,2660,257875,1.0,0,2,4,8,1130,1976,0,98024,47.553,-121.887,1710,64033
325000.0,3,1.75,2080,6554,1.0,0,0,3,7,1040,1950,0,98118,47.5135,-122.257,1230,5650
600000.0,4,2.5,3870,50965,2.0,0,0,3,10,0,2007,0,98010,47.3109,-122.045,2170,65843
430000.0,3,2.5,2670,12806,2.0,0,0,3,9,0,2010,0,98038,47.3686,-122.059,3010,7231
1050000.0,4,3.25,4400,16625,2.0,0,0,3,11,0,2003,0,98075,47.5868,-121.968,4440,15523
250000.0,3,1.0,990,8100,1.0,0,0,3,6,0,1949,0,98146,47.4839,-122.341,1210,8100
572500.0,3,2.5,2490,7589,2.0,0,0,3,9,0,1991,0,98056,47.5355,-122.179,2500,10386
300000.0,4,3.0,2200,10800,1.0,0,0,3,6,0,1960,0,98058,47.4476,-122.169,1430,10800
320000.0,4,1.5,1310,137214,1.5,0,0,4,7,0,1926,0,98198,47.362,-122.316,1310,9450
355000.0,4,3.0,2580,9601,2.0,0,0,4,7,450,1992,0,98070,47.3726,-122.433,1900,10092
339000.0,3,2.0,1979,8470,1.0,0,2,4,7,650,1956,0,98198,47.3912,-122.301,1650,8591
619000.0,3,2.5,2720,6439,2.0,0,0,3,9,0,2005,0,98065,47.5422,-121.86,3180,7320
445000.0,4,2.0,2630,9099,1.5,0,0,3,7,800,1944,2009,98146,47.5067,-122.361,1430,6825
218000.0,3,1.5,1140,4875,1.0,0,0,5,6,0,1970,0,98042,47.3684,-122.08,980,5070
708000.0,4,2.5,3090,5600,2.0,0,0,3,9,0,2005,0,98075,47.597,-121.979,3080,5788
797000.0,4,2.75,2650,8610,2.0,0,0,3,8,0,1959,2007,98008,47.6155,-122.121,1680,8316
315000.0,1,1.0,580,7200,1.0,0,0,3,6,0,2000,0,98126,47.5249,-122.373,1360,7560
329900.0,3,2.0,1380,5198,1.0,0,0,4,7,0,1982,0,98106,47.5514,-122.357,1320,6827
545000.0,3,2.5,1990,5149,2.0,0,0,3,8,0,2003,0,98075,47.5895,-122.019,2280,4506
648752.0,3,2.25,2060,9953,1.0,0,0,5,8,990,1964,0,98040,47.5767,-122.233,2340,9600
683000.0,4,2.5,2620,10489,2.0,0,0,3,9,0,1990,0,98052,47.6732,-122.143,2430,7701
730000.0,2,1.75,1728,95950,1.0,0,3,3,9,0,2012,0,98070,47.4579,-122.443,1720,35735
559000.0,3,2.5,3110,217800,2.0,0,0,3,9,0,2001,0,98092,47.3281,-122.124,2220,217800
765000.0,3,3.0,3270,38088,2.0,0,0,3,10,0,1992,0,98053,47.6692,-122.028,1870,37457
385000.0,3,1.75,1180,10541,1.0,0,0,4,7,240,1981,0,98074,47.6348,-122.032,1230,10879
524500.0,3,1.5,1580,3172,1.0,0,0,4,8,680,1946,0,98117,47.6796,-122.393,1580,5000
460000.0,3,1.0,1860,6360,1.0,0,0,3,8,390,1954,0,98136,47.5327,-122.392,1770,6175
383000.0,3,1.5,1400,14850,1.5,0,0,4,7,0,1910,0,98070,47.4471,-122.464,1350,14850
225000.0,3,2.0,2030,24829,1.0,0,0,4,7,810,1979,0,98001,47.2718,-122.291,1980,15204
270000.0,3,1.75,1370,10866,1.0,0,0,4,6,0,1945,0,98052,47.6774,-122.164,1580,14250
190000.0,3,1.0,1640,8100,1.0,0,0,3,6,600,1939,0,98146,47.482,-122.34,1600,8100
265000.0,3,1.0,1080,4930,1.0,0,0,3,6,0,1950,0,98126,47.5209,-122.374,1100,5950
385000.0,2,1.0,830,26329,1.0,1,3,4,6,0,1928,0,98070,47.4012,-122.425,2030,27338
350000.0,4,2.0,2060,13400,1.0,0,2,4,8,0,1957,0,98166,47.4404,-122.34,1950,10370
693000.0,4,2.5,2460,4425,2.0,0,0,3,8,0,2006,0,98052,47.7048,-122.109,2990,5659
358000.0,3,1.0,1150,4681,1.0,0,0,3,7,0,1955,0,98133,47.7284,-122.336,1150,6800
820000.0,4,2.5,2440,5737,2.0,0,0,4,8,740,1929,0,98119,47.6472,-122.367,2020,5543
427000.0,2,1.5,1440,725,2.0,0,0,3,8,340,2011,0,98126,47.5607,-122.378,1440,4255
749950.0,4,2.5,3340,123600,2.0,0,0,3,10,0,2005,0,98053,47.6101,-121.955,3730,123600
349950.0,3,2.5,2240,7565,2.0,0,0,3,8,0,1999,0,98003,47.3485,-122.301,2190,8254
560000.0,3,1.75,1570,4375,1.0,0,0,3,7,600,1940,0,98116,47.5889,-122.389,1790,5750
525000.0,3,1.0,1560,8100,1.0,0,0,4,8,420,1952,0,98177,47.7261,-122.364,2130,8100
318888.0,4,1.75,2320,12000,1.0,0,0,4,8,50,1973,0,98032,47.3644,-122.28,2120,9880
209000.0,3,1.0,1320,3954,1.5,0,0,3,6,0,1912,2014,98022,47.202,-121.994,1270,5184
1100000.0,4,3.5,2210,7597,1.0,0,0,4,9,660,1977,2006,98004,47.5816,-122.197,2370,8811
1100000.0,5,2.75,2660,8737,1.0,0,4,5,8,1190,1969,0,98006,47.5667,-122.155,3280,8783
350000.0,3,1.0,1020,4980,1.0,0,0,4,7,170,1941,0,98133,47.7039,-122.34,970,4980
447000.0,4,2.5,2660,8027,2.0,0,0,3,8,0,1997,0,98045,47.4831,-121.781,2480,8095
420000.0,4,2.75,2400,20000,1.0,0,0,3,8,1230,1961,2015,98058,47.4556,-122.087,1690,20000
370000.0,3,1.75,1650,8254,1.0,0,0,5,7,590,1951,0,98155,47.7596,-122.304,2280,9450
784500.0,4,5.0,5820,13906,2.0,0,0,3,11,2070,1993,0,98042,47.3814,-122.164,2980,13000
730000.0,4,2.5,2740,11975,2.0,0,0,4,8,0,1991,0,98074,47.6315,-122.028,2310,9068
947500.0,4,2.25,3290,12329,1.5,0,0,4,10,0,1968,0,98040,47.5639,-122.216,3170,12329
620000.0,3,2.25,1780,1429,3.0,0,0,3,8,210,2007,0,98109,47.6413,-122.346,1470,1799
630500.0,3,2.5,1909,1300,3.0,0,0,3,8,143,2006,0,98103,47.6538,-122.352,1780,1248
730000.0,3,2.5,2160,8809,1.0,0,0,3,9,620,2014,0,98103,47.6994,-122.349,930,5420
188000.0,3,1.75,1660,7350,1.0,0,0,2,8,0,1979,0,98023,47.3118,-122.337,1840,7673
890000.0,2,1.75,3050,50965,2.0,0,0,3,10,0,1991,0,98053,47.6744,-122.05,3050,40107
300000.0,4,1.75,1890,9205,1.0,0,0,3,8,630,1964,0,98133,47.774,-122.348,1430,6775
551000.0,4,2.75,2170,5988,2.0,0,0,3,8,0,2014,0,98155,47.7484,-122.317,1170,8147
239000.0,2,1.5,680,772,2.0,0,0,3,7,0,2005,0,98103,47.695,-122.343,690,1059
558000.0,4,3.25,3160,8876,2.0,0,0,3,9,700,1997,0,98056,47.5153,-122.178,2900,10000
465000.0,3,1.75,1730,8073,1.0,0,0,3,8,380,1971,0,98177,47.7694,-122.367,2500,8073
858450.0,3,4.25,3840,9751,2.0,0,0,3,10,0,1998,0,98074,47.6347,-122.064,3230,7189
89950.0,1,1.0,570,4080,1.0,0,0,3,5,0,1942,0,98146,47.5098,-122.334,890,5100
224975.0,3,1.0,960,12745,1.0,0,0,4,6,0,1977,0,98038,47.3617,-122.03,1160,10488
749500.0,4,2.5,2440,9727,2.0,0,0,3,9,0,1987,0,98052,47.6613,-122.132,2370,11503
445000.0,2,1.0,910,7200,1.0,0,1,4,7,80,1936,0,98136,47.5145,-122.39,1700,7200
540000.0,3,1.0,1270,3840,1.5,0,0,3,7,0,1926,0,98103,47.6896,-122.357,1270,4175
425000.0,3,2.5,1120,1100,2.0,0,0,3,8,300,2008,0,98122,47.6106,-122.31,1590,1795
257500.0,4,2.0,2060,6400,1.0,0,0,3,7,890,1977,0,98002,47.2924,-122.197,1890,8736
1475000.0,3,2.5,2570,5000,2.0,0,0,3,11,0,1984,0,98102,47.6295,-122.32,1570,5000
440000.0,3,1.75,1500,6180,1.0,0,0,4,6,440,1947,0,98118,47.5689,-122.284,1740,6180
246000.0,3,1.75,1390,7399,1.0,0,0,4,7,0,1975,0,98031,47.4183,-122.182,1460,7800
2300000.0,4,2.5,3280,7100,2.0,0,4,3,10,1100,1911,1987,98119,47.6285,-122.362,3240,6674
252000.0,3,2.25,1740,10836,1.0,0,0,3,7,830,1981,0,98031,47.3976,-122.166,2090,7500
785000.0,5,3.25,3660,11995,2.0,0,2,3,10,0,2006,0,98065,47.5337,-121.86,3320,11241
343000.0,3,3.25,1210,1173,2.0,0,0,3,8,210,2002,0,98133,47.7114,-122.356,1650,1493
657000.0,2,3.0,1570,1281,3.0,0,0,3,8,0,2014,0,98107,47.6741,-122.384,1570,2500
768000.0,3,2.5,2660,10928,2.0,0,0,3,9,830,1988,0,98006,47.5442,-122.141,2800,10025
665000.0,3,1.0,1650,5102,1.0,0,0,4,8,350,1953,0,98199,47.6524,-122.404,1440,5102
588000.0,3,1.75,2310,7620,2.0,0,0,3,8,0,1942,1988,98177,47.7266,-122.363,2200,7672
352500.0,3,1.75,1500,10269,1.0,0,0,3,7,470,1958,0,98133,47.7672,-122.348,2090,10269
772000.0,4,2.75,3470,70131,1.0,0,0,4,8,1720,1962,0,98005,47.6339,-122.18,2950,43560
499000.0,3,2.0,2090,42689,1.5,0,0,3,7,0,1959,1998,98010,47.3497,-121.944,1890,18276
75000.0,1,0.0,670,43377,1.0,0,0,3,3,0,1966,0,98022,47.2638,-121.906,1160,42882
750000.0,3,1.0,1120,8549,1.0,0,0,3,7,0,1952,0,98004,47.6294,-122.205,1440,8640
750000.0,5,2.5,3120,15593,2.0,0,4,3,11,0,1986,0,98074,47.6142,-122.065,3390,17003
300000.0,4,2.25,1740,9613,2.0,0,0,5,8,0,1989,0,98058,47.463,-122.125,1680,9769
436000.0,5,3.0,2720,9856,2.0,0,0,4,8,0,1969,0,98059,47.4778,-122.146,1420,9685
448000.0,2,1.5,1630,3780,1.0,0,0,4,7,740,1940,0,98107,47.6711,-122.403,1770,6400
324450.0,3,2.0,1420,16000,1.0,0,0,3,7,0,1966,0,98166,47.478,-122.358,1900,12630
235000.0,4,1.75,1720,10137,2.0,0,0,3,7,0,1956,0,98188,47.4424,-122.276,1350,10205
175000.0,2,1.0,1160,6911,1.0,0,0,3,7,0,1947,0,98125,47.7149,-122.318,1120,6948
325000.0,3,2.5,2130,12245,2.0,0,0,3,8,0,1989,0,98042,47.3406,-122.057,1910,12216
829000.0,4,3.0,3310,4500,2.5,0,0,5,9,400,1900,0,98103,47.6594,-122.345,1440,3750
272000.0,4,2.25,2115,6234,2.0,0,0,3,7,0,1998,0,98002,47.285,-122.201,2440,6366
257000.0,2,1.75,1220,2268,1.0,0,0,4,6,610,1909,0,98144,47.592,-122.295,1240,1675
353000.0,4,2.75,1920,4627,1.0,0,0,3,8,910,1998,0,98178,47.5003,-122.23,1910,7210
448000.0,4,2.5,2510,6853,2.0,0,2,3,9,0,2006,0,98038,47.3547,-122.003,3400,6965
202500.0,3,1.0,1120,8576,1.0,0,0,3,6,0,1943,0,98178,47.4896,-122.248,1050,8812
856500.0,4,2.5,3290,8147,2.0,0,0,3,10,0,2003,0,98052,47.7048,-122.107,3290,7467
760000.0,4,2.5,2420,10285,1.0,0,4,3,8,720,1958,0,98146,47.4871,-122.36,2540,9900
776000.0,4,2.5,3040,6425,2.0,0,0,3,8,0,2008,0,98052,47.6788,-122.117,3040,7800
312000.0,4,2.5,1830,5175,2.0,0,0,3,7,0,2003,0,98038,47.3565,-122.016,1830,5175
718000.0,5,3.0,3070,9804,1.0,0,0,4,9,1330,1968,0,98006,47.5702,-122.128,2550,9689
574000.0,4,2.5,3240,22795,2.0,0,0,3,8,0,1998,0,98053,47.6329,-121.969,2570,29761
1139990.0,4,3.25,3740,11467,2.0,0,0,3,10,0,2014,0,98029,47.581,-122.022,2510,27520
271950.0,3,1.5,1220,8400,1.0,0,0,4,7,0,1962,0,98006,47.5467,-122.173,2110,9119
609950.0,3,2.25,1760,10350,1.0,0,0,4,7,430,1979,0,98033,47.6605,-122.188,2210,11337
465000.0,3,2.0,1560,8640,1.0,0,0,5,7,0,1967,0,98034,47.7294,-122.186,1970,8625
409900.0,3,2.5,1690,1200,2.0,0,0,3,8,280,2013,0,98106,47.5389,-122.367,1690,1760
350000.0,3,1.0,1370,8162,1.5,0,0,3,6,0,1949,0,98125,47.7263,-122.289,1560,8250
500000.0,5,3.0,2920,11440,2.0,0,0,3,8,0,2003,0,98133,47.7607,-122.354,1720,9348
975000.0,3,2.5,3050,7410,1.5,0,0,5,8,1100,1950,0,98115,47.6772,-122.296,1890,5814
715000.0,3,3.25,3060,9055,2.0,0,0,3,10,600,1994,0,98052,47.6971,-122.101,2990,9598
470000.0,3,1.75,1310,8600,1.0,0,0,4,7,0,1987,0,98033,47.686,-122.185,2510,8515
588500.0,3,1.75,2330,14892,1.0,0,0,3,8,360,1980,0,98074,47.6267,-122.046,2570,14217
225000.0,3,1.0,1660,7210,1.0,0,0,3,7,560,1963,0,98001,47.3394,-122.281,1660,7245
385000.0,3,3.5,1900,4805,2.0,0,0,3,8,340,1999,0,98108,47.5686,-122.315,1360,4800
575550.0,4,2.5,2060,7475,1.0,0,0,3,8,620,1985,0,98052,47.7272,-122.105,2280,8396
496752.0,2,1.0,1980,5000,1.0,0,0,4,7,890,1923,0,98144,47.586,-122.295,1720,5000
256883.0,3,2.5,1690,5025,2.0,0,0,3,8,0,2003,0,98023,47.2779,-122.347,2550,5001
732500.0,3,2.5,2470,10321,2.0,0,0,3,9,0,1988,0,98052,47.6694,-122.141,2450,8440
554950.0,3,2.5,2950,10254,2.0,0,0,3,9,0,2006,0,98059,47.4888,-122.14,2800,9323
456000.0,4,1.75,1670,9886,1.0,0,0,5,7,0,1947,0,98125,47.7249,-122.287,2590,9997
280000.0,3,1.75,1590,7280,1.0,0,0,3,7,450,1974,0,98058,47.4288,-122.153,1590,9634
616300.0,3,2.0,1700,8400,2.0,0,2,3,7,0,1927,0,98033,47.6825,-122.19,1820,9000
305000.0,2,1.0,1290,3383,2.0,0,0,3,7,0,2008,0,98053,47.6968,-122.025,1290,2828
510000.0,2,1.0,1390,5544,1.0,0,0,3,7,460,1947,0,98105,47.6696,-122.267,1710,6200
746000.0,3,2.25,2370,9619,1.0,0,0,4,8,720,1973,0,98052,47.6366,-122.099,1960,9712
265000.0,3,1.75,2050,10519,1.0,0,0,3,7,810,1979,0,98058,47.4257,-122.146,1770,9605
505000.0,4,2.5,2780,6369,1.0,0,0,3,8,1190,1978,0,98034,47.7284,-122.216,2170,7490
575000.0,4,2.5,4620,20793,2.0,0,0,4,11,0,1991,0,98023,47.2929,-122.342,3640,20793
825000.0,4,3.25,4110,14219,2.0,0,2,4,10,1540,1979,0,98028,47.7382,-122.264,2760,12283
380000.0,3,2.25,1600,39848,1.0,0,3,4,8,0,1958,0,98022,47.1991,-122.013,1600,39848
549995.0,4,3.5,2660,5690,2.0,0,0,3,8,740,2014,0,98059,47.4775,-122.122,2970,5690
785000.0,3,2.75,2990,207781,2.0,0,0,3,9,0,2000,0,98014,47.662,-121.944,2590,218671
364950.0,4,2.5,2070,2992,2.0,0,0,3,8,0,2002,0,98058,47.4496,-122.12,1900,2957
1284000.0,5,4.25,5040,9466,2.0,0,0,3,11,0,2004,0,98059,47.5282,-122.133,4300,9417
280000.0,3,1.0,1310,22652,1.0,0,0,3,7,0,1968,0,98092,47.2574,-122.072,1600,103672
445000.0,4,2.75,2680,16934,1.0,0,0,4,7,1340,1958,0,98106,47.542,-122.364,1240,7000
650000.0,2,2.5,1470,690,3.0,0,3,3,8,0,2008,0,98103,47.6523,-122.346,1480,1284
1240000.0,4,3.0,3330,6990,1.5,0,3,5,9,1000,1928,0,98144,47.5886,-122.287,2620,5310
940000.0,4,2.75,3270,9231,2.0,0,0,3,10,0,1995,0,98052,47.6539,-122.121,3380,10154
1272000.0,4,2.75,3200,13729,2.0,0,0,3,11,0,1984,0,98005,47.6402,-122.171,4050,16921
378000.0,2,2.0,1300,3850,1.0,0,0,3,7,500,1963,0,98136,47.5395,-122.39,950,5500
610000.0,3,2.5,3440,18167,2.0,0,0,3,11,0,1991,0,98023,47.2909,-122.342,3990,20239
939000.0,3,3.5,2450,9248,2.0,0,4,3,8,490,1933,1993,98136,47.5476,-122.397,2620,10207
506950.0,3,2.5,2080,4931,2.0,0,0,3,8,0,2000,0,98065,47.5342,-121.868,1890,4229
182000.0,3,2.25,1960,8875,1.0,0,0,3,7,670,1965,0,98003,47.3344,-122.301,1890,8700
249900.0,3,1.75,2080,12522,1.0,0,0,5,6,0,1950,0,98001,47.267,-122.25,1690,11200
1535000.0,4,4.5,5770,10050,1.0,0,3,5,9,2610,1949,0,98115,47.677,-122.275,2950,6700
589000.0,4,1.0,2210,4366,2.0,0,0,3,8,0,1901,0,98122,47.6105,-122.309,1740,1745
357186.0,2,1.75,1210,1040,2.0,0,0,3,8,0,2014,0,98029,47.5519,-121.999,1210,1090
399950.0,2,1.0,710,1157,2.0,0,0,4,7,0,1943,0,98102,47.6413,-122.329,1370,1173
99000.0,2,1.0,960,8236,1.0,0,0,2,6,0,1948,0,98058,47.4698,-122.166,1260,8236
950000.0,4,2.0,2490,4600,1.5,0,2,3,8,400,1926,0,98105,47.6557,-122.278,2910,5000
405000.0,3,1.0,960,3960,1.0,0,0,3,7,0,1943,0,98199,47.6465,-122.404,1550,6050
335000.0,2,1.0,1360,69260,1.0,0,0,4,5,0,1937,0,98065,47.5229,-121.838,1460,69260
730000.0,4,2.75,3800,9606,2.0,0,0,3,9,0,2008,0,98011,47.7368,-122.208,3400,9677
347000.0,3,2.5,1680,4308,2.0,0,0,3,7,0,2004,0,98056,47.4802,-122.179,2160,4182
316000.0,3,2.25,1900,7479,2.0,0,0,4,7,0,1992,0,98038,47.3495,-122.037,1520,6559
385000.0,3,2.0,1860,7400,1.0,0,0,3,8,930,1922,2004,98166,47.4598,-122.352,1640,8461
715000.0,2,2.5,2160,5581,1.0,0,0,3,8,0,2002,0,98053,47.7017,-122.023,2315,5652
325000.0,4,1.75,1370,9993,1.0,0,0,3,6,0,1918,0,98028,47.7572,-122.228,1650,11592
260000.0,2,1.0,690,6000,1.0,0,0,3,6,0,1949,0,98118,47.5621,-122.283,840,3030
158000.0,3,1.5,990,8925,1.0,0,0,4,7,0,1962,0,98003,47.3294,-122.331,1360,8625
3200000.0,7,4.5,6210,8856,2.5,0,2,5,11,1450,1910,0,98109,47.6307,-122.354,2940,5400
200000.0,4,2.75,1910,7210,1.0,0,0,4,7,480,1980,0,98030,47.3693,-122.169,1750,7446
400000.0,3,1.75,1330,9143,1.0,0,0,3,7,0,1960,0,98006,47.5538,-122.176,1950,10384
230000.0,3,1.75,1340,8250,1.0,0,0,3,7,240,1985,0,98042,47.3668,-122.09,1540,7860
484000.0,2,1.75,1660,6000,1.0,0,0,3,7,500,1942,0,98105,47.6624,-122.291,1660,4000
399500.0,2,1.5,1180,1722,2.0,0,0,3,8,0,2006,0,98116,47.5626,-122.384,1490,1469
488000.0,2,1.5,1000,5125,1.0,0,0,3,7,0,1942,1968,98103,47.6926,-122.347,1090,5100
500000.0,3,2.5,3040,5326,2.0,0,0,3,9,0,2008,0,98055,47.4472,-122.207,3040,5442
350000.0,5,1.75,1380,7620,1.0,0,0,3,7,200,1955,0,98106,47.5279,-122.345,1990,7620
536000.0,3,1.75,1300,5413,1.5,0,0,3,7,0,1925,1992,98115,47.6988,-122.32,1590,6380
665000.0,3,1.0,1260,24550,1.5,0,2,4,7,0,1937,0,98136,47.5442,-122.396,2500,12320
245000.0,3,1.5,1330,7125,2.0,0,0,3,7,0,1968,0,98034,47.7308,-122.194,1570,7350
485000.0,4,2.75,2910,16362,1.0,0,2,4,9,790,1969,0,98003,47.3397,-122.322,2850,14904
425000.0,3,2.5,2670,13218,1.0,0,0,4,10,0,1988,0,98042,47.3683,-122.153,1960,13130
284000.0,3,2.25,1580,7034,1.0,0,0,4,7,400,1989,0,98038,47.3564,-122.04,1470,7358
475000.0,4,2.75,1980,11443,1.0,0,0,5,7,0,1952,0,98155,47.7707,-122.273,2080,15700
600000.0,4,2.75,3110,11225,2.0,0,0,3,8,0,2012,0,98059,47.4865,-122.143,2610,8535
1740000.0,4,3.75,3300,4545,1.5,0,4,3,10,700,1926,1999,98105,47.6561,-122.274,3300,5000
562000.0,3,2.0,3250,50529,2.0,0,0,4,8,0,1978,0,98075,47.5849,-122.016,2370,47480
259000.0,3,2.0,1870,5909,1.0,0,0,3,7,600,1986,0,98030,47.3665,-122.183,1870,7887
810000.0,4,2.5,3480,59242,2.0,0,0,3,11,0,1988,0,98072,47.7391,-122.102,2930,39400
870000.0,4,2.75,2840,4000,1.5,0,0,5,8,880,1912,0,98144,47.5846,-122.291,2750,4000
850000.0,2,1.5,2210,5000,1.0,0,2,3,8,680,1951,0,98122,47.6122,-122.288,2700,5000
180000.0,3,2.25,1990,6350,2.0,0,0,3,7,0,1967,0,98198,47.3822,-122.316,1220,6250
925000.0,3,1.0,1630,3200,1.5,0,0,4,8,0,1912,0,98109,47.6351,-122.352,1710,3600
650000.0,4,1.75,2010,5070,1.0,0,1,4,7,710,1963,0,98116,47.5793,-122.402,2180,5400
349000.0,2,1.75,1250,1208,2.0,0,0,3,7,210,2007,0,98144,47.6004,-122.299,1250,1656
328000.0,5,2.25,2240,9652,2.0,0,0,3,7,0,1990,0,98055,47.4249,-122.211,2180,11644
260000.0,3,1.0,1200,4592,1.0,0,0,3,6,400,1950,0,98106,47.519,-122.352,940,4440
362000.0,5,3.0,1810,3000,2.0,0,0,3,7,0,1998,0,98118,47.5622,-122.291,1670,3000
251200.0,4,1.5,1310,8250,1.0,0,0,3,7,250,1953,0,98148,47.425,-122.332,1260,8255
999000.0,4,2.5,3130,10849,2.0,0,0,3,10,0,2013,0,98033,47.6828,-122.186,2470,9131
465000.0,3,1.0,1100,145490,1.5,0,0,4,6,0,1915,0,98024,47.5697,-121.898,1100,11610
1300000.0,5,4.0,3366,7800,2.5,0,2,3,8,400,1937,0,98199,47.6466,-122.391,2340,6000
200000.0,1,0.75,680,9600,1.0,0,0,3,5,0,1947,0,98115,47.6964,-122.306,1580,6624
284000.0,4,3.0,2040,7145,1.0,0,0,3,8,550,1994,0,98092,47.3275,-122.171,1940,7145
750000.0,4,2.75,2640,3750,2.0,0,0,5,7,800,1911,0,98117,47.6783,-122.363,1690,5000
415000.0,3,1.75,1470,4000,1.0,0,0,3,7,400,1979,0,98122,47.6067,-122.298,1280,3500
482500.0,4,3.0,1630,7626,1.0,0,0,5,7,520,1990,0,98125,47.7168,-122.308,1630,8082
244900.0,1,1.0,620,8261,1.0,0,0,3,5,0,1939,0,98106,47.5138,-122.364,1180,8244
520000.0,4,2.5,3290,11446,2.0,0,0,3,8,0,1992,0,98028,47.7399,-122.234,2050,11933
330000.0,3,2.5,2210,7557,2.0,0,0,3,9,0,1989,0,98023,47.3079,-122.393,2440,8641
810000.0,3,1.75,2060,3300,2.0,0,0,4,9,560,1918,0,98102,47.6498,-122.32,1830,3712
817000.0,3,1.5,2310,3360,1.5,0,0,3,8,520,1926,0,98119,47.6431,-122.359,1930,4320
355000.0,2,1.75,1650,4000,1.0,0,0,4,7,700,1947,0,98108,47.5622,-122.319,1060,4110
685000.0,3,1.0,1570,2280,2.0,0,0,3,7,0,1922,0,98119,47.6413,-122.364,1580,2640
227000.0,3,1.75,1680,7455,1.0,0,0,4,8,0,1968,0,98023,47.3112,-122.378,2040,8214
654000.0,5,2.5,2960,8968,1.0,0,0,4,8,1320,1965,0,98008,47.6233,-122.102,1890,9077
465000.0,4,2.25,2140,7701,1.0,0,0,4,7,670,1977,0,98034,47.7213,-122.171,2130,8050
740000.0,4,2.25,2920,46355,2.0,0,0,4,9,0,1998,0,98024,47.569,-121.962,2310,184694
360000.0,3,1.0,1120,10500,1.0,0,0,4,7,0,1966,0,98034,47.7267,-122.226,1320,10500
401000.0,3,2.0,1240,11172,1.0,0,0,3,7,240,1984,0,98074,47.6364,-122.037,1330,14102
535000.0,3,2.5,2510,5544,2.0,0,0,3,7,0,2001,0,98053,47.6903,-122.042,2660,5614
520000.0,3,1.75,1490,1036,2.0,0,0,3,10,400,2008,0,98199,47.6588,-122.403,1460,1206
457000.0,3,2.5,2050,5694,2.0,0,2,3,8,0,2004,0,98065,47.5331,-121.855,2680,7187
306000.0,3,1.0,910,8658,1.0,0,0,3,7,0,1955,0,98155,47.7586,-122.303,1170,10200
360000.0,5,2.0,2120,2400,1.0,0,0,4,6,1040,1906,0,98144,47.5979,-122.297,1690,4400
755000.0,3,2.5,2000,1950,3.0,0,0,3,8,0,2005,0,98109,47.6476,-122.356,1560,1340
313000.0,4,2.5,2460,10320,2.0,0,0,3,8,0,1993,0,98092,47.2599,-122.215,2210,9024
180000.0,3,1.0,1020,5500,1.5,0,0,3,7,0,1961,0,98118,47.5502,-122.286,1160,5500
230000.0,3,1.5,1510,10588,1.5,0,0,3,7,0,1947,0,98198,47.3775,-122.319,1360,2873
859000.0,3,2.5,2920,434728,2.0,0,3,4,8,0,1999,0,98042,47.3809,-122.13,3150,55216
330000.0,4,2.5,1820,3905,2.0,0,0,3,7,0,2001,0,98019,47.7346,-121.985,1820,3863
500000.0,2,2.5,1310,1500,2.0,0,0,3,8,150,2006,0,98122,47.6112,-122.309,1320,1581
568500.0,3,2.75,2180,7519,1.0,0,0,4,7,870,1981,0,98052,47.6959,-122.125,1510,7107
1027000.0,3,2.5,2430,10500,2.0,0,1,3,9,0,1989,0,98004,47.5818,-122.198,3440,12842
394250.0,3,2.0,2620,10107,1.0,0,3,3,7,0,1982,0,98198,47.4096,-122.329,1730,7812
313100.0,4,2.5,2660,9030,1.0,0,0,4,7,1210,1977,0,98055,47.4558,-122.212,1870,9030
649000.0,5,3.25,3990,13087,2.0,0,0,3,9,1590,1991,0,98042,47.3632,-122.061,2580,13633
890000.0,4,2.5,3370,7200,2.0,0,0,3,8,0,2014,0,98177,47.7698,-122.384,1880,7200
1120000.0,3,1.5,3000,5750,2.0,0,0,5,9,1000,1924,0,98116,47.5821,-122.39,1820,5750
530000.0,4,2.25,1980,15086,2.0,0,0,3,8,0,1981,0,98074,47.647,-122.064,2100,10927
653500.0,2,2.5,1680,1240,2.0,0,0,3,8,560,2014,0,98102,47.6372,-122.324,2060,3630
415000.0,6,1.0,1370,5080,1.5,0,0,3,6,250,1931,0,98106,47.5238,-122.35,1020,5080
245000.0,3,2.5,1730,7442,2.0,0,0,3,7,0,1987,0,98030,47.3507,-122.178,1630,6458
975000.0,4,2.5,3490,7494,2.0,0,3,3,11,0,2000,0,98006,47.559,-122.127,3260,8437
825000.0,2,1.0,1150,12775,1.0,1,4,4,6,0,1908,0,98178,47.502,-122.222,2440,11852
342000.0,3,2.0,1640,4802,1.0,0,0,3,8,0,2010,0,98038,47.3538,-122.021,1940,4802
388000.0,3,2.5,2198,6222,2.0,0,2,3,8,0,2010,0,98198,47.3906,-122.304,2198,7621
438000.0,3,1.75,1650,12940,1.0,0,0,4,7,0,1961,0,98028,47.7629,-122.268,2830,12600
865000.0,3,2.5,3050,12558,2.0,0,0,3,10,0,1997,0,98074,47.6549,-122.089,3543,12558
592500.0,4,2.5,3370,35150,1.0,0,0,5,8,1600,1993,0,98027,47.461,-122.002,2920,41241
374000.0,3,2.5,2185,6042,2.0,0,0,3,9,0,2009,0,98030,47.3573,-122.202,2297,5876
258000.0,5,2.0,2260,12500,1.0,0,0,4,8,1130,1960,0,98032,47.3887,-122.286,1360,18000
522000.0,3,1.75,1630,15600,1.0,0,0,3,7,0,1958,0,98033,47.68,-122.165,1830,10850
405500.0,3,1.5,1010,8108,1.0,0,0,5,7,0,1954,0,98155,47.7359,-122.309,1300,8108
875000.0,4,3.5,3110,108464,2.0,0,2,4,8,0,1979,0,98075,47.592,-122.018,2340,4938
620000.0,4,2.5,1900,9775,1.0,0,0,5,7,0,1967,0,98033,47.6856,-122.168,1990,10500
148000.0,1,1.0,620,8261,1.0,0,0,3,5,0,1939,0,98106,47.5138,-122.364,1180,8244
435000.0,4,2.0,1960,50112,1.0,0,0,4,7,910,1963,0,98058,47.4353,-122.084,2340,44967
468000.0,3,1.5,1830,9848,1.0,0,0,5,7,0,1962,0,98056,47.539,-122.18,1830,8168
415000.0,4,2.0,1610,9600,1.0,0,0,5,7,0,1967,0,98056,47.5327,-122.186,1450,9600
309950.0,2,2.25,1460,1607,2.0,0,0,3,8,0,2007,0,98106,47.5395,-122.369,1460,1826
335000.0,2,1.0,1070,6678,1.0,0,0,4,7,0,1951,0,98133,47.7315,-122.357,1680,7788
412000.0,3,1.75,1880,5752,1.0,0,0,4,7,940,1945,0,98126,47.5354,-122.378,1110,5201
364000.0,4,2.5,2080,11050,1.0,0,0,4,8,0,1969,0,98059,47.472,-122.119,1850,11050
335000.0,3,1.75,1570,7500,1.0,0,1,3,7,270,1953,0,98146,47.4999,-122.368,1590,7660
367500.0,3,3.25,1400,1343,2.0,0,0,3,7,240,2005,0,98118,47.5483,-122.277,1400,1326
575000.0,4,2.5,2520,35636,2.0,0,0,3,8,0,1980,0,98053,47.652,-122.031,2230,35673
713000.0,3,2.75,2310,1850,2.0,0,0,3,10,290,2011,0,98027,47.5304,-122.073,2340,2155
465000.0,5,4.0,3210,7200,2.0,0,0,3,8,800,2011,0,98019,47.7329,-121.966,2750,7200
2475000.0,3,3.25,4340,4947,2.0,0,3,3,11,1280,1993,0,98107,47.6709,-122.406,1680,5250
1240000.0,4,3.0,3010,6139,2.0,0,4,5,8,450,1950,1972,98115,47.6799,-122.268,2100,6798
253000.0,2,1.0,1310,7128,1.0,0,0,4,7,370,1980,0,98031,47.3958,-122.189,1400,7161
544999.0,4,2.5,2710,6937,2.0,0,0,3,7,0,2009,0,98065,47.5153,-121.871,2380,5866
562000.0,3,3.0,3290,80471,2.0,0,2,4,8,960,1975,0,98070,47.504,-122.464,1830,30494
1400000.0,5,3.25,4300,9270,2.0,0,3,3,10,1390,1957,2009,98116,47.5717,-122.409,2780,6610
860000.0,4,3.25,3830,10005,2.0,0,0,3,10,0,2001,0,98075,47.5953,-122.039,2555,5204
772500.0,4,2.5,3230,4290,2.0,0,0,3,9,0,2004,0,98033,47.6874,-122.161,3220,5083
545000.0,3,1.75,1700,5750,1.5,0,2,5,7,250,1925,0,98126,47.5643,-122.38,1700,5750
364000.0,3,2.5,1800,2790,2.0,0,0,3,8,0,2011,0,98126,47.5455,-122.371,1580,2036
524950.0,3,1.75,1890,3825,1.0,0,0,3,7,600,1974,0,98117,47.6831,-122.381,1320,3825
293000.0,4,2.25,2360,6260,2.0,0,0,3,7,0,1998,0,98038,47.3882,-122.053,2144,6773
657000.0,5,2.5,2530,10190,1.0,0,0,4,7,1240,1960,0,98008,47.616,-122.115,2040,8560
430236.0,4,3.25,3444,5166,2.0,0,0,3,8,730,2014,0,98023,47.2966,-122.348,2848,5182
295000.0,3,2.5,1460,7936,2.0,0,0,3,7,0,1995,0,98038,47.3673,-122.017,1830,7936
235000.0,4,1.0,1360,7132,1.5,0,0,3,6,0,1941,0,98168,47.5054,-122.301,1280,7175
264250.0,3,1.0,1420,7420,1.5,0,0,3,6,0,1944,0,98178,47.4949,-122.239,1290,6600
525000.0,3,1.5,1560,9350,1.0,0,0,4,7,340,1969,0,98052,47.6729,-122.148,1870,8671
485000.0,2,1.75,2060,2700,1.0,0,0,3,7,1030,1929,0,98115,47.6856,-122.312,1390,2700
710000.0,4,3.5,2850,2910,2.0,0,2,3,8,880,1905,1996,98115,47.6855,-122.321,1460,3880
499950.0,4,2.5,2860,3345,2.0,0,0,3,8,670,2004,0,98072,47.7735,-122.158,2860,3596
310000.0,3,1.0,1510,6000,1.0,0,0,3,8,340,1953,0,98118,47.5168,-122.285,1125,6000
610000.0,4,2.5,2980,5896,2.0,0,0,3,8,0,2001,0,98053,47.6872,-122.036,2900,5712
1095000.0,4,4.0,3530,8400,2.0,0,0,5,8,900,1958,0,98199,47.6402,-122.395,2340,8216
1175000.0,2,2.5,1770,7155,2.0,1,4,3,8,0,1957,2004,98155,47.7345,-122.285,2410,10476
275000.0,4,2.5,1830,3868,2.0,0,0,3,7,0,2007,0,98118,47.5186,-122.276,2330,3868
600000.0,3,3.0,3530,8345,2.0,0,0,3,10,0,2006,0,98028,47.7338,-122.234,1940,9600
215000.0,3,1.0,1690,7700,1.0,0,0,4,7,0,1969,0,98003,47.3444,-122.304,1590,7700
1705000.0,3,3.0,2490,27702,2.0,1,4,3,10,0,2000,0,98116,47.5596,-122.403,2580,12119
395000.0,3,3.5,1450,1263,2.0,0,0,3,8,290,2007,0,98199,47.6508,-122.383,1390,1282
568000.0,3,1.75,2050,3520,1.0,0,0,4,7,980,1977,0,98136,47.5536,-122.399,2050,16083
133000.0,5,2.0,1430,5600,1.5,0,0,3,6,0,1947,0,98118,47.5192,-122.266,1860,5980
817250.0,3,2.5,2980,7202,2.0,0,0,3,8,0,1999,0,98033,47.6769,-122.177,2430,7280
465000.0,3,1.75,1490,10757,1.0,0,0,3,7,430,1966,0,98034,47.72,-122.229,1490,10609
739000.0,6,4.5,4000,7500,2.0,0,0,3,7,0,1978,0,98122,47.6146,-122.306,1380,6298
750000.0,4,1.75,2670,6250,2.0,0,0,4,8,650,1941,0,98199,47.6499,-122.391,1820,6250
392000.0,4,2.5,2300,41167,2.0,0,0,3,7,0,1988,0,98042,47.3412,-122.108,2300,21765
746500.0,4,2.5,3460,9699,2.0,0,0,3,10,0,1987,0,98074,47.637,-122.04,3140,10631
526000.0,3,1.75,1780,37801,1.0,0,0,3,7,480,1977,0,98075,47.5858,-122.015,2380,47480
442200.0,4,1.75,1620,8132,1.0,0,0,3,8,0,1974,0,98052,47.6788,-122.11,1920,8400
535000.0,1,1.0,920,5000,1.0,0,3,4,7,0,1906,0,98103,47.6748,-122.352,1890,5000
285000.0,4,1.0,1430,3600,1.0,0,0,3,6,450,1947,0,98106,47.5343,-122.355,1170,4000
430000.0,3,2.5,1950,4949,2.0,0,0,3,7,0,2009,0,98065,47.5155,-121.87,2200,5740
481000.0,4,2.5,2480,9869,1.0,0,0,4,8,1240,1963,0,98028,47.7612,-122.229,2230,10310
600000.0,3,2.5,2680,43995,2.0,0,0,3,9,0,1986,0,98077,47.7655,-122.086,2520,37277
500000.0,3,1.0,2000,21780,1.0,0,0,3,8,520,1978,0,98074,47.6064,-122.039,2000,45738
490000.0,3,3.0,1730,2940,3.0,0,0,3,7,0,1985,0,98117,47.6911,-122.392,1690,4410
285000.0,4,2.25,1970,7200,2.0,0,0,3,8,0,1979,0,98092,47.3132,-122.182,1790,7500
550000.0,4,2.5,2050,8683,2.0,0,0,3,8,0,1987,0,98074,47.62,-122.043,2010,8744
582000.0,3,1.75,1820,3140,2.0,0,0,5,8,0,1949,1990,98136,47.5271,-122.384,2030,5499
547000.0,3,2.5,1570,1452,2.5,0,0,3,9,330,2007,0,98199,47.648,-122.396,1670,1596
399000.0,3,2.5,1740,3690,2.0,0,0,3,8,0,2000,0,98065,47.5345,-121.867,2100,4944
350500.0,3,2.25,1870,7200,1.0,0,0,3,7,480,1975,0,98072,47.734,-122.174,1830,7876
507000.0,2,1.75,1670,6460,1.0,0,0,3,8,0,2004,0,98053,47.7123,-122.027,2170,6254
472000.0,2,2.25,1800,2748,2.0,0,0,4,9,0,1979,0,98008,47.6104,-122.113,1800,2755
575000.0,5,2.5,2990,7500,1.0,0,2,3,9,1190,1972,0,98177,47.7707,-122.369,2800,9860
812000.0,3,3.25,3240,8338,2.0,0,0,3,9,0,2001,0,98074,47.6321,-122.064,3420,8405
639000.0,3,2.5,2010,3300,2.0,0,0,3,9,400,2014,0,98118,47.5573,-122.287,1660,4950
660000.0,4,2.25,2010,15375,1.0,0,0,4,8,0,1957,0,98005,47.5956,-122.174,1930,15375
410000.0,3,2.25,1420,3750,2.0,0,0,3,7,0,1987,0,98116,47.5725,-122.383,1430,4664
648000.0,4,2.5,2740,9959,2.0,0,0,3,9,0,1989,0,98029,47.5672,-122.011,2630,9905
225000.0,3,1.75,1460,8372,1.0,0,0,4,7,0,1981,0,98042,47.3683,-122.087,1220,7803
287450.0,3,2.5,1440,2500,2.0,0,0,3,7,0,2008,0,98146,47.5123,-122.358,1440,5000
315450.0,3,1.75,1130,7500,1.5,0,0,4,7,0,1908,0,98108,47.5254,-122.318,1240,6000
234950.0,3,2.0,1430,10850,1.0,0,0,3,7,0,1994,0,98001,47.2671,-122.233,1610,8015
209000.0,2,1.0,840,5265,1.0,0,0,5,6,0,1969,0,98042,47.3644,-122.082,920,5100
437500.0,2,1.5,1210,1232,3.0,0,0,3,8,0,2007,0,98107,47.6712,-122.39,1330,1174
345000.0,3,1.0,1110,6250,1.0,0,0,3,7,0,1956,0,98115,47.6977,-122.292,2010,6944
505000.0,4,1.0,1480,12675,1.5,0,0,4,7,0,1929,0,98133,47.763,-122.342,1820,7995
575000.0,2,1.5,1750,19709,1.5,0,0,4,8,310,1978,0,98010,47.3351,-122.044,1950,21075
305000.0,4,2.25,1950,7700,1.0,0,0,3,8,600,1979,0,98058,47.4441,-122.125,2150,7350
328500.0,3,2.5,1950,8130,2.0,0,0,4,9,0,1990,0,98042,47.3875,-122.161,2350,7691
352500.0,3,1.0,1470,8400,1.0,0,0,4,7,0,1953,0,98133,47.7628,-122.354,1470,8400
674750.0,4,2.5,2590,9753,2.0,0,0,3,10,0,1993,0,98075,47.5848,-122.027,2800,9917
418000.0,2,1.0,1040,6900,1.0,0,0,4,7,0,1915,0,98136,47.5411,-122.391,1620,6280
200000.0,3,1.0,1040,8925,1.0,0,0,4,6,0,1961,0,98023,47.3265,-122.335,1040,8925
285000.0,3,1.0,1090,8640,1.0,0,0,4,6,0,1973,0,98166,47.459,-122.355,1260,8400
349500.0,3,2.0,1130,16875,1.0,0,0,4,7,0,1947,0,98155,47.7489,-122.3,1600,14300
700000.0,3,1.75,2600,7668,1.0,0,0,4,8,1300,1968,0,98010,47.3402,-122.046,1980,13664
820000.0,4,3.5,2770,8049,2.0,0,0,3,9,0,2002,0,98074,47.6469,-122.081,3410,7447
1100000.0,4,2.25,3310,8540,1.0,0,4,4,9,1650,1973,0,98006,47.5603,-122.158,3450,9566
268500.0,2,1.0,790,8424,1.0,0,0,4,6,0,1953,0,98133,47.7511,-122.352,1470,8424
305000.0,3,1.75,1650,9480,1.0,0,0,3,7,430,1977,0,98034,47.726,-122.191,1540,8400
920000.0,4,2.75,3140,9085,1.0,0,2,5,8,1570,1961,0,98006,47.5675,-122.16,2430,9350
480000.0,3,1.75,1710,4080,1.0,0,0,4,7,580,1979,0,98136,47.5563,-122.392,1200,4080
540000.0,4,2.5,2329,9436,2.0,0,0,3,9,0,1995,0,98011,47.7366,-122.204,2660,10252
266000.0,4,2.25,1995,7102,2.0,0,0,4,8,0,1981,0,98023,47.2986,-122.37,1880,7950
552500.0,3,1.0,2020,4120,1.5,0,0,4,7,500,1929,0,98118,47.5514,-122.271,1200,4635
415000.0,3,1.5,1360,1795,2.0,0,0,3,7,0,1945,0,98199,47.6471,-122.397,1580,1795
705000.0,4,2.0,2040,5050,1.0,0,0,5,7,880,1937,0,98115,47.6885,-122.324,2040,5050
289000.0,2,1.5,1010,1309,2.0,0,0,3,7,150,2007,0,98118,47.5659,-122.286,1190,3060
1210000.0,3,3.75,5400,24740,2.0,0,0,3,11,0,1997,0,98053,47.6426,-121.955,1690,20000
650000.0,3,2.5,2430,12997,2.0,0,0,3,9,0,1992,0,98011,47.744,-122.194,2720,12500
310000.0,5,2.25,2600,9600,1.0,0,2,4,8,790,1969,0,98023,47.3257,-122.365,2070,9660
1003000.0,4,2.75,2290,6120,2.0,0,0,4,7,120,1926,0,98115,47.6746,-122.327,1910,4590
211000.0,3,2.0,1060,7412,1.0,0,0,3,7,0,1987,0,98038,47.3897,-122.051,1080,7093
454000.0,5,2.25,2550,9200,1.0,0,0,4,8,970,1975,0,98166,47.4673,-122.363,2090,9200
1830000.0,4,4.25,4500,215186,2.0,0,3,3,11,1870,2009,0,98029,47.559,-122.045,3030,25447
275000.0,2,1.0,920,7688,1.0,0,0,3,6,0,1955,0,98106,47.5281,-122.362,1040,7440
533000.0,3,3.0,1280,1085,3.0,0,0,3,8,0,2004,0,98103,47.6569,-122.346,1300,1310
400000.0,3,2.5,2080,7877,2.0,0,0,3,9,0,1987,0,98058,47.4395,-122.151,2550,7660
274950.0,3,1.75,1670,7415,1.0,0,0,3,7,350,1987,0,98042,47.3776,-122.116,1650,8585
199000.0,4,1.5,1160,6400,1.0,0,0,4,7,0,1975,0,98023,47.3036,-122.378,1160,6400
193500.0,2,1.0,950,15996,1.0,0,0,4,7,0,1946,1995,98045,47.4987,-121.787,950,25510
420000.0,4,2.5,3360,11637,2.0,0,0,3,11,0,1990,0,98023,47.3018,-122.342,3530,11205
355000.0,3,2.25,1430,4777,2.0,0,0,3,7,0,2010,0,98059,47.4867,-122.152,1639,3854
535500.0,3,2.5,2050,4976,2.0,0,0,3,8,0,1994,0,98029,47.5689,-121.995,2050,5153
690000.0,3,1.75,2330,16300,2.0,0,0,3,9,0,1964,0,98034,47.7037,-122.24,2330,16300
287500.0,3,2.25,2030,8690,1.0,0,0,4,8,670,1986,0,98023,47.3185,-122.391,1720,8800
524000.0,4,1.0,1980,7015,1.0,0,0,3,7,720,1973,0,98034,47.7204,-122.18,1570,7626
800000.0,3,2.25,2380,11824,1.0,0,0,4,9,930,1972,0,98040,47.5371,-122.218,2750,11491
725000.0,3,2.0,1820,6324,1.0,0,0,5,7,910,1945,0,98115,47.6823,-122.27,1850,6440
525000.0,3,2.25,1960,12350,1.0,0,0,4,7,0,1961,0,98027,47.5247,-122.052,1920,13608
431000.0,4,2.5,3040,6000,2.0,0,0,3,9,0,2007,0,98038,47.3473,-122.03,2640,6000
470000.0,3,1.0,1170,4400,1.0,0,0,3,7,300,1951,0,98199,47.6584,-122.391,1240,4400
949950.0,4,3.75,4120,8258,2.0,0,0,3,10,0,2012,0,98075,47.5872,-122.055,3730,8332
464550.0,3,1.5,1690,10500,1.0,0,0,4,7,0,1967,0,98033,47.7018,-122.165,1570,10500
1635000.0,5,3.5,4220,26784,1.0,0,0,3,10,2110,1958,2006,98004,47.6003,-122.206,3450,33945
265000.0,3,2.0,1340,6783,1.0,0,0,4,7,0,1987,0,98030,47.3504,-122.177,1630,6458
432900.0,3,2.5,2210,9226,2.0,0,0,3,8,0,1998,0,98045,47.4849,-121.782,2430,8902
325000.0,3,2.5,2550,4240,2.0,0,0,3,7,0,2006,0,98031,47.3986,-122.169,2550,4240
692500.0,6,1.75,2230,10080,1.0,0,0,3,7,840,1969,0,98034,47.7089,-122.201,2110,8475
347500.0,4,2.5,2460,7350,2.0,0,0,3,9,0,1989,0,98023,47.3061,-122.349,2390,8568
652000.0,3,2.0,2130,5000,1.5,0,0,5,7,800,1925,0,98107,47.6746,-122.362,2010,5000
400000.0,3,1.0,1690,6658,1.0,0,0,3,7,0,1942,1982,98133,47.7099,-122.35,1080,5925
450000.0,3,1.75,1400,13775,1.0,0,0,3,8,0,1963,0,98028,47.7413,-122.259,2200,10450
875000.0,3,2.0,2010,4000,1.0,0,0,5,7,800,1915,0,98103,47.6638,-122.329,1770,4000
424900.0,4,2.75,2950,49658,1.0,0,0,4,8,0,1960,1998,98010,47.3596,-121.922,1720,54672
540000.0,3,2.5,1950,13227,2.0,0,0,4,9,0,1978,0,98034,47.7217,-122.256,2650,12943
366400.0,4,2.25,2040,14383,1.0,0,0,4,8,770,1977,0,98042,47.3849,-122.163,2030,11500
180000.0,3,1.0,1090,6771,1.5,0,0,3,7,0,1929,0,98106,47.5177,-122.353,1230,4662
323000.0,3,1.5,1720,7110,1.0,0,0,3,8,0,1955,0,98106,47.5417,-122.355,1730,6840
855000.0,3,1.75,1900,4000,1.0,0,0,3,7,600,1965,0,98103,47.6854,-122.331,1880,4000
550000.0,4,2.75,2160,5005,1.0,0,0,3,7,730,1987,0,98115,47.6971,-122.302,1770,5326
289000.0,2,1.0,710,6300,1.0,0,0,3,6,0,1942,0,98126,47.5155,-122.374,740,6300
261000.0,3,2.25,1584,2800,2.0,0,0,3,7,0,2012,0,98002,47.3451,-122.214,1584,2800
505000.0,4,2.75,2980,9825,1.0,0,0,3,8,1070,2007,0,98056,47.5073,-122.172,2580,12231
898000.0,2,2.25,2470,7658,1.0,0,0,4,8,990,1954,0,98199,47.653,-122.416,2070,7270
823000.0,3,2.5,2560,9825,2.0,0,0,4,9,0,1988,0,98006,47.5497,-122.145,2710,12034
543000.0,4,2.5,2060,8451,2.0,0,0,3,8,0,1995,0,98133,47.7168,-122.333,2060,9460
579000.0,2,2.5,1280,1051,2.0,0,0,3,8,200,2009,0,98119,47.6273,-122.359,1580,1279
484259.0,4,2.75,2790,5000,2.0,0,0,3,8,0,2014,0,98045,47.4831,-121.773,2620,5527
235000.0,2,1.0,1140,1730,1.5,0,0,3,8,130,2007,0,98126,47.5494,-122.372,1360,1730
311000.0,3,2.75,1400,7880,1.0,0,0,3,7,400,1981,0,98056,47.5095,-122.193,1400,7279
415000.0,1,1.0,700,2550,1.0,0,0,3,6,0,1954,0,98117,47.6783,-122.383,1330,4110
335000.0,6,2.0,2020,7071,1.0,0,0,3,7,1010,1979,0,98108,47.5329,-122.294,2020,5000
500000.0,3,2.0,3040,41072,1.0,0,0,4,8,1520,1978,0,98038,47.3944,-121.972,2230,54014
450000.0,3,2.5,3800,13071,2.0,0,0,3,10,1070,1994,0,98023,47.3076,-122.397,2980,11110
539900.0,3,1.75,1650,10150,1.0,0,0,3,8,420,1976,0,98033,47.6963,-122.169,1930,8958
244615.0,3,2.5,2060,4030,2.0,0,0,3,7,0,1999,0,98032,47.3909,-122.238,2060,4029
675000.0,4,1.75,2440,7475,1.0,0,0,4,9,400,1969,0,98052,47.6339,-122.096,2040,8480
458000.0,5,2.5,3090,23265,1.0,0,0,3,8,100,1957,0,98011,47.7709,-122.212,2560,18773
1900000.0,6,4.0,3020,13237,2.0,1,4,3,8,180,1942,1983,98144,47.5924,-122.287,3680,12620
229000.0,4,1.5,1820,22814,1.5,0,0,3,7,0,1920,0,98125,47.7321,-122.296,1770,9150
453000.0,4,2.75,2300,37533,1.0,0,3,5,8,750,1979,0,98070,47.3714,-122.431,2130,10092
359000.0,3,2.25,1650,7218,1.0,0,0,3,7,420,1985,0,98133,47.7237,-122.335,1690,7459
265000.0,3,1.0,1360,5967,1.0,0,0,3,6,0,1954,0,98178,47.4973,-122.256,1360,6052
800000.0,4,2.75,3260,5000,2.0,0,0,3,9,0,2007,0,98027,47.5395,-121.997,3450,6218
792000.0,3,2.5,2250,19270,2.0,0,0,3,8,0,1999,0,98074,47.6569,-122.088,2940,19541
415000.0,2,1.75,1550,4257,1.0,0,3,3,7,720,1953,0,98136,47.5274,-122.384,1920,5100
539950.0,3,2.5,1330,2183,3.0,0,0,3,8,0,2014,0,98117,47.6987,-122.365,1310,5000
474000.0,3,1.75,1530,8000,2.0,0,0,3,7,0,1978,0,98052,47.6971,-122.13,1530,7500
344950.0,3,2.0,1470,6950,1.0,0,0,5,6,0,1932,0,98133,47.7619,-122.343,1660,5065
215150.0,3,1.0,920,4770,1.0,0,0,4,6,0,1969,0,98042,47.3654,-122.082,920,4770
585000.0,4,1.75,3140,12519,1.0,0,0,3,7,820,1951,1983,98033,47.6941,-122.173,2240,7308
275000.0,3,1.75,1890,5000,1.0,0,0,3,7,0,2003,0,98092,47.3357,-122.175,2960,5421
900000.0,4,2.5,3690,11468,2.0,0,0,3,11,0,1987,0,98027,47.5699,-122.092,3370,10751
625000.0,3,1.75,2060,12558,1.0,0,0,4,7,710,1984,0,98052,47.6659,-122.144,1850,8722
400000.0,2,2.5,1170,1811,2.0,0,0,3,8,0,2001,0,98122,47.6132,-122.297,1250,3146
445000.0,2,2.25,1200,1137,3.0,0,0,3,7,0,2007,0,98107,47.6715,-122.392,1280,1295
370000.0,5,2.5,2740,5460,2.0,0,0,3,8,0,2005,0,98031,47.4042,-122.204,2900,5971
487000.0,4,2.25,2400,7000,1.0,0,0,4,8,600,1965,0,98034,47.7207,-122.184,2210,7210
1999950.0,4,3.25,5640,35006,2.0,0,2,3,11,740,2015,0,98006,47.5491,-122.104,4920,35033
308000.0,3,1.75,1630,11475,1.0,0,0,4,7,300,1979,0,98045,47.4635,-121.746,1630,11475
370000.0,3,2.5,2490,4244,2.0,0,0,3,9,0,2005,0,98042,47.3705,-122.131,2490,4748
597500.0,3,2.5,2620,4800,2.0,0,0,3,7,0,2002,0,98053,47.6849,-122.037,2400,4756
930000.0,3,2.25,2890,5000,3.0,0,0,3,9,0,2014,0,98117,47.6983,-122.389,2020,5000
250000.0,4,1.75,1860,7350,1.0,0,0,4,7,770,1977,0,98031,47.3979,-122.174,1710,7350
248500.0,2,1.0,720,5160,1.0,0,0,3,6,0,1949,0,98106,47.5274,-122.357,990,5160
280500.0,3,1.5,1670,6988,1.0,0,0,3,7,300,1953,0,98148,47.4283,-122.323,1090,7753
995000.0,4,4.5,3850,13551,2.0,0,2,3,10,850,1998,0,98006,47.5522,-122.103,3480,10737
1375000.0,5,4.5,4350,13405,2.0,0,0,3,11,0,2014,0,98074,47.6018,-122.06,3990,7208
760000.0,4,2.5,3120,8792,2.0,0,0,4,9,0,1992,0,98029,47.5699,-121.993,2150,7688
375000.0,3,2.5,2340,10005,1.0,0,0,4,8,880,1978,0,98058,47.4431,-122.133,2250,8162
525000.0,3,2.25,1290,1182,2.0,0,0,3,8,290,2006,0,98102,47.637,-122.327,1300,1169
325000.0,4,2.25,1870,9680,1.0,0,0,4,7,700,1959,0,98034,47.7157,-122.234,2000,9790
1680000.0,5,3.25,4860,23723,2.0,0,2,4,11,1040,1989,0,98040,47.5767,-122.215,4040,13860
662990.0,3,1.75,1240,3600,1.5,0,0,5,7,0,1926,0,98116,47.5797,-122.405,1660,3600
259950.0,3,2.0,1010,7896,1.0,0,0,3,7,0,1984,0,98031,47.4046,-122.181,1540,7896
355000.0,2,1.0,2020,6720,1.0,0,0,3,7,1010,1948,0,98118,47.5474,-122.291,1720,6720
330000.0,4,2.5,2240,7589,2.0,0,0,3,8,0,1994,0,98030,47.3824,-122.207,2250,7300
249900.0,3,1.0,1100,5000,1.0,0,0,3,7,0,1960,0,98118,47.5433,-122.283,1020,5000
667000.0,3,2.5,2510,3819,2.0,0,0,3,8,0,2007,0,98052,47.6987,-122.096,2520,3990
286000.0,3,2.5,1680,4226,2.0,0,0,3,8,0,2003,0,98042,47.3684,-122.123,1800,5559
445000.0,3,1.75,1750,7200,1.0,0,0,3,7,0,1966,0,98008,47.6289,-122.119,1810,7590
950000.0,4,3.0,2420,4800,1.5,0,0,3,7,900,1919,0,98119,47.6453,-122.358,1090,3800
740000.0,4,2.75,2490,17833,2.0,0,2,3,9,1000,1979,0,98125,47.7206,-122.284,2640,16943
270000.0,4,2.75,1990,7252,1.0,0,0,3,7,720,1999,0,98002,47.2839,-122.202,2100,7535
800000.0,4,2.5,4600,67369,2.0,0,0,3,10,0,1990,0,98053,47.6417,-121.992,4600,67369
268000.0,3,1.75,1480,8009,1.0,0,0,3,7,500,1980,0,98032,47.3657,-122.28,1790,7678
438000.0,3,2.25,1820,9150,1.0,0,0,3,7,500,1961,0,98133,47.737,-122.334,1780,8055
245000.0,3,1.0,1010,9678,1.0,0,0,5,7,0,1955,0,98188,47.4396,-122.285,1010,9375
279000.0,6,1.75,2240,11180,2.0,0,0,4,7,0,1955,0,98198,47.42,-122.323,1590,7955
653675.0,4,2.25,2280,7229,2.0,0,0,4,8,0,1984,0,98027,47.5609,-122.081,2320,7735
330000.0,3,1.5,1430,8000,1.0,0,0,5,7,0,1948,0,98155,47.772,-122.322,1410,9820
270000.0,4,1.75,1850,7350,1.0,0,0,3,7,800,1965,0,98001,47.3413,-122.277,1450,7250
390000.0,3,1.0,1190,85226,1.5,0,0,5,5,0,1935,0,98070,47.365,-122.462,1360,46960
245000.0,4,2.25,2600,6390,1.0,0,0,3,8,1210,1978,0,98023,47.3174,-122.366,2110,6700
243000.0,2,1.0,1770,5522,1.5,0,0,4,7,810,1943,0,98178,47.4974,-122.231,1830,7378
524000.0,4,2.75,2310,5000,1.5,0,0,5,8,830,1908,0,98118,47.5502,-122.268,1100,5000
275000.0,3,2.0,1380,4500,1.0,0,0,3,7,0,2008,0,98038,47.3661,-122.021,1620,4000
520000.0,4,0.75,1960,8277,1.0,1,4,4,7,640,1923,1986,98198,47.3648,-122.325,1940,8402
255000.0,3,1.75,2190,6000,1.5,0,0,4,7,0,1920,0,98002,47.3063,-122.223,1610,6000
501000.0,2,2.0,1300,2500,1.0,0,0,4,7,530,1926,0,98117,47.6831,-122.373,1160,5000
942500.0,4,3.25,3570,14408,2.0,0,2,3,10,0,2006,0,98065,47.536,-121.857,4100,14577
535000.0,4,1.75,1420,5000,1.5,0,0,4,7,0,1945,0,98117,47.6771,-122.397,1490,5000
400000.0,2,1.0,610,4560,1.0,0,0,3,5,0,1918,0,98136,47.5498,-122.383,930,1392
559000.0,3,2.5,2010,5200,2.0,0,0,3,8,0,1989,0,98034,47.7142,-122.203,1860,4400
347000.0,3,1.0,1010,7200,1.0,0,0,3,7,0,1968,0,98034,47.7225,-122.179,1120,7200
208000.0,2,1.0,960,13438,1.0,0,0,3,7,0,1951,0,98168,47.4745,-122.295,1630,11656
435000.0,3,2.5,1900,7984,2.0,0,0,3,8,0,1993,0,98011,47.7433,-122.194,2650,9352
539000.0,3,1.75,1380,3225,1.0,0,0,4,7,440,1915,0,98103,47.6652,-122.338,1250,3750
885000.0,4,3.75,2400,3520,1.0,0,0,3,7,1030,1924,2005,98109,47.6295,-122.346,2230,1419
280000.0,3,2.5,1580,7000,2.0,0,0,3,8,0,1992,0,98030,47.3659,-122.17,2110,7062
523000.0,4,2.5,2660,65340,2.0,0,0,3,8,0,1988,0,98027,47.4969,-122.06,2850,74052
310000.0,3,1.5,1860,10379,1.0,0,0,3,7,620,1963,0,98198,47.3962,-122.309,2240,11328
269950.0,3,1.75,1760,12823,1.0,0,0,4,7,300,1956,0,98002,47.2868,-122.21,1450,10800
605000.0,4,2.5,2800,10786,1.0,0,0,3,8,1380,1970,0,98008,47.5959,-122.116,2140,10788
491000.0,3,2.0,1660,5070,2.0,0,3,3,8,0,1950,1990,98108,47.5552,-122.296,2440,6664
677790.0,6,3.0,2800,4213,2.0,0,0,3,8,0,1998,0,98117,47.6892,-122.389,1440,3960
269000.0,3,1.5,1320,2625,2.0,0,0,3,7,0,1986,0,98133,47.7316,-122.338,1230,5250
575000.0,4,1.5,2810,7140,1.0,0,2,3,8,1320,1954,0,98136,47.5252,-122.382,2240,6825
279000.0,4,2.0,2200,7700,1.0,0,0,3,7,1100,1979,0,98058,47.464,-122.18,1790,7700
675900.0,3,2.5,2920,9096,2.0,0,0,3,9,0,2013,0,98059,47.4855,-122.149,2930,7995
353500.0,3,2.5,2020,4845,2.0,0,0,3,7,0,2001,0,98038,47.3848,-122.033,1930,5134
440000.0,3,2.5,2290,6302,2.0,0,0,3,9,0,1997,0,98058,47.435,-122.107,2700,7500
380000.0,4,1.75,1720,9600,1.0,0,0,4,8,0,1969,0,98059,47.4764,-122.155,1660,10720
450000.0,4,2.75,2310,5650,1.0,0,2,3,8,980,1952,2012,98118,47.513,-122.252,2300,5650
356000.0,4,2.5,2470,5074,2.0,0,0,3,8,0,2004,0,98038,47.3457,-122.041,2470,5078
545000.0,3,2.25,1670,6240,1.0,0,0,4,8,430,1974,0,98008,47.6413,-122.113,1910,7000
383150.0,3,2.0,2210,6387,1.0,0,0,3,8,0,2003,0,98003,47.265,-122.302,2570,6497
645000.0,5,2.25,3340,52476,2.0,0,0,4,8,0,1975,0,98027,47.4553,-121.987,2460,48351
250000.0,4,1.75,1510,5500,1.5,0,0,3,7,0,1920,0,98106,47.535,-122.359,1320,6431
396000.0,4,1.0,1040,4420,1.5,0,0,3,6,0,1944,0,98117,47.6945,-122.368,1310,4920
927000.0,4,2.75,3300,12090,2.0,0,0,3,8,0,1953,0,98004,47.6294,-122.218,3180,12239
362000.0,3,1.75,1120,9730,1.0,0,0,3,7,0,1944,1989,98011,47.7372,-122.221,2530,8717
225000.0,3,2.0,1100,5200,1.0,0,0,3,6,0,1969,2014,98042,47.3606,-122.083,1050,5330
339100.0,4,2.5,2350,10655,2.0,0,0,3,8,0,1992,0,98092,47.3284,-122.171,2210,7028
650000.0,3,2.5,2190,3600,2.0,0,0,3,9,0,2003,0,98029,47.5506,-121.993,2300,3600
562500.0,3,2.5,2030,7549,1.0,0,0,3,8,0,1988,0,98074,47.6187,-122.044,2040,7130
480000.0,2,2.25,1490,6770,1.5,0,0,3,8,0,1926,0,98108,47.5577,-122.297,1820,7875
365000.0,2,2.0,1440,15000,1.0,0,0,3,7,0,1985,0,98072,47.7648,-122.159,1780,15000
515000.0,4,2.5,2890,15067,2.0,0,0,3,9,0,2003,0,98024,47.5666,-121.907,3090,15398
463000.0,3,2.5,2010,4195,2.0,0,0,3,8,0,1998,0,98034,47.732,-122.197,2010,5779
292500.0,3,2.5,2095,3438,2.0,0,0,3,7,0,2008,0,98002,47.3523,-122.213,1805,3402
525000.0,3,1.5,1840,10956,1.0,0,0,4,8,0,1970,0,98033,47.6746,-122.164,1680,10950
680000.0,5,2.0,2140,5000,1.5,0,0,4,7,120,1913,0,98122,47.6044,-122.299,1810,4400
629000.0,4,2.5,2660,22050,2.0,0,0,3,9,0,1996,0,98059,47.4911,-122.125,3060,21111
399950.0,3,3.0,1296,1051,3.0,0,0,3,8,0,2009,0,98125,47.7175,-122.284,1520,1939
717000.0,4,2.5,2540,4241,2.0,0,0,3,8,0,2009,0,98052,47.7073,-122.112,3010,4929
530000.0,3,1.0,1440,27505,1.0,0,0,3,8,0,1951,0,98177,47.7553,-122.37,2430,16400
530000.0,4,2.25,2130,8640,1.0,0,0,3,7,700,1969,0,98034,47.7087,-122.198,2120,8826
264500.0,3,1.5,1580,14040,1.0,0,0,3,7,530,1980,0,98001,47.2932,-122.267,2240,12000
382888.0,1,1.0,620,2380,1.0,0,0,3,6,0,1900,0,98115,47.6746,-122.326,980,3570
535000.0,3,2.0,2040,5600,1.0,0,1,5,7,920,1954,0,98144,47.5959,-122.293,2120,4958
299950.0,3,1.0,910,8000,1.0,0,0,4,6,170,1950,0,98177,47.7746,-122.378,2090,9007
334950.0,4,2.5,2230,5500,2.0,0,0,3,7,0,1999,0,98038,47.3533,-122.023,1910,5500
542500.0,3,2.5,2040,10086,2.0,0,0,3,8,0,1987,0,98052,47.679,-122.113,1940,10272
299000.0,3,2.5,1572,4000,2.0,0,0,3,8,0,2013,0,98092,47.2615,-122.198,1608,5175
1440000.0,3,3.5,3870,3819,2.0,0,0,3,11,1110,2002,0,98102,47.6452,-122.317,2530,5500
269900.0,3,1.5,1420,22100,1.0,0,0,5,7,0,1957,0,98042,47.4193,-122.149,1540,21780
490000.0,2,1.0,1760,5250,1.0,0,2,4,7,760,1951,0,98126,47.5577,-122.379,1760,5400
425000.0,3,1.0,1240,5750,1.0,0,0,4,6,0,1948,0,98116,47.564,-122.398,1240,5750
600000.0,5,2.75,3380,8179,2.0,0,0,3,9,0,2011,0,98059,47.4827,-122.135,2840,8179
485000.0,3,1.75,1650,9500,1.0,0,0,3,8,0,1967,0,98052,47.631,-122.098,1880,9375
2225000.0,3,4.0,4200,30120,2.0,0,2,4,11,600,1933,0,98112,47.6379,-122.311,2760,12200
442500.0,2,2.25,1510,7280,2.0,0,0,3,7,0,1987,0,98074,47.6264,-122.058,1510,8120
255000.0,3,1.75,1340,7210,1.0,0,0,4,7,0,1975,0,98031,47.4182,-122.167,1370,7210
310000.0,3,1.75,1880,30346,1.0,0,0,3,8,0,1988,0,98001,47.3515,-122.291,2260,5883
235000.0,3,1.75,1480,6592,1.0,0,0,4,7,400,1978,0,98023,47.2982,-122.378,1660,7150
350000.0,3,2.75,1650,5700,2.0,0,0,4,7,0,1988,0,98166,47.4563,-122.348,1320,7620
825000.0,4,2.5,2810,9800,1.0,0,0,4,8,1100,1973,0,98006,47.5657,-122.149,2800,9800
460000.0,3,1.75,1420,8250,1.0,0,0,4,7,0,1960,0,98007,47.6112,-122.133,2020,8250
693000.0,3,2.25,2120,13644,2.0,0,1,4,9,700,1973,0,98040,47.5574,-122.214,2950,17060
352800.0,4,2.25,1800,2752,2.0,0,0,3,8,0,2014,0,98106,47.5167,-122.346,1650,2752
585000.0,4,2.0,2400,12753,1.0,0,0,4,7,0,1962,0,98033,47.6947,-122.177,1830,12060
765000.0,3,1.75,2190,6450,1.0,0,0,3,8,710,1957,0,98136,47.5284,-122.391,2190,6450
195000.0,2,1.0,1190,27007,1.0,0,0,4,5,0,1910,0,98027,47.524,-122.04,1730,12632
329445.0,2,1.5,830,1119,2.0,0,0,3,7,0,2005,0,98144,47.5828,-122.314,1480,3622
212000.0,2,1.0,790,7153,1.0,0,0,4,6,0,1944,0,98168,47.4869,-122.324,810,7128
500000.0,4,2.5,1770,8155,1.5,0,0,4,6,0,1970,1993,98034,47.719,-122.173,1460,7360
420000.0,3,2.0,1200,5029,1.0,0,0,3,6,320,1937,0,98115,47.6936,-122.294,1510,5854
2485000.0,4,2.5,3440,23954,1.5,1,3,5,10,1180,1931,0,98040,47.5636,-122.231,4230,18723
529000.0,3,1.0,1210,3328,1.5,0,0,4,7,0,1924,0,98107,47.6729,-122.363,1640,3333
1800000.0,4,2.5,3320,8325,2.5,0,0,5,10,0,1905,0,98112,47.6263,-122.314,3680,6050
1142000.0,4,3.25,2500,5801,1.5,0,0,3,8,540,1926,0,98112,47.632,-122.29,3670,7350
822500.0,3,2.5,3090,7708,2.0,0,0,3,10,0,1999,0,98052,47.6868,-122.108,3140,8592
739000.0,4,2.5,2780,6737,2.0,0,0,3,9,0,2002,0,98006,47.5656,-122.122,2750,7950
551870.0,3,2.5,2507,18400,2.0,0,0,3,8,0,2006,0,98001,47.2867,-122.27,1520,14709
480000.0,5,2.0,2590,8610,1.0,0,0,4,7,1250,1958,0,98008,47.6112,-122.126,1750,8610
820000.0,4,2.75,3540,13515,2.0,0,0,3,10,0,1998,0,98075,47.5945,-121.982,3540,11538
454950.0,4,2.5,2413,5701,2.0,0,0,3,8,0,2014,0,98042,47.3731,-122.159,2380,5725
785000.0,3,1.75,1670,9600,1.0,0,0,5,8,0,1961,0,98040,47.5754,-122.233,1900,9600
700000.0,5,2.75,3100,9825,2.0,0,2,4,8,0,1950,1982,98125,47.7188,-122.281,2120,8400
675000.0,4,2.5,2420,18470,1.0,0,0,3,8,1500,1968,0,98005,47.6001,-122.176,2690,13800
870000.0,3,2.0,2320,65340,1.5,0,0,3,9,0,1992,0,98074,47.6106,-122.055,3100,59603
325000.0,4,1.0,1640,3844,1.5,0,0,4,7,180,1928,0,98133,47.7017,-122.354,1230,3844
250000.0,2,1.0,750,6350,1.0,0,0,3,5,0,1920,0,98103,47.6938,-122.356,920,6350
198900.0,2,1.0,1210,18700,1.0,0,0,4,7,0,1940,0,98042,47.3752,-122.166,2250,10048
232000.0,2,1.0,1200,8063,1.0,0,0,4,6,0,1958,0,98198,47.4204,-122.324,1200,7500
500000.0,3,2.25,1420,983,3.0,0,0,3,8,0,2006,0,98103,47.6533,-122.346,1530,1280
975000.0,4,2.25,2250,3600,2.0,0,0,4,9,240,1912,1994,98119,47.643,-122.37,1910,3990
760000.0,4,3.25,3140,3680,2.0,0,0,3,10,830,2009,0,98027,47.5319,-122.076,2620,2664
473000.0,3,3.0,1380,1081,3.0,0,0,3,8,0,2005,0,98107,47.6692,-122.39,1390,1140
239950.0,3,1.0,1140,8366,1.0,0,0,5,6,0,1943,0,98058,47.4768,-122.177,960,7200
425000.0,3,2.0,1180,1800,2.0,0,2,3,8,0,1994,0,98122,47.6168,-122.301,1500,1948
535000.0,3,2.25,2050,6648,1.0,0,0,3,7,820,1990,0,98133,47.7258,-122.332,1760,7200
410000.0,4,1.0,1970,4740,1.5,0,0,3,7,300,1904,2005,98122,47.6136,-122.303,1510,4740
230000.0,3,1.5,1040,1264,2.0,0,0,3,9,140,2015,0,98144,47.5951,-122.301,1350,3000
600000.0,3,1.0,940,19000,1.0,0,0,3,6,0,1945,0,98004,47.5828,-122.19,2280,19000
425000.0,2,1.75,1550,7800,1.0,0,0,3,7,500,1940,0,98136,47.5436,-122.39,1370,5000
140000.0,3,1.0,1240,8000,1.0,0,0,4,6,200,1954,0,98198,47.4204,-122.316,1240,8000
383001.0,3,1.0,1180,7210,1.0,0,0,4,7,0,1963,0,98034,47.7267,-122.241,1700,7210
418000.0,3,2.0,1250,1306,3.0,0,0,3,7,0,2001,0,98107,47.6705,-122.39,1320,1250
632500.0,4,2.5,2090,10306,2.0,0,0,3,10,0,1986,0,98074,47.6304,-122.051,2660,11481
520000.0,4,2.5,2280,8798,2.0,0,0,4,8,0,1987,0,98028,47.7471,-122.247,2180,8632
585000.0,3,1.0,1350,4800,1.5,0,0,3,7,0,1928,0,98116,47.5749,-122.412,1360,4800
440000.0,3,2.25,1900,7225,1.0,0,0,3,8,680,1970,0,98008,47.6394,-122.113,1900,7399
1038000.0,4,1.75,1440,13296,1.0,0,0,4,8,0,1967,0,98004,47.634,-122.204,3520,10802
775000.0,4,2.5,2580,5787,2.0,0,0,3,9,0,2007,0,98029,47.5416,-121.994,2580,4410
539950.0,2,2.0,1670,3507,1.0,0,0,3,9,0,2007,0,98029,47.5545,-122.003,2330,3889
575000.0,2,1.75,2770,19700,2.0,0,0,3,8,990,1983,0,98177,47.7581,-122.365,2360,9700
510000.0,4,2.5,2440,10423,1.0,0,0,3,7,0,1955,1993,98034,47.725,-122.172,1990,7758
405000.0,2,1.0,1260,4377,1.0,0,0,4,7,0,1947,0,98103,47.6988,-122.354,1420,6376
204750.0,2,1.0,880,7575,1.0,0,0,4,7,0,1942,0,98198,47.3757,-122.304,1800,7575
329500.0,5,1.75,3290,8000,1.0,0,0,3,7,1500,1968,0,98030,47.3733,-122.214,2380,7000
400000.0,4,2.5,3030,180263,2.0,0,0,3,7,1000,1987,0,98092,47.2953,-122.097,2600,182509
302300.0,5,2.75,3130,9450,1.0,0,0,4,8,1550,1973,0,98023,47.3099,-122.384,1900,9000
240000.0,3,2.0,1330,6000,1.0,0,0,4,7,700,1900,0,98108,47.5255,-122.327,1140,6000
490000.0,3,1.5,990,1343,2.0,0,0,3,8,150,2007,0,98112,47.6236,-122.306,1350,2521
430000.0,4,1.75,1570,7650,1.0,0,0,3,7,470,1975,0,98052,47.6801,-122.106,1580,7650
318989.0,4,2.25,2000,9000,1.0,0,0,4,8,0,1978,0,98023,47.3125,-122.387,2190,8374
499000.0,3,2.5,1861,1587,2.0,0,0,3,8,283,2007,0,98034,47.7043,-122.209,2090,10454
346100.0,3,2.5,1400,2036,2.0,0,0,3,7,0,2003,0,98136,47.5516,-122.382,1500,2036
275000.0,2,1.0,2180,12875,1.0,0,0,3,7,700,1959,0,98198,47.3757,-122.303,1800,7447
580000.0,3,1.75,2100,6874,1.0,0,0,3,7,800,1943,0,98115,47.6724,-122.279,2220,5912
234000.0,3,1.0,1750,8820,1.0,0,0,4,7,0,1961,0,98032,47.3608,-122.29,1400,9600
295950.0,2,1.0,1190,6200,1.0,0,0,3,7,0,1948,0,98133,47.7634,-122.34,1470,7800
325000.0,4,2.0,1870,7700,1.0,0,0,3,8,0,1966,0,98055,47.4619,-122.196,2270,8580
324950.0,3,1.0,1210,7440,1.0,0,0,3,7,0,1949,0,98155,47.7402,-122.323,1120,7440
398500.0,2,2.5,1780,1311,3.0,0,0,3,8,430,2005,0,98103,47.6962,-122.34,1390,1227
330000.0,3,2.5,2040,14071,2.0,0,0,3,7,0,1995,0,98019,47.7278,-121.963,1890,14040
320000.0,6,2.75,2410,10763,1.0,0,0,5,7,1100,1957,0,98188,47.4429,-122.282,1310,10746
330950.0,3,2.5,1630,2844,2.0,0,0,3,7,0,2003,0,98118,47.5413,-122.288,1610,2582
883000.0,4,2.25,2410,4000,2.0,0,0,5,8,760,1910,0,98115,47.6727,-122.316,1820,4000
415000.0,4,2.5,1160,16008,1.0,0,0,4,7,0,1989,0,98155,47.7643,-122.295,1570,12645
375000.0,3,1.0,1190,9486,1.0,0,0,4,7,0,1953,0,98166,47.4319,-122.339,2100,10400
175000.0,2,1.0,840,12750,1.0,0,0,3,6,0,1925,0,98055,47.484,-122.211,1480,6969
460000.0,2,1.5,2730,19877,1.0,0,0,4,8,1160,1976,0,98019,47.7698,-121.898,1450,19509
670000.0,4,2.5,2110,7291,2.0,0,0,4,7,0,1977,0,98033,47.6888,-122.201,2350,8625
285000.0,4,2.5,2200,9397,2.0,0,0,3,8,0,1987,0,98001,47.3406,-122.269,2310,9176
539000.0,3,1.75,1790,9860,1.0,0,0,4,7,380,1978,0,98052,47.6989,-122.12,1820,9555
1600000.0,4,3.5,4060,9486,2.0,0,0,3,10,0,2005,0,98033,47.6634,-122.2,2410,9486
450000.0,4,2.75,2900,6400,2.0,0,0,3,7,860,1911,1970,98136,47.5563,-122.393,1340,6144
402000.0,3,2.5,1970,12205,2.0,0,0,4,8,0,1990,0,98011,47.7397,-122.209,2640,9636
520000.0,4,1.75,1240,4532,1.5,0,0,4,7,0,1944,0,98117,47.6892,-122.378,1260,4468
282000.0,4,2.75,2390,7330,2.0,0,0,3,7,0,1989,0,98023,47.3061,-122.359,1980,6735
375000.0,4,1.5,1430,7232,1.5,0,0,3,7,0,1948,0,98125,47.7197,-122.328,1540,7232
400000.0,3,2.5,1450,8064,1.0,0,0,3,8,0,1984,0,98074,47.6256,-122.037,1710,9554
320000.0,4,2.25,2190,9020,2.0,0,0,3,8,0,1978,0,98032,47.3742,-122.284,2170,8400
486000.0,4,2.5,2150,39449,1.0,0,0,3,7,730,1978,0,98024,47.5531,-121.892,2010,35717
461000.0,3,3.25,2770,6278,2.0,0,0,3,9,790,2006,0,98056,47.5228,-122.199,1900,7349
255000.0,3,2.0,930,11475,1.0,0,0,3,7,0,1978,0,98045,47.4644,-121.745,1280,11250
174950.0,2,1.0,730,6000,1.0,0,0,3,6,0,1950,1985,98198,47.3832,-122.3,1750,7200
675000.0,3,2.75,2740,5735,2.0,0,0,3,9,0,2004,0,98052,47.6862,-122.093,2210,5026
668500.0,4,2.25,2290,9546,1.0,0,0,4,8,510,1976,0,98006,47.5617,-122.13,2360,8864
395350.0,2,1.0,1060,5754,1.0,0,0,4,6,0,1917,0,98117,47.6931,-122.372,1460,7200
315000.0,4,1.75,1850,8580,1.0,0,0,3,7,710,1960,0,98178,47.4877,-122.24,2210,9240
500000.0,3,1.75,1800,7199,1.0,0,0,3,7,500,1972,0,98125,47.7264,-122.307,1800,8100
274975.0,3,2.5,3030,45004,2.0,0,0,3,9,0,1987,0,98077,47.7721,-122.093,3080,35781
344950.0,3,1.0,1090,6712,1.0,0,0,4,7,0,1972,0,98034,47.7155,-122.211,1440,7350
250000.0,3,2.25,1560,15340,2.0,0,0,3,7,0,1997,0,98168,47.4989,-122.322,1560,8260
555750.0,3,1.0,1060,4880,1.0,0,0,2,6,150,1913,0,98118,47.5545,-122.288,1200,4880
488000.0,5,2.0,2020,5000,1.5,0,0,4,7,0,1938,0,98117,47.6949,-122.37,1510,6600
371000.0,3,1.75,1970,9512,1.0,0,0,3,8,0,1968,0,98058,47.4545,-122.146,2250,10573
660000.0,5,3.5,3160,5175,2.0,0,0,3,9,0,2014,0,98011,47.755,-122.216,2100,9351
1776000.0,3,3.25,3230,7800,2.0,0,3,3,10,0,2005,0,98199,47.6348,-122.403,3030,6600
516000.0,3,3.0,2330,7304,1.0,0,0,3,9,1030,1971,0,98005,47.5982,-122.172,2330,9518
299000.0,3,2.5,2450,7062,2.0,0,0,3,8,0,1993,0,98023,47.3061,-122.36,1960,7200
650000.0,4,2.5,2400,7351,2.0,0,0,3,9,0,1990,0,98029,47.5707,-122.022,2330,7756
607000.0,3,2.5,2470,9226,2.0,0,0,3,9,0,1991,0,98072,47.7439,-122.17,2820,11013
215000.0,4,2.0,1540,7575,1.0,0,0,4,7,500,1978,0,98032,47.3664,-122.279,1720,7575
443000.0,3,1.75,1530,8028,1.0,0,0,3,7,330,1967,0,98177,47.7768,-122.361,1530,8028
1488000.0,4,4.25,5180,13077,2.0,0,3,3,12,900,1998,0,98006,47.5513,-122.109,5030,15069
263500.0,3,1.75,1540,6273,1.0,0,0,4,6,770,1951,0,98118,47.5305,-122.277,1140,5512
491000.0,3,2.0,1250,1306,3.0,0,0,3,7,0,2000,0,98107,47.6705,-122.39,1320,1306
500000.0,3,1.75,1480,6120,1.5,0,0,3,7,0,1946,0,98115,47.6858,-122.295,1480,6120
361810.0,3,1.75,1240,7620,1.0,0,0,3,7,0,1968,2014,98166,47.4576,-122.348,1150,7620
1250000.0,4,2.5,2920,5500,1.0,0,3,3,10,890,1957,0,98199,47.6406,-122.412,3790,5500
418000.0,5,2.5,1980,10205,1.0,0,0,4,7,900,1929,0,98115,47.699,-122.307,1310,5413
160000.0,3,1.0,1210,103237,1.0,0,0,2,6,0,1918,1960,98070,47.4208,-122.445,1880,40510
371000.0,2,1.5,1110,1189,3.0,0,0,3,8,0,2000,0,98107,47.6711,-122.377,1420,1311
315000.0,3,2.0,1220,14645,1.0,0,0,3,6,0,1970,0,98059,47.4842,-122.117,1980,24960
530000.0,3,1.0,1500,5750,1.5,0,0,4,7,450,1927,0,98126,47.5677,-122.376,1500,5060
339950.0,3,2.5,2390,34041,1.0,0,0,3,8,550,1984,0,98042,47.3546,-122.081,2460,35686
600000.0,3,1.75,1410,4080,1.0,0,0,4,7,410,1950,0,98117,47.6808,-122.384,1410,4080
550000.0,4,1.0,1440,3600,1.5,0,0,4,7,0,1924,0,98116,47.5694,-122.385,1010,5175
395000.0,3,2.5,1610,3755,2.0,0,0,3,7,0,1987,0,98052,47.6825,-122.097,1300,3823
325000.0,4,2.5,1960,3543,2.0,0,0,3,7,0,2004,0,98056,47.4849,-122.184,2420,3646
497000.0,3,2.5,1220,1475,3.0,0,0,3,8,0,2000,0,98117,47.6909,-122.395,1220,1546
432000.0,3,2.5,1920,9812,2.0,0,0,3,8,0,2000,0,98028,47.7633,-122.243,1830,10534
540000.0,3,2.5,2600,23361,1.5,1,4,3,8,450,1912,0,98146,47.4997,-122.379,1700,14700
150000.0,2,1.0,890,8100,1.0,0,0,3,6,0,1942,0,98146,47.4839,-122.34,1260,8100
442500.0,4,2.5,2400,7092,2.0,0,0,3,7,0,1997,0,98133,47.7522,-122.338,2350,8310
249950.0,3,2.0,1670,4438,1.0,0,0,3,7,0,2014,0,98022,47.1948,-121.974,1670,4558
672500.0,3,2.5,2450,5760,2.0,0,0,3,9,0,2000,0,98074,47.6145,-122.026,2450,5762
300000.0,3,2.0,1480,6698,1.0,0,0,4,7,400,1979,0,98058,47.4614,-122.168,1850,7348
267000.0,1,1.0,800,2480,1.0,0,0,4,6,0,1919,0,98108,47.5581,-122.316,1490,4650
399500.0,4,2.5,2560,7492,2.0,0,0,3,8,0,2014,0,98188,47.4467,-122.287,1260,11541
715000.0,4,2.5,2450,7700,1.0,0,0,3,8,1200,1958,0,98040,47.5731,-122.212,2450,8000
770000.0,3,3.5,2050,21744,2.0,1,4,4,9,300,1930,0,98166,47.4536,-122.376,2300,12200
310000.0,2,2.0,1030,2271,3.0,0,0,3,7,0,1999,0,98125,47.7263,-122.314,1439,1387
275000.0,4,2.25,2670,10050,1.0,0,0,4,8,1250,1962,0,98032,47.3792,-122.28,2190,10050
285000.0,3,1.5,1490,10367,1.0,0,0,3,7,480,1957,0,98146,47.4973,-122.347,1000,8254
657000.0,4,1.75,2740,8520,1.0,0,2,3,8,1370,1954,0,98118,47.5445,-122.263,2740,9286
543000.0,2,2.0,2370,217800,1.5,0,0,3,7,770,1992,0,98027,47.5007,-122.088,2370,157687
615000.0,4,1.75,2270,9830,1.0,0,0,4,8,0,1959,0,98005,47.5999,-122.176,2540,11990
340000.0,3,2.5,1400,4800,1.0,0,0,3,7,200,1921,0,98117,47.6865,-122.379,1440,3840
465950.0,4,2.5,2340,6896,2.0,0,0,3,7,0,2001,0,98059,47.4896,-122.14,2950,6775
170000.0,2,1.0,860,5265,1.0,0,0,3,6,0,1931,0,98178,47.5048,-122.272,1650,8775
165000.0,3,1.5,1250,7200,1.0,0,0,4,7,0,1978,0,98032,47.3678,-122.282,1250,7560
688000.0,4,3.0,3000,4000,1.5,0,3,3,8,1030,1913,2014,98144,47.5744,-122.307,1900,4000
220000.0,3,1.0,1000,6020,1.0,0,0,3,6,0,1944,0,98166,47.4793,-122.346,1300,8640
270000.0,3,1.5,1500,6337,1.0,0,0,5,7,0,1953,0,98125,47.7276,-122.312,1420,6337
300499.0,4,2.5,2150,7944,2.0,0,0,3,8,0,1990,0,98092,47.259,-122.215,2170,8319
305000.0,3,1.0,1710,19115,1.0,0,0,3,6,0,1986,0,98014,47.656,-121.913,1650,15144
456500.0,4,2.5,2580,11780,2.0,0,0,3,9,0,2003,0,98038,47.3658,-122.04,2410,8403
919950.0,5,2.75,3170,7062,2.0,0,0,3,9,0,2014,0,98074,47.5937,-122.061,3210,6891
239900.0,3,2.0,1410,7566,1.0,0,0,3,7,0,1985,0,98030,47.3674,-122.182,1570,7210
455000.0,2,2.0,1190,1303,2.0,0,0,3,8,390,2009,0,98107,47.6675,-122.368,1670,2425
612000.0,6,3.0,3840,14040,1.5,0,3,3,8,1380,1949,0,98178,47.506,-122.241,2170,6765
470000.0,4,2.5,2320,12042,1.0,0,0,4,7,1000,1975,0,98072,47.763,-122.16,2160,7054
339950.0,3,1.0,1050,5402,1.5,0,0,4,7,0,1906,0,98144,47.5867,-122.311,1510,4685
450000.0,3,2.25,1960,10682,1.0,0,0,3,7,0,1957,0,98008,47.6319,-122.124,1540,10682
765000.0,4,2.25,2620,17366,1.0,0,3,3,9,1190,1984,0,98075,47.584,-122.077,2620,15335
362300.0,3,2.5,2430,15264,2.0,0,0,3,8,0,1997,0,98030,47.3805,-122.208,2260,10416
462500.0,6,3.0,2390,4000,2.0,0,0,3,7,0,2014,0,98118,47.5173,-122.286,1680,5000
425000.0,3,1.75,1680,14630,1.5,0,0,3,8,0,1985,0,98027,47.5272,-122.044,1920,14630
535100.0,3,2.25,2070,7207,1.0,0,0,3,8,350,1973,0,98177,47.7735,-122.371,2350,7980
722500.0,5,2.25,3700,7207,1.0,0,1,5,8,1850,1970,0,98177,47.7736,-122.371,2340,7900
317500.0,4,1.5,1730,7700,1.0,0,0,4,7,720,1963,0,98059,47.4996,-122.163,1650,8066
284000.0,3,1.75,1560,21000,1.0,0,0,3,7,0,1954,0,98166,47.4776,-122.337,1070,7920
320000.0,2,1.0,1802,11225,1.0,0,0,3,7,0,1961,0,98125,47.7205,-122.323,1810,7332
167000.0,1,1.0,780,10235,1.5,0,0,3,6,0,1989,0,98014,47.713,-121.315,930,10165
711000.0,4,2.5,2770,9532,2.0,0,0,4,9,0,1988,0,98029,47.5688,-122.012,2770,9219
780000.0,5,1.5,1940,4800,2.0,0,0,3,8,0,1905,0,98103,47.6845,-122.332,1750,4800
580000.0,4,1.75,1720,6975,1.0,0,0,3,8,300,1975,0,98052,47.6506,-122.121,2210,7875
470000.0,4,2.75,2310,7350,1.0,0,0,3,8,640,1989,0,98011,47.7505,-122.182,2600,6077
346000.0,4,2.5,2100,3916,2.0,0,0,3,8,0,2009,0,98058,47.4324,-122.185,2100,3916
453000.0,4,2.0,1880,5100,1.0,0,0,3,8,0,1952,0,98103,47.6872,-122.349,1610,4590
830000.0,4,2.5,1850,50662,1.0,0,0,3,8,420,1978,0,98052,47.6535,-122.119,2090,10599
495000.0,4,1.75,2570,12039,1.0,0,0,3,8,660,1978,0,98074,47.626,-122.048,2200,12384
1450000.0,4,3.5,4360,24603,2.0,0,0,3,12,0,1998,0,98074,47.6035,-122.005,4770,27521
390000.0,3,2.5,2770,8820,1.0,0,0,3,7,870,1980,2004,98038,47.3685,-122.048,1850,10920
625000.0,4,2.5,2820,8408,2.0,0,0,3,9,0,2014,0,98155,47.7538,-122.325,1300,8408
458000.0,2,1.75,990,5850,1.0,0,0,4,6,0,1942,0,98125,47.7132,-122.321,840,6110
181000.0,2,1.5,1560,10807,1.0,0,0,2,7,0,1949,0,98070,47.4444,-122.509,1660,196591
590000.0,3,2.5,1990,8325,2.0,0,0,4,8,680,1997,0,98034,47.705,-122.201,2450,10606
1450000.0,4,3.5,2860,2199,3.0,0,0,3,10,0,2013,0,98102,47.6262,-122.323,1990,1378
430000.0,3,1.75,1300,12731,1.0,0,0,3,8,0,1981,0,98074,47.6236,-122.04,1700,13556
165000.0,3,1.0,970,6600,1.0,0,0,3,7,0,1965,0,98168,47.4836,-122.332,1200,6600
300000.0,5,2.75,2000,9276,2.0,0,0,4,7,0,1968,0,98055,47.444,-122.19,1240,8270
436500.0,5,3.0,3110,12429,1.0,0,0,3,8,1320,1977,0,98011,47.7463,-122.213,3050,11902
750000.0,4,2.75,3170,7634,2.0,0,0,3,10,0,1992,0,98075,47.5774,-122.054,2940,7846
465000.0,4,2.5,2300,7314,1.0,0,0,4,8,880,1979,0,98133,47.7671,-122.33,2010,7314
468000.0,2,2.5,1480,2167,2.0,0,0,3,8,90,2007,0,98052,47.6658,-122.132,2130,2556
280000.0,3,2.25,1810,7630,1.0,0,0,4,7,0,1959,0,98056,47.497,-122.18,1830,7594
625000.0,4,2.5,1750,9000,1.0,0,0,3,8,340,1977,2003,98052,47.6403,-122.105,2120,9600
375000.0,2,1.0,900,5413,1.0,0,0,3,7,0,1947,0,98125,47.7047,-122.307,1280,6380
361000.0,5,2.75,2380,7500,1.0,0,0,3,7,1080,1984,0,98178,47.5009,-122.235,2400,6000
580000.0,2,1.5,1220,5000,1.0,0,2,4,7,0,1938,0,98103,47.6624,-122.348,2090,3850
490000.0,4,2.25,3390,39356,1.0,0,0,4,8,1750,1964,0,98027,47.461,-121.992,2160,38061
560000.0,3,2.0,1640,7333,1.0,0,0,4,7,620,1941,0,98108,47.5636,-122.316,2130,4933
275000.0,5,2.5,2570,17234,1.0,0,0,3,7,1270,1959,0,98133,47.7753,-122.355,1760,7969
451000.0,4,1.75,1680,7800,1.0,0,0,3,7,350,1966,0,98008,47.6286,-122.118,1680,7210
475000.0,4,2.5,2040,16200,2.0,0,0,3,8,0,1997,0,98019,47.7366,-121.958,2530,15389
640000.0,5,3.5,3690,11928,2.0,0,0,3,9,1150,2006,0,98074,47.6108,-122.06,2640,11928
570000.0,4,2.5,3420,115434,2.0,0,0,3,9,0,1989,0,98038,47.3932,-121.988,3250,111513
355000.0,4,2.5,2040,8265,2.0,0,0,3,7,0,1996,0,98146,47.4973,-122.341,2160,8265
650000.0,4,2.25,1910,5120,1.0,0,0,3,8,610,1954,0,98199,47.6534,-122.409,1810,5153
502000.0,3,2.5,1600,3073,3.0,0,0,3,8,0,2009,0,98144,47.5934,-122.298,1130,2921
185000.0,3,1.5,1370,8470,1.0,0,0,4,7,0,1961,0,98092,47.2874,-122.192,1710,8800
695000.0,3,2.75,2590,12063,2.0,0,0,3,10,0,1993,0,98006,47.5527,-122.12,2850,8469
952500.0,4,1.5,2550,5055,2.0,0,0,4,10,0,1910,0,98112,47.636,-122.301,1970,4431
364000.0,2,2.25,1280,2574,2.0,0,0,3,7,0,1992,0,98144,47.5939,-122.302,1250,3960
475226.0,3,2.5,2120,4512,2.0,0,0,3,8,0,1988,0,98011,47.75,-122.183,2000,4553
355200.0,3,1.0,1120,7320,1.0,0,0,4,7,0,1954,0,98146,47.5103,-122.382,1410,6328
254500.0,2,1.0,1150,11250,1.0,0,0,3,6,0,1920,0,98178,47.486,-122.264,1100,11400
405000.0,3,2.0,1440,7425,1.0,0,0,4,7,0,1965,0,98034,47.7243,-122.185,1800,8344
643002.0,3,2.5,1770,3744,1.5,0,0,3,7,500,1929,0,98117,47.6807,-122.364,1400,4680
880000.0,6,2.5,2640,3680,2.0,0,0,5,8,880,1922,0,98126,47.5771,-122.38,1960,3680
1700000.0,4,3.75,3190,17186,2.0,1,4,3,10,0,1999,0,98178,47.5115,-122.246,2290,13496
1222500.0,4,3.5,4910,9444,1.5,0,0,3,11,1800,2007,0,98074,47.6502,-122.066,4560,11063
500000.0,3,2.25,1580,4379,2.0,0,0,4,8,0,1994,0,98029,47.5694,-122.005,1770,4187
311000.0,3,1.0,1640,12060,1.0,0,0,4,7,0,1960,0,98059,47.4941,-122.151,1680,9147
625000.0,4,3.0,2350,5627,1.0,0,0,5,8,860,1960,0,98118,47.5514,-122.268,2020,5627
510000.0,3,2.0,2350,266151,1.5,0,0,3,7,0,1983,0,98014,47.6609,-121.892,2270,222156
269000.0,3,1.0,1690,4250,1.0,0,0,3,7,670,1967,0,98178,47.4945,-122.258,1820,8865
450000.0,4,1.75,1850,7730,1.0,0,0,5,7,750,1956,0,98133,47.7481,-122.355,2260,8581
920000.0,4,2.75,3140,7258,2.0,0,1,3,10,0,2006,0,98034,47.7064,-122.232,2990,13600
350000.0,3,1.75,1740,29597,1.0,0,0,4,7,0,1965,0,98059,47.481,-122.115,1560,20741
688888.0,3,3.25,2580,9825,1.5,0,1,4,9,820,1978,0,98027,47.5314,-122.054,2140,10270
665000.0,4,2.75,3320,10574,2.0,0,0,5,8,1100,1960,0,98056,47.5376,-122.18,2720,8330
280000.0,3,1.5,1430,8861,1.0,0,0,3,7,0,1956,0,98188,47.4454,-122.289,1080,9425
455000.0,4,2.0,2120,9442,1.0,0,0,5,7,1060,1968,0,98011,47.7675,-122.226,1290,9600
420000.0,3,1.0,1310,3963,1.0,0,0,5,7,0,1986,0,98052,47.6826,-122.096,1010,3363
660500.0,4,2.25,2010,9603,1.0,0,0,3,8,570,1986,0,98027,47.5343,-122.054,2060,9793
395000.0,2,1.0,870,3121,1.0,0,0,4,7,0,1923,0,98107,47.6659,-122.369,1570,1777
425000.0,2,1.0,540,2500,1.0,0,0,3,5,0,1905,0,98107,47.6729,-122.383,1290,5000
659000.0,3,1.5,1540,5040,2.0,0,0,3,8,0,1907,0,98122,47.6138,-122.299,1590,3600
267500.0,3,1.5,1390,2153,2.0,0,0,3,7,0,2001,0,98118,47.5506,-122.29,1100,2617
375000.0,3,1.0,1130,12500,1.5,0,0,3,7,0,1954,0,98118,47.5491,-122.268,2280,8750
450000.0,3,2.75,2840,39324,1.0,0,0,3,9,640,1988,0,98092,47.3076,-122.101,2840,39413
433000.0,3,1.75,2160,8565,1.0,0,0,3,8,430,1971,0,98028,47.7664,-122.262,2910,9570
397500.0,3,2.25,1430,1383,3.0,0,0,3,8,0,2005,0,98103,47.6917,-122.341,1430,1347
335000.0,3,2.75,1990,19991,1.0,0,0,3,7,650,1977,0,98072,47.7434,-122.106,1750,9775
313000.0,2,1.0,1180,4900,1.0,0,0,5,6,0,1954,0,98027,47.5321,-122.029,1650,7121
595000.0,4,3.0,3680,35736,1.5,0,0,4,8,1360,1970,0,98027,47.4703,-122.015,3210,39512
335000.0,2,1.75,1000,5100,1.0,0,0,3,6,60,1906,0,98117,47.6787,-122.391,1900,5100
333000.0,4,2.5,2100,7366,2.0,0,0,3,8,0,1997,0,98042,47.3703,-122.107,2060,7324
1525000.0,4,3.75,5850,35070,2.0,0,0,4,12,1440,1990,0,98006,47.5485,-122.124,4830,36200
605000.0,5,3.0,3670,9600,1.0,0,1,3,8,1690,1955,0,98108,47.5648,-122.316,1730,4933
359950.0,3,2.0,1790,7212,1.0,0,0,4,8,0,1998,0,98042,47.3898,-122.154,2330,7212
989990.0,4,3.5,3830,7150,2.0,0,0,3,9,0,2014,0,98052,47.7049,-122.126,3640,6055
369300.0,3,1.5,1480,21320,1.0,0,0,4,7,0,1967,0,98027,47.5234,-122.043,1850,17825
930000.0,3,1.75,2460,4240,1.0,0,0,4,7,1230,1925,0,98103,47.6593,-122.337,1700,4240
330000.0,3,1.5,1170,4950,1.0,0,0,4,7,0,1960,0,98007,47.6057,-122.135,1570,7700
459000.0,2,2.5,1240,1249,3.0,0,0,3,8,0,2006,0,98107,47.6718,-122.386,1240,2500
333000.0,5,1.75,1240,8936,1.0,0,0,3,7,0,1954,0,98006,47.5738,-122.136,1600,9341
569999.0,3,2.5,3080,13880,2.0,0,0,3,9,0,1990,0,98038,47.3726,-122.025,2780,15318
318400.0,4,2.5,1820,6916,2.0,0,0,3,7,0,1994,0,98038,47.3862,-122.029,1680,6995
665000.0,3,2.5,2630,10047,2.0,0,0,3,9,0,1996,0,98027,47.5515,-122.083,2640,10620
200000.0,3,2.0,1170,10051,1.0,0,0,4,7,0,1957,0,98198,47.4229,-122.324,1440,9800
500000.0,4,3.0,2570,9104,2.0,0,2,3,7,0,1930,0,98116,47.5821,-122.401,1630,4950
154500.0,3,1.0,890,9465,1.0,0,0,3,6,0,1957,0,98148,47.4388,-122.328,1590,9147
300000.0,2,1.75,2120,6350,1.0,0,0,4,6,680,1924,0,98103,47.6974,-122.356,1590,6350
334990.0,4,2.5,2220,4228,2.0,0,0,3,8,0,2014,0,98146,47.5014,-122.341,2220,4157
2888000.0,5,6.25,8670,64033,2.0,0,4,3,13,2550,1965,2003,98177,47.7295,-122.372,4140,81021
925000.0,3,3.25,2610,4500,1.5,0,0,4,9,950,1909,0,98103,47.6701,-122.339,2110,4500
526500.0,3,1.5,1310,7236,1.0,0,0,4,7,140,1928,0,98103,47.6944,-122.333,1680,8431
414250.0,4,1.75,1640,13566,1.0,0,0,4,7,520,1977,0,98072,47.7423,-122.099,1470,13530
750000.0,4,1.75,2100,3400,1.0,0,0,5,7,1000,1915,0,98119,47.6429,-122.371,1890,3771
262500.0,3,1.75,1470,10390,1.0,0,0,3,7,0,1989,0,98031,47.4192,-122.201,1770,7507
355000.0,4,2.5,2390,6775,2.0,0,0,3,7,0,2003,0,98056,47.4811,-122.182,2560,6346
2152500.0,4,3.25,3840,6214,1.5,0,3,4,10,1250,1939,0,98199,47.6388,-122.406,3280,5915
475000.0,4,1.75,1650,7775,1.0,0,0,4,7,500,1950,0,98133,47.715,-122.354,1390,7200
280000.0,3,1.0,1090,10710,1.0,0,0,4,7,0,1962,0,98056,47.5,-122.169,1090,10440
370000.0,4,1.0,1310,6000,1.5,0,0,3,7,0,1940,0,98144,47.5822,-122.295,1630,6000
280000.0,3,2.5,1860,6607,2.0,0,0,3,7,0,1989,0,98023,47.2891,-122.351,1760,6766
323000.0,3,2.5,1890,6560,2.0,0,0,3,7,0,2003,0,98038,47.3684,-122.031,2390,7570
1295000.0,5,3.75,3490,15246,1.0,0,1,4,10,1550,1968,0,98040,47.5479,-122.212,3410,15682
428000.0,2,2.0,1350,4225,1.0,0,0,3,8,0,2003,0,98053,47.7106,-122.03,1660,4225
1100000.0,5,2.25,4320,7620,2.0,0,0,3,7,1440,1973,2014,98115,47.6824,-122.287,1880,7620
216000.0,2,1.0,1810,10360,1.0,0,0,3,6,800,1946,0,98178,47.5039,-122.266,1810,10360
256400.0,3,1.5,1490,7800,1.0,0,0,3,7,480,1963,0,98003,47.3431,-122.304,1570,7800
510500.0,3,1.0,1270,8000,1.0,0,0,4,7,0,1957,0,98007,47.5874,-122.136,1470,8000
232603.0,3,1.75,1750,11461,2.0,0,0,4,7,0,1976,0,98002,47.3173,-122.21,2140,11276
1212500.0,4,3.5,4560,16643,1.0,0,3,3,12,2330,1995,0,98006,47.5521,-122.115,4060,15177
256703.0,3,2.0,1670,4441,1.0,0,0,3,7,0,2014,0,98022,47.1948,-121.975,1670,4622
310000.0,3,1.5,1060,6954,1.0,0,0,4,6,0,1983,0,98106,47.5497,-122.355,1560,6372
482000.0,3,1.75,2600,105587,1.0,0,0,4,7,1300,1980,0,98070,47.4464,-122.497,1941,208438
650000.0,3,1.5,1380,4500,1.0,0,0,5,7,0,1960,0,98040,47.5866,-122.25,1590,9000
289000.0,3,1.75,1260,8400,1.0,0,0,3,7,0,1954,0,98148,47.4366,-122.335,1290,8750
390000.0,3,2.25,1820,7420,2.0,0,0,4,8,0,1983,0,98058,47.4368,-122.162,1900,7526
315000.0,2,1.0,2080,14659,1.0,0,0,3,7,1040,1960,0,98178,47.4858,-122.231,1920,15208
454900.0,3,1.75,2130,9775,1.0,0,0,4,8,700,1973,0,98027,47.5326,-122.049,2130,11250
475000.0,3,2.5,1640,5097,2.0,0,0,3,7,0,1969,0,98155,47.7522,-122.278,1880,6000
1500000.0,6,2.5,3560,6480,2.5,0,0,4,11,0,1914,0,98112,47.627,-122.304,2780,6480
1920000.0,5,5.75,7730,230868,2.0,0,0,3,12,1070,2004,0,98077,47.7615,-122.084,2660,39292
300000.0,4,2.5,2450,8932,2.0,0,0,3,8,0,1990,0,98023,47.3093,-122.345,2410,8775
510000.0,6,4.5,3300,7480,2.0,0,0,3,8,0,1980,0,98052,47.6796,-122.104,2470,7561
969500.0,3,3.25,2080,3025,2.0,0,2,4,8,860,1984,0,98122,47.6051,-122.289,2680,6518
780000.0,4,1.0,3390,4500,1.5,0,0,3,8,1200,1924,2014,98144,47.5824,-122.293,2030,4872
860000.0,3,1.75,2180,14135,1.0,0,2,5,8,880,1947,0,98033,47.673,-122.187,3540,10318
325000.0,3,2.0,2330,4950,1.5,0,0,3,6,900,1900,0,98118,47.5585,-122.29,1160,5115
365000.0,3,2.25,1110,979,2.0,0,0,3,7,150,2008,0,98144,47.5999,-122.3,1170,1400
300000.0,4,1.75,2080,8750,1.0,0,0,4,8,750,1967,0,98032,47.3749,-122.291,1790,8750
513000.0,4,2.75,2020,7070,1.0,0,0,5,7,1010,1958,0,98126,47.5202,-122.378,1390,6000
180000.0,3,1.0,1960,9583,2.0,0,0,2,5,0,1908,0,98056,47.505,-122.171,1850,8324
1925000.0,5,4.25,4830,8050,2.5,0,2,4,11,1120,1914,0,98144,47.5789,-122.286,4470,9194
322500.0,4,2.5,1940,7107,2.0,0,0,3,7,0,2000,0,98038,47.3843,-122.032,1850,5705
471001.0,3,1.75,1800,6000,1.0,0,0,5,7,900,1905,0,98103,47.6867,-122.349,1800,3000
424000.0,3,2.5,2200,34680,2.0,0,0,3,9,0,1985,0,98092,47.3139,-122.116,2560,35840
280000.0,2,1.75,1894,52769,1.5,0,0,4,6,374,1936,0,98001,47.3088,-122.273,1820,50529
940000.0,4,2.25,1890,5940,1.0,0,1,3,9,420,1963,0,98112,47.6316,-122.303,2430,5940
295500.0,3,2.5,1410,1332,2.0,0,0,3,7,450,2014,0,98108,47.5683,-122.314,1410,1343
817000.0,4,2.25,2600,10660,2.0,0,0,4,8,0,1979,0,98006,47.5533,-122.156,3150,10660
515000.0,3,2.5,3000,8250,1.0,0,0,4,8,1240,1963,0,98008,47.6191,-122.112,2040,8250
815000.0,4,2.5,3150,4203,2.0,0,0,3,9,0,2002,0,98033,47.688,-122.164,3150,5169
245000.0,2,1.0,990,4800,1.0,0,0,3,6,0,1908,0,98118,47.5615,-122.28,1700,5400
350000.0,2,1.5,830,1077,2.0,0,0,3,7,0,2006,0,98122,47.6058,-122.319,830,1366
700000.0,2,1.0,1300,12000,1.0,0,0,4,8,0,1959,0,98004,47.6366,-122.229,2420,15000
255000.0,3,1.0,960,8100,1.0,0,0,3,7,0,1955,0,98155,47.7766,-122.307,1120,8100
1050000.0,4,4.25,3720,5750,2.0,0,2,3,9,760,2006,0,98116,47.5632,-122.399,2550,5750
2400000.0,4,4.25,4890,15188,2.0,0,2,3,11,1800,1999,0,98040,47.5602,-122.227,3470,16201
315000.0,3,1.0,1160,3700,1.5,0,0,3,7,0,1909,0,98106,47.5651,-122.359,1340,3750
552500.0,5,3.0,2320,7229,1.0,0,0,4,8,950,1986,0,98052,47.697,-122.097,2090,7554
375000.0,2,1.0,760,6000,1.0,0,0,3,6,0,1942,0,98199,47.646,-122.384,1360,6000
392450.0,4,2.0,2195,2681,1.0,0,0,3,7,1135,1912,0,98103,47.6965,-122.342,1710,1280
300000.0,3,1.75,1280,12776,1.0,0,0,4,7,0,1977,0,98031,47.4212,-122.199,1680,11704
857500.0,3,1.5,2040,3960,2.0,0,2,5,8,0,1928,0,98103,47.6658,-122.355,1540,3400
284000.0,3,2.5,1660,4083,2.0,0,0,3,7,0,2013,0,98038,47.3595,-122.045,1800,4087
215000.0,4,2.0,1470,7000,1.0,0,0,4,8,0,1967,0,98032,47.3742,-122.289,1640,7000
359500.0,4,2.25,2390,11250,2.0,0,0,3,9,0,1988,0,98023,47.3305,-122.371,2480,11250
380000.0,4,2.5,2270,11500,1.0,0,0,3,8,730,1967,0,98034,47.7089,-122.241,2020,10918
491000.0,3,1.75,1440,7800,1.0,0,0,4,7,0,1958,0,98008,47.5996,-122.12,1440,7800
452000.0,4,2.25,2590,10002,1.0,0,0,4,8,1250,1968,0,98028,47.7689,-122.266,1550,10436
1505000.0,4,3.5,3480,7232,2.0,0,0,3,9,900,1926,2010,98144,47.5859,-122.291,2380,5642
847093.0,4,2.75,2760,5670,2.0,0,0,3,10,0,2014,0,98075,47.5819,-122.047,2760,6600
456000.0,3,2.0,1870,8442,1.5,0,0,5,7,810,1927,0,98117,47.6964,-122.365,1640,6174
246000.0,3,1.5,1780,23819,1.0,0,0,3,7,0,1953,0,98168,47.4912,-122.312,1130,14450
575000.0,4,2.5,2550,56628,2.0,0,0,3,9,0,2001,0,98027,47.4913,-122.081,1870,56628
427000.0,3,1.75,1680,8610,1.0,0,0,4,7,390,1969,0,98034,47.7246,-122.173,1640,8809
522500.0,2,2.25,1430,1210,2.0,0,0,3,8,90,2005,0,98115,47.6765,-122.301,1430,1016
574000.0,2,2.25,1100,1114,2.0,0,0,3,8,200,2009,0,98122,47.6199,-122.304,1230,1800
950000.0,5,3.25,3400,7452,2.0,0,0,3,10,0,1999,0,98007,47.6141,-122.136,2650,8749
1640000.0,5,4.0,4780,118047,2.0,0,0,3,11,0,1994,0,98077,47.7243,-122.052,4040,31760
413450.0,3,2.5,1540,1614,3.0,0,0,3,8,70,2008,0,98103,47.6961,-122.341,1540,1418
557000.0,3,3.5,1710,2096,2.0,0,0,3,8,420,2008,0,98122,47.6055,-122.305,1630,1543
339000.0,3,1.0,1150,2496,1.0,0,0,3,6,140,1947,0,98126,47.5194,-122.376,1340,1203
279000.0,3,2.25,2070,7800,1.0,0,0,3,7,900,1964,0,98003,47.3431,-122.305,1570,8400
737000.0,2,2.25,2290,9772,1.0,0,0,3,8,0,2007,0,98053,47.7199,-122.025,1810,6077
775000.0,4,2.0,3140,10875,1.0,0,1,3,7,1200,1939,1969,98199,47.6656,-122.406,3300,10080
307635.0,3,2.5,1820,4200,2.0,0,0,3,8,0,2014,0,98038,47.3693,-122.017,2370,4200
472500.0,4,1.75,1440,8536,1.0,0,0,4,7,0,1961,0,98033,47.6775,-122.18,1720,9748
615000.0,3,1.75,2660,7800,1.0,0,0,4,8,1330,1951,0,98117,47.6993,-122.378,1950,6240
750000.0,4,3.5,3050,7020,2.0,0,3,3,9,1000,1984,0,98126,47.571,-122.374,2170,5900
275000.0,3,1.0,1250,7654,1.0,0,0,3,7,250,1952,0,98125,47.7289,-122.291,1310,7350
380000.0,4,1.75,1790,10186,1.0,0,0,4,8,0,1965,0,98177,47.7769,-122.376,1790,9142
390000.0,4,2.5,1840,15496,2.0,0,0,3,8,0,1991,0,98059,47.4683,-122.07,1840,15040
763101.0,3,1.75,1990,5560,1.0,0,0,4,7,890,1939,0,98105,47.664,-122.287,1460,3706
451101.0,2,1.5,1510,1962,2.0,0,0,4,8,0,1985,0,98007,47.6214,-122.153,1510,2182
306000.0,2,1.0,930,5650,1.0,0,2,3,7,0,1941,0,98126,47.5478,-122.377,1340,6400
205000.0,4,1.5,1420,8063,1.0,0,0,3,7,480,1962,0,98198,47.4174,-122.316,1330,7515
219000.0,3,1.5,1740,5200,1.0,0,0,4,7,680,1977,0,98042,47.3657,-122.094,1540,5200
387000.0,3,1.0,1230,9568,1.0,0,0,5,7,0,1962,0,98056,47.539,-122.179,1270,9575
747500.0,4,2.25,2350,18600,2.0,0,0,4,9,0,1977,0,98028,47.7473,-122.257,2880,14400
360000.0,4,1.75,3730,16980,1.0,0,0,4,7,1580,1974,0,98022,47.1775,-122.022,1880,16963
180000.0,3,1.0,1610,8500,1.5,0,0,3,7,0,1959,0,98032,47.3717,-122.297,1070,8750
250000.0,3,1.75,1160,6134,1.0,0,0,3,7,0,1998,0,98002,47.3414,-122.218,1330,6301
1880000.0,5,3.5,4390,6220,2.0,0,3,3,9,1220,2013,0,98115,47.6789,-122.273,2740,6448
553500.0,2,1.0,850,2340,1.0,0,0,3,7,0,1922,0,98105,47.6707,-122.328,1300,3000
457500.0,3,1.0,960,4600,1.5,0,0,4,6,0,1927,0,98118,47.5553,-122.286,1380,5175
1920000.0,4,2.5,3070,34412,1.0,0,3,4,9,1000,1950,0,98039,47.64,-122.24,3780,27940
835000.0,3,1.75,1490,3840,2.0,0,0,3,8,0,1984,2014,98033,47.6916,-122.214,3450,8500
469000.0,3,1.0,950,4250,1.5,0,0,5,6,0,1948,0,98122,47.609,-122.307,2130,5120
500000.0,4,2.25,2350,7210,1.5,0,0,4,7,0,1972,0,98011,47.7407,-122.183,1930,7519
330000.0,4,3.5,3150,6202,2.0,0,0,3,7,0,2005,0,98042,47.3993,-122.162,2950,5940
260000.0,3,2.0,1170,5450,1.0,0,0,5,6,0,1902,0,98118,47.5276,-122.273,1340,6384
312000.0,4,1.0,1190,7620,1.5,0,0,3,6,0,1926,0,98106,47.5281,-122.348,1060,7320
245000.0,2,1.0,670,2356,1.0,0,0,5,6,0,1960,0,98144,47.5918,-122.295,1220,1740
775000.0,3,3.5,2690,104544,2.0,0,0,3,8,0,1948,1990,98072,47.7717,-122.112,2300,81698
614905.0,3,2.5,2410,7225,2.0,0,0,3,8,0,1991,0,98125,47.7211,-122.31,1940,8347
336000.0,4,2.25,2210,11700,2.0,0,0,4,8,0,1967,0,98032,47.3648,-122.284,2040,9000
190000.0,2,1.0,670,3101,1.0,0,0,4,6,0,1948,0,98118,47.5546,-122.274,1660,4100
399950.0,3,2.5,1610,1320,2.0,0,0,3,7,330,2007,0,98144,47.6,-122.298,1480,1602
499000.0,2,1.75,1170,2400,1.0,0,0,4,7,430,1903,0,98103,47.6653,-122.333,1570,3919
790000.0,4,2.5,2690,8036,2.0,0,0,4,9,0,1987,0,98007,47.6596,-122.144,2420,8087
155000.0,3,1.5,970,8400,1.0,0,0,3,7,0,1966,0,98003,47.3284,-122.331,1230,8400
650000.0,2,2.5,1740,2500,2.0,0,2,3,8,530,1994,0,98112,47.622,-122.3,1640,2500
425000.0,2,1.0,1070,6625,1.0,0,0,3,7,240,1950,0,98116,47.5736,-122.393,1310,6625
637500.0,4,3.0,2320,4468,2.0,0,0,3,8,160,1999,0,98029,47.546,-122.009,2330,3541
321000.0,3,2.25,1347,1292,3.0,0,0,3,7,0,2010,0,98125,47.7306,-122.291,1480,1865
585000.0,2,1.0,1770,8640,1.5,0,0,3,6,250,1949,0,98117,47.6926,-122.363,1060,4804
550000.0,3,2.5,2290,6328,2.0,0,0,3,8,0,2001,0,98146,47.5103,-122.382,1600,6180
696000.0,6,3.25,2900,6400,2.0,0,0,4,8,600,1977,0,98199,47.6464,-122.401,2480,6400
352500.0,3,1.5,1360,7680,1.0,0,0,3,7,0,1955,0,98133,47.7441,-122.337,1630,7679
485000.0,3,2.5,1650,4218,2.0,0,0,3,8,0,2000,0,98075,47.5998,-122.016,1650,4559
616000.0,4,2.5,2490,12929,2.0,0,0,3,9,0,1983,0,98074,47.6161,-122.021,2440,12929
340000.0,2,1.75,1500,4158,1.0,0,0,4,7,280,1947,0,98103,47.7006,-122.35,1270,4081
526000.0,3,3.25,1220,1281,2.0,0,0,3,8,290,2014,0,98105,47.67,-122.317,1303,3810
465000.0,4,2.5,2590,16437,2.0,0,0,3,8,0,1986,0,98038,47.3714,-122.059,2320,15625
311000.0,2,1.0,860,3300,1.0,0,0,5,6,0,1903,0,98118,47.5496,-122.279,1380,4400
600000.0,2,1.0,1180,2160,1.0,0,1,3,7,240,1909,0,98119,47.6313,-122.368,2700,5400
375000.0,3,2.0,1670,13775,1.0,0,0,3,8,0,1968,0,98045,47.4873,-121.783,2130,14500
498500.0,4,2.5,1910,7172,2.0,0,0,3,8,0,1993,0,98155,47.7615,-122.309,1630,10127
329950.0,4,1.0,2050,7590,1.0,0,0,3,7,770,1957,0,98178,47.4916,-122.224,2050,7800
330000.0,2,1.0,1129,3840,1.0,0,0,3,7,0,1953,0,98106,47.5313,-122.351,1300,3880
350000.0,3,1.0,1300,10236,1.0,0,0,4,6,0,1971,0,98045,47.5028,-121.77,1380,11325
441000.0,2,1.5,1190,3400,1.0,0,0,3,7,200,1919,0,98115,47.6726,-122.32,1410,3150
518000.0,3,1.75,1830,4500,1.5,0,0,4,7,0,1909,0,98115,47.676,-122.308,1830,4080
475000.0,3,2.25,1820,8008,1.0,0,0,3,8,580,1981,0,98052,47.7206,-122.11,2030,8750
280000.0,3,1.75,1770,8240,1.0,0,0,4,7,530,1978,0,98023,47.3066,-122.378,2060,8250
1190000.0,5,3.0,3330,19126,2.0,0,0,4,11,720,1977,0,98040,47.5485,-122.214,3330,16893
335000.0,4,2.5,2610,4781,2.0,0,0,3,8,0,2009,0,98001,47.2649,-122.292,2583,4796
398500.0,4,2.5,2820,6666,2.0,0,0,3,9,0,2007,0,98038,47.3473,-122.031,1880,7200
325000.0,4,2.5,2090,7434,1.0,0,0,3,7,1000,1993,0,98146,47.4962,-122.349,1260,8404
270000.0,3,1.0,1010,14510,1.0,0,0,5,7,0,1974,0,98042,47.3437,-122.078,2020,44866
375000.0,3,1.5,1370,9720,2.0,0,0,3,7,0,1968,0,98034,47.7302,-122.197,1510,8775
247000.0,3,1.75,1820,8740,1.0,0,0,4,8,0,1987,0,98023,47.3074,-122.385,2210,8320
420000.0,4,2.5,2480,8626,2.0,0,0,3,10,0,2001,0,98001,47.3185,-122.262,2990,9033
685000.0,5,2.5,1900,7843,2.0,0,0,5,7,0,1966,0,98008,47.6273,-122.123,1900,7350
720000.0,4,2.5,3340,8930,2.0,0,2,3,10,0,1999,0,98065,47.535,-121.867,3160,7865
309000.0,5,2.75,2481,4045,2.0,0,0,3,8,0,2014,0,98001,47.2602,-122.284,2363,4175
440000.0,4,2.5,2300,10880,1.0,0,0,4,7,1110,1961,0,98028,47.7341,-122.242,1960,10400
625000.0,4,1.75,2410,6770,1.0,0,0,4,7,1190,1924,0,98103,47.6946,-122.336,1440,6770
629950.0,3,2.5,1680,1683,2.0,0,0,3,9,560,2014,0,98119,47.6425,-122.374,1610,1618
489000.0,2,2.25,1290,1334,3.0,0,0,3,8,0,2007,0,98107,47.6719,-122.382,1350,1334
925000.0,3,1.75,1610,10796,1.0,0,0,3,7,540,1951,0,98004,47.6272,-122.208,1940,10796
685000.0,5,2.5,3160,5635,2.0,0,0,3,9,0,2003,0,98027,47.5362,-122.067,3670,6087
675000.0,4,2.25,2260,8715,1.0,0,0,4,8,730,1976,0,98008,47.6237,-122.106,2220,8650
580000.0,3,2.5,2180,40278,2.0,0,0,3,9,0,1985,0,98072,47.733,-122.09,2630,40000
219950.0,3,1.5,1650,9936,1.0,0,0,3,7,560,1967,0,98003,47.3285,-122.328,1560,9890
342000.0,3,1.0,1980,6450,1.0,0,0,4,6,860,1950,0,98106,47.5291,-122.356,1180,5160
630000.0,3,2.0,1470,6000,1.0,0,0,3,8,380,1950,1996,98033,47.6829,-122.202,1880,7799
449000.0,3,1.75,1270,6600,1.5,0,0,5,7,0,1903,0,98144,47.5976,-122.295,1490,3600
235000.0,3,1.0,1210,6000,1.0,0,0,3,7,0,1930,0,98178,47.4984,-122.224,1210,6000
650000.0,2,1.0,1280,6000,1.0,0,0,3,7,0,1965,0,98112,47.6339,-122.282,2460,4800
219950.0,3,1.5,1210,5200,1.0,0,0,5,6,0,1969,0,98042,47.3615,-122.087,1120,5200
299900.0,4,2.5,1580,3632,2.0,0,0,3,7,0,2011,0,98038,47.3672,-122.019,1950,3800
739000.0,5,2.5,2840,5000,1.0,0,0,4,7,1220,1913,0,98144,47.5817,-122.291,2200,5000
465000.0,5,3.0,2010,7264,1.0,0,0,3,7,720,1990,0,98103,47.6945,-122.33,1510,7326
415000.0,4,4.0,2740,8250,2.0,0,0,4,9,0,1990,0,98042,47.3735,-122.156,2290,8250
402000.0,4,1.75,1640,10500,1.0,0,0,4,7,630,1968,0,98052,47.6933,-122.116,1680,7650
508000.0,2,1.0,1200,2500,2.0,0,2,3,7,110,1927,0,98112,47.6304,-122.301,2690,4800
375000.0,4,1.75,1870,12500,1.0,0,1,5,6,840,1943,0,98056,47.511,-122.197,2060,14141
616000.0,3,2.0,2900,5650,1.0,0,2,3,8,1380,1959,0,98116,47.5789,-122.396,1810,6250
733000.0,6,2.75,2730,5000,1.0,0,0,3,8,950,1962,0,98107,47.6751,-122.38,2090,5000
334950.0,5,3.0,2230,8642,1.0,0,0,3,7,900,2014,0,98168,47.487,-122.32,2100,11056
309950.0,4,2.5,1770,6666,2.0,0,0,3,7,0,1989,0,98023,47.2877,-122.349,1780,6666
225000.0,3,1.75,1330,13102,1.0,0,0,3,7,0,1968,0,98003,47.3172,-122.322,1270,11475
865000.0,4,2.5,2580,10631,2.0,0,2,4,9,0,1992,0,98033,47.6993,-122.206,4220,10631
1079000.0,5,3.5,3740,5610,2.0,0,0,3,9,880,2014,0,98117,47.6764,-122.392,1520,4590
315000.0,3,2.5,1790,6452,2.0,0,0,3,7,0,2004,0,98038,47.3841,-122.042,1610,3600
548000.0,4,3.25,3420,5012,2.0,0,0,3,10,1090,2008,0,98019,47.732,-121.982,2320,5465
740000.0,4,2.75,2560,6900,1.0,0,0,3,8,1080,1959,0,98115,47.686,-122.297,2600,7200
325000.0,3,2.5,1870,9825,1.0,0,0,4,7,620,1994,0,98045,47.4639,-121.744,1380,11475
265000.0,2,1.0,760,4000,1.0,0,0,4,6,0,1950,0,98108,47.5466,-122.304,1640,4500
1999000.0,4,3.25,3910,7500,2.0,0,2,4,11,1360,1933,0,98199,47.6448,-122.409,3070,7500
600000.0,2,2.5,2510,14878,2.0,0,0,3,10,0,1990,0,98011,47.7525,-122.205,3080,13594
729999.0,6,4.5,3600,6110,2.0,0,0,3,9,1090,2012,0,98118,47.5687,-122.291,1360,5800
392500.0,3,1.0,930,6572,1.0,0,0,3,7,0,1952,0,98115,47.6889,-122.301,960,5840
495200.0,5,2.25,2710,22120,1.0,0,0,3,7,1300,1955,0,98011,47.7642,-122.195,2850,12224
465000.0,3,1.5,1270,5112,1.0,0,0,3,7,0,1950,0,98115,47.676,-122.288,1580,5080
289950.0,3,1.0,1090,8280,1.0,0,0,3,6,0,1947,2006,98155,47.7562,-122.318,1060,7609
360000.0,2,1.0,1120,12625,1.0,0,3,3,7,0,1940,0,98136,47.5397,-122.385,1880,6828
1270000.0,5,3.0,3950,9520,1.0,0,0,3,9,1700,1953,2002,98004,47.6363,-122.207,1890,9520
320000.0,4,2.75,2640,7500,1.0,0,0,3,8,1020,1967,0,98023,47.3135,-122.369,1980,7875
438600.0,1,1.0,720,2500,1.0,0,0,3,7,0,1910,0,98103,47.6597,-122.345,1520,3750
350000.0,7,3.0,2800,9569,1.0,0,2,3,7,1400,1963,0,98056,47.5102,-122.183,2150,7333
685000.0,2,1.5,1300,1676,1.0,0,2,3,7,0,1943,0,98122,47.6133,-122.308,1260,1740
1425000.0,4,5.0,4630,24054,2.0,0,3,3,11,0,2005,0,98075,47.587,-121.966,4630,17584
315000.0,3,2.5,1410,1325,2.0,0,0,3,7,230,2007,0,98106,47.5582,-122.363,1270,1282
200000.0,2,1.0,860,6600,1.0,0,0,5,6,0,1949,0,98168,47.4878,-122.324,1030,6732
802000.0,2,1.75,2110,8700,1.0,0,4,4,9,350,1960,0,98146,47.4912,-122.365,2120,9500
548000.0,4,2.5,2440,11005,2.0,0,0,3,9,0,1994,0,98056,47.5318,-122.176,2590,14754
320900.0,3,2.0,1770,7251,1.0,0,0,4,8,0,1990,0,98031,47.4087,-122.17,2560,7210
415000.0,3,2.75,2080,9600,1.0,0,0,3,7,0,1988,0,98028,47.7698,-122.238,2220,9600
329000.0,2,2.5,980,1020,3.0,0,0,3,8,0,2008,0,98117,47.6844,-122.387,980,1023
701000.0,4,1.5,1840,10080,2.0,0,0,3,8,0,1907,0,98118,47.5575,-122.279,1830,5040
258000.0,4,1.0,1220,8500,1.5,0,0,5,6,0,1916,0,98168,47.4792,-122.277,1460,8500
774900.0,5,1.0,1750,3861,1.5,0,0,3,7,0,1903,0,98122,47.6075,-122.295,1700,4255
230000.0,5,2.0,1210,12538,2.0,0,0,3,7,0,1982,0,98023,47.2848,-122.361,1510,7700
281000.0,3,1.0,1300,5782,1.0,0,0,4,6,0,1959,0,98065,47.524,-121.821,1020,7200
535000.0,3,1.75,2020,10031,1.0,0,0,5,7,650,1952,0,98155,47.7487,-122.319,1500,8456
915000.0,3,4.5,3850,62726,2.0,0,0,3,10,730,2013,0,98053,47.6735,-122.058,2630,46609
460000.0,4,1.75,1720,3050,1.5,0,0,5,7,680,1929,0,98116,47.5654,-122.384,1570,6100
370000.0,2,2.5,1390,1821,2.0,0,0,3,7,210,2007,0,98118,47.5537,-122.282,1350,1821
1225000.0,3,2.25,2980,7700,1.0,0,0,3,9,450,1964,0,98112,47.6336,-122.29,3020,8234
270000.0,3,1.0,1130,7920,1.0,0,0,3,7,0,1961,0,98059,47.4852,-122.125,1390,8580
435000.0,3,2.5,2530,13446,2.0,0,0,3,9,0,1993,0,98019,47.7345,-121.961,2450,13446
314000.0,3,1.75,1350,217852,1.0,0,0,3,8,250,1953,0,98022,47.2628,-122.03,2190,217800
539000.0,5,1.0,1700,11727,1.5,0,0,4,7,0,1954,0,98033,47.686,-122.172,1740,8212
539000.0,7,2.25,2620,6890,2.0,0,0,4,7,0,1961,0,98007,47.6123,-122.134,2070,7910
582500.0,2,1.5,1159,4800,1.0,0,0,3,7,0,1948,0,98199,47.6592,-122.399,1640,4800
285000.0,4,2.5,2360,7350,1.0,0,0,4,7,920,1965,0,98001,47.3417,-122.277,1450,7305
355000.0,2,1.75,1760,4600,1.0,0,0,4,7,910,1926,0,98126,47.5654,-122.372,1150,4800
363500.0,4,2.5,2680,7700,2.0,0,0,4,8,0,1990,0,98031,47.4094,-122.17,2400,7700
557500.0,3,1.75,1900,11165,1.0,0,0,4,7,0,1959,0,98008,47.5789,-122.118,2030,11165
825750.0,4,3.5,2950,3737,2.0,0,0,3,10,680,2012,0,98027,47.5313,-122.074,2580,3581
761000.0,3,3.5,2050,2020,2.0,0,0,3,8,530,2006,0,98112,47.6235,-122.306,1230,3640
658100.0,4,2.5,2430,8509,2.0,0,0,3,9,0,1992,0,98029,47.5714,-121.991,2760,8509
625000.0,3,2.5,2260,5500,1.5,0,0,3,7,980,1910,0,98117,47.681,-122.388,1790,5355
415000.0,4,2.5,2230,5743,2.0,0,0,3,7,0,2002,0,98019,47.7245,-121.957,2490,6300
549000.0,3,2.25,1920,10961,2.0,0,0,3,8,0,1981,0,98074,47.6432,-122.057,2000,10706
260000.0,3,2.5,1520,6298,2.0,0,0,3,7,0,1986,0,98030,47.3687,-122.182,1670,7207
266500.0,3,2.25,1740,5460,1.0,0,0,3,7,530,1998,0,98038,47.3648,-122.046,1740,7500
180000.0,2,1.0,960,87991,1.5,0,0,3,5,0,1946,0,98014,47.63,-121.9,1940,392040
847700.0,5,3.25,4230,10260,2.0,0,0,3,10,370,1996,0,98027,47.5503,-122.081,2980,10997
460000.0,2,1.0,890,2100,1.0,0,0,4,6,130,1919,0,98107,47.656,-122.359,1600,4250
663000.0,3,2.0,1480,3876,1.0,0,0,5,7,620,1928,0,98117,47.6808,-122.382,1660,3774
565000.0,4,2.5,2520,13156,1.0,0,0,3,8,1000,1979,0,98052,47.6558,-122.135,2050,10940
199500.0,3,1.75,1690,8901,1.0,0,0,3,7,0,1986,0,98030,47.3546,-122.176,1690,7532
439995.0,3,1.75,1570,8400,1.0,0,0,4,7,0,1959,0,98133,47.76,-122.34,1860,8639
968000.0,4,1.75,2630,9645,1.0,0,0,4,9,0,1963,0,98040,47.5459,-122.228,2690,10439
937500.0,4,2.5,3130,21100,1.0,0,4,3,9,600,1956,0,98177,47.7598,-122.372,3680,23000
500000.0,4,2.5,3630,7482,2.0,0,0,3,10,0,2008,0,98188,47.4565,-122.287,1600,15716
320000.0,3,3.25,1450,1387,2.0,0,0,3,8,270,2013,0,98106,47.5556,-122.362,1450,1198
192000.0,2,1.75,1340,7380,1.0,0,0,3,6,0,1940,0,98055,47.4785,-122.229,1980,9600
275000.0,3,1.25,1230,4500,1.5,0,0,4,7,0,1913,0,98118,47.5301,-122.271,1310,5000
319000.0,4,2.25,2390,7350,2.0,0,0,3,8,0,1990,0,98023,47.2938,-122.348,2390,7350
838000.0,4,2.5,3310,42998,2.0,0,0,3,9,0,2001,0,98052,47.7232,-122.131,3350,42847
447000.0,3,2.5,1740,3043,2.0,0,0,3,7,0,2012,0,98011,47.744,-122.181,1920,2869
980000.0,4,2.5,2730,4800,1.5,0,0,5,8,500,1909,0,98119,47.642,-122.358,2190,4200
247500.0,4,1.75,2290,7765,1.0,0,0,3,6,0,1936,1953,98146,47.4997,-122.353,1240,8215
379000.0,2,1.0,800,6380,1.0,0,2,3,7,0,1940,0,98115,47.691,-122.309,920,5940
520000.0,3,1.5,1580,8841,1.5,0,0,5,7,400,1923,0,98103,47.6931,-122.352,1580,7512
910000.0,4,3.5,3570,27699,2.0,0,0,3,11,0,1990,0,98052,47.7173,-122.098,3800,35880
276000.0,3,2.0,1370,8137,1.0,0,0,4,7,0,1988,0,98003,47.2802,-122.303,1660,8840
702000.0,4,2.5,2650,6240,2.0,0,0,3,8,0,2013,0,98053,47.6885,-122.021,2640,6524
510000.0,4,2.5,2010,9075,1.0,0,0,4,8,700,1959,0,98006,47.553,-122.182,1850,9220
707500.0,4,4.0,1550,6596,1.5,0,0,5,7,0,1907,0,98107,47.6711,-122.398,1830,4850
650000.0,3,2.5,2180,37042,2.0,0,0,3,9,0,1998,0,98077,47.722,-122.026,2880,32688
539900.0,3,2.5,2500,4203,2.0,0,0,3,8,0,2001,0,98065,47.5346,-121.875,2460,4798
402000.0,4,2.25,1790,7311,2.0,0,0,3,7,0,1992,0,98056,47.5055,-122.189,1400,7203
519995.0,4,3.0,2590,6160,2.0,0,0,3,8,0,2014,0,98059,47.4784,-122.122,2670,5600
745000.0,3,2.75,3010,12432,1.0,0,0,4,8,1120,1970,0,98052,47.6392,-122.108,2500,12432
355000.0,2,1.0,1240,27042,1.0,0,1,3,6,240,1943,0,98070,47.5026,-122.465,2140,20059
275000.0,1,0.75,1170,14149,1.0,0,0,5,7,290,1962,0,98022,47.2653,-121.91,1130,24513
2795000.0,5,3.25,4590,12793,2.0,0,2,5,11,1000,1928,0,98199,47.6453,-122.41,2920,8609
1165000.0,3,2.5,2670,5000,2.0,0,3,5,9,670,1942,1995,98144,47.5855,-122.292,2320,5000
370000.0,3,1.5,1320,7201,1.0,0,0,3,7,0,1971,0,98034,47.7126,-122.211,1380,7201
680000.0,1,2.5,1820,3008,2.0,0,0,3,7,730,1910,2004,98103,47.6529,-122.339,1860,3420
550000.0,4,2.75,3080,6731,2.0,0,3,3,9,0,2003,0,98058,47.4522,-122.118,3080,6731
324000.0,3,2.5,1750,7208,2.0,0,0,3,8,0,1994,0,98055,47.4315,-122.192,2050,7524
353000.0,3,1.0,1350,7740,1.0,0,0,4,6,490,1947,0,98125,47.7098,-122.291,1130,7740
780000.0,3,1.75,1690,13500,1.0,0,0,4,7,0,1978,0,98040,47.5897,-122.233,1950,10500
315000.0,3,2.0,1900,9513,1.0,0,0,3,8,0,1995,0,98023,47.2843,-122.357,1790,8028
440000.0,3,1.75,2350,7641,1.0,0,0,3,7,840,1978,0,98034,47.7307,-122.219,2190,7500
152500.0,3,1.0,1090,3523,1.0,0,0,4,6,0,1969,0,98092,47.3161,-122.182,1030,3200
530000.0,5,2.0,3020,6000,1.5,0,0,5,7,1160,1925,0,98126,47.5207,-122.378,1380,6000
450000.0,3,1.5,1340,7200,1.0,0,0,3,7,0,1972,0,98034,47.718,-122.193,1730,8820
370000.0,3,2.75,1750,9166,1.0,0,0,4,7,580,1979,0,98155,47.7696,-122.325,1810,8760
865950.0,5,3.5,4890,12039,2.0,0,0,3,9,1300,2014,0,98011,47.7338,-122.208,4590,10079
401000.0,3,1.0,1120,8321,1.0,0,0,4,6,0,1941,1987,98027,47.5631,-122.091,1980,8671
750000.0,5,3.5,2160,2323,3.0,0,0,3,9,0,2007,0,98107,47.6726,-122.39,1750,4650
725000.0,3,2.5,2090,9847,2.0,0,2,3,9,0,1983,0,98006,47.5651,-122.114,2860,11483
299950.0,3,1.0,1030,9916,1.0,0,0,4,7,0,1972,0,98034,47.7218,-122.176,1470,9044
475000.0,2,2.0,1540,54450,2.0,0,0,3,7,0,1983,0,98053,47.638,-121.953,2280,29918
412000.0,3,2.5,2210,7000,2.0,0,0,4,8,0,1985,0,98058,47.4377,-122.132,2260,7224
455000.0,2,1.0,910,5759,1.0,0,0,3,6,0,1951,0,98125,47.7153,-122.284,1520,7518
370000.0,4,2.5,2650,5706,2.0,0,0,3,9,0,2005,0,98042,47.3515,-122.164,2760,5749
245000.0,3,2.5,1610,7223,2.0,0,0,3,7,0,1994,0,98030,47.3661,-122.173,1610,7162
450000.0,3,1.0,1210,4000,1.5,0,0,3,7,120,1928,0,98144,47.5934,-122.308,1210,4000
580379.0,4,2.75,2240,27820,1.5,0,0,4,8,0,1976,0,98075,47.5936,-122.054,2330,20000
672800.0,4,2.5,2740,10533,2.0,0,0,3,9,0,1997,0,98074,47.6095,-122.006,2760,8603
269000.0,2,1.0,770,8612,1.0,0,0,3,6,0,1953,0,98155,47.7547,-122.323,1290,8407
1278000.0,4,4.0,4390,17832,1.0,0,0,4,11,1960,1994,0,98059,47.5283,-122.143,3090,12369
510000.0,3,1.75,1750,7020,2.0,0,0,3,7,0,1934,1978,98010,47.3264,-122.038,1170,9546
623000.0,3,1.75,2050,16313,1.0,0,0,2,8,0,1973,0,98040,47.5743,-122.212,3180,10264
615000.0,3,1.75,1920,4000,1.0,0,0,3,7,850,1950,0,98102,47.6392,-122.318,2280,4000
275053.0,2,1.0,1060,6504,1.0,0,0,3,6,0,1950,0,98155,47.7412,-122.327,1100,7200
227500.0,3,1.0,1540,9450,1.0,0,0,4,7,0,1960,0,98198,47.3612,-122.315,1210,9450
1174660.0,6,3.5,4310,7760,2.0,0,0,3,10,1050,2013,0,98059,47.5297,-122.155,4620,10217
641500.0,1,1.0,1000,9084,1.0,1,3,3,7,0,1950,0,98146,47.5007,-122.382,1090,6536
688000.0,3,3.0,3450,16200,2.0,0,0,3,10,0,1983,0,98074,47.6319,-122.041,3130,12150
320000.0,4,1.75,1710,10480,1.5,0,0,4,6,0,1969,0,98059,47.4743,-122.143,1750,10480
244000.0,2,1.0,1180,10200,1.0,0,0,4,7,0,1955,0,98148,47.4358,-122.336,1330,10200
511000.0,3,1.0,1430,3455,1.0,0,0,3,7,450,1947,0,98103,47.6873,-122.336,1450,4599
254000.0,3,2.5,1850,4597,2.0,0,0,3,8,0,2003,0,98042,47.3755,-122.136,2210,5000
625000.0,4,2.75,2920,6605,2.0,0,0,3,8,0,2012,0,98059,47.4909,-122.144,3030,6605
445000.0,3,1.5,860,3200,1.0,0,0,3,6,0,1929,0,98117,47.6791,-122.362,1220,4300
735000.0,4,2.0,1640,6000,1.5,0,0,4,9,0,1911,0,98119,47.6505,-122.375,1900,6000
450000.0,3,2.0,1150,4500,1.5,0,0,3,7,0,1917,1991,98103,47.6985,-122.348,1230,5400
245700.0,3,2.25,1640,8400,1.0,0,0,3,8,460,1968,0,98032,47.3733,-122.289,1600,8120
709050.0,4,3.5,2720,9000,2.0,0,0,3,8,50,1997,0,98125,47.7034,-122.297,1960,7772
215500.0,2,1.75,1220,15600,1.0,0,0,3,6,0,1972,0,98001,47.2853,-122.265,1510,17818
235000.0,2,1.0,880,5600,1.0,0,0,5,7,0,1955,0,98178,47.5071,-122.265,1240,7015
265000.0,2,1.75,1090,3272,1.0,0,0,5,8,0,1970,0,98198,47.3794,-122.32,1160,5475
500000.0,4,2.0,2100,12620,1.0,0,0,4,7,0,1972,0,98034,47.7239,-122.173,1720,7840
499100.0,3,1.5,1620,5108,1.0,0,0,3,7,0,1954,0,98115,47.6978,-122.316,1380,6130
252500.0,3,2.0,1900,8002,1.0,0,0,3,7,0,1991,0,98023,47.2909,-122.352,1900,6086
335000.0,3,1.75,2010,9417,1.0,0,0,4,8,510,1967,0,98030,47.373,-122.185,1200,8250
680000.0,3,2.5,2570,3600,2.5,0,0,3,9,0,2007,0,98027,47.5412,-121.994,2570,3600
820000.0,3,3.0,3850,38830,2.0,0,1,3,10,0,2000,0,98006,47.5535,-122.191,2970,14050
501000.0,3,1.0,1160,4360,1.0,0,0,4,8,0,1929,0,98105,47.6718,-122.291,1810,4360
387000.0,3,1.5,1340,6500,1.0,0,0,3,7,0,1972,0,98034,47.7168,-122.192,1620,7107
405000.0,3,2.5,2260,5500,1.5,0,0,3,7,980,1910,0,98117,47.681,-122.388,1790,5355
778000.0,3,3.0,2630,10156,1.0,0,0,4,9,0,1987,0,98006,47.5481,-122.156,2660,10455
289500.0,3,1.0,960,6400,1.0,0,0,4,6,140,1944,0,98178,47.496,-122.239,1200,6600
150550.0,4,1.0,1470,6061,1.5,0,0,3,7,0,1945,0,98168,47.4819,-122.289,1230,6175
525000.0,3,3.5,2876,5086,2.0,0,0,3,8,516,2007,0,98072,47.7511,-122.173,2390,4419
178500.0,3,1.0,900,10511,1.0,0,0,4,6,0,1961,0,98001,47.2883,-122.272,1460,10643
329950.0,4,2.5,2120,4558,2.0,0,0,3,7,0,2002,0,98038,47.3795,-122.022,2370,5506
513000.0,3,2.5,2150,161607,2.0,0,0,3,7,820,1995,0,98038,47.4178,-121.937,2400,207781
272000.0,3,2.5,1528,7616,2.0,0,0,3,7,0,2011,0,98030,47.3774,-122.186,1850,7340
515000.0,4,1.5,1740,8160,1.5,0,0,4,7,340,1946,0,98177,47.7243,-122.363,1600,8160
635000.0,4,2.5,2500,4000,2.0,0,0,3,8,0,2014,0,98144,47.5902,-122.311,1480,4300
305000.0,3,2.5,1320,2480,2.0,0,0,3,7,0,2005,0,98118,47.536,-122.284,1320,3240
450000.0,3,1.75,1560,8968,1.0,0,0,4,8,0,1972,0,98008,47.6243,-122.1,1990,8034
370000.0,2,1.0,750,2020,1.0,0,0,3,7,0,1908,1995,98122,47.6175,-122.301,1630,2383
285000.0,4,2.5,1800,9229,2.0,0,0,3,7,0,1994,0,98022,47.1927,-122.015,1970,9231
450000.0,4,2.0,1570,7320,1.0,0,0,4,7,0,1960,0,98007,47.5967,-122.14,1530,8800
530000.0,4,2.5,3010,9000,2.0,0,0,3,8,0,2008,0,98059,47.4987,-122.147,3250,5531
852500.0,3,2.5,2630,10100,1.0,0,0,4,9,1050,1967,0,98006,47.5638,-122.153,2400,9700
569000.0,4,1.75,1230,7890,1.0,0,1,4,7,140,1950,0,98004,47.5808,-122.189,2380,13176
519000.0,3,1.75,1560,26099,1.0,0,3,4,8,0,1973,0,98070,47.5023,-122.467,1760,19687
246500.0,3,1.5,1170,11530,1.0,0,0,3,7,0,1960,0,98198,47.4211,-122.29,1550,8605
624800.0,3,2.0,2250,14274,1.0,0,0,4,8,750,1964,0,98040,47.5762,-122.217,2820,13813
560000.0,4,2.5,1790,9787,1.0,0,2,4,8,550,1983,0,98056,47.5344,-122.189,1790,9787
450000.0,3,1.75,1540,9154,1.0,0,0,3,8,0,1983,0,98074,47.6207,-122.042,1990,10273
345000.0,3,2.25,2120,15003,2.0,0,0,3,7,0,1984,0,98059,47.4745,-122.12,2070,15203
530000.0,2,2.25,1260,1312,3.0,0,0,3,8,0,2007,0,98103,47.6538,-122.356,1300,1312
380000.0,2,1.0,780,3910,1.0,0,0,3,6,0,1918,0,98126,47.566,-122.38,1500,5060
560000.0,3,3.25,1530,1786,2.0,0,0,3,8,330,2007,0,98117,47.6783,-122.366,1390,2900
610000.0,3,1.0,1800,5750,1.0,0,0,3,7,760,1947,0,98117,47.686,-122.395,1320,5625
200000.0,2,1.0,1250,8520,1.0,0,0,3,6,0,1928,0,98126,47.5158,-122.378,1040,8520
320000.0,3,2.0,1420,1716,2.0,0,0,3,7,370,2003,0,98155,47.7364,-122.295,1420,8150
153000.0,2,1.0,1140,10152,1.0,0,0,3,6,380,1942,0,98155,47.7369,-122.321,1340,10141
500007.0,2,1.75,1820,6050,1.0,0,0,3,7,910,1950,0,98115,47.6928,-122.323,1730,6050
876650.0,3,3.25,2170,12508,1.5,0,0,5,9,520,1928,1970,98040,47.5665,-122.229,2720,21070
855000.0,4,2.25,2190,4080,2.0,0,0,3,8,390,1918,0,98119,47.6425,-122.358,2100,4080
690000.0,4,2.0,1760,7800,1.0,0,0,3,8,0,1954,0,98117,47.6945,-122.38,1950,7800
185000.0,4,1.0,1400,8684,1.5,0,0,3,7,0,1957,0,98146,47.4887,-122.344,1520,8712
1688000.0,4,2.5,3000,7500,2.0,0,0,3,9,0,1937,1994,98105,47.6571,-122.277,2580,5000
483500.0,3,2.0,1200,2016,1.0,0,1,4,7,600,1931,0,98116,47.5811,-122.404,1730,4520
390000.0,4,3.0,2860,5724,1.0,0,0,3,7,1130,1983,0,98108,47.5427,-122.302,2340,7200
413000.0,4,3.5,2380,5809,2.0,0,0,4,7,630,1995,0,98106,47.5536,-122.359,1620,5775
310000.0,2,1.0,1400,4500,1.0,0,0,3,7,500,1922,0,98055,47.4866,-122.219,1400,5500
467000.0,2,1.5,1320,10800,1.0,0,0,4,8,0,1947,0,98177,47.7145,-122.367,2120,12040
329780.0,3,2.5,1730,3600,2.0,0,0,3,8,0,2014,0,98146,47.5014,-122.34,2030,3600
933000.0,3,1.5,1870,3300,2.0,0,2,3,7,0,1906,0,98102,47.6221,-122.325,1820,2460
659000.0,2,1.75,1180,904,2.0,0,0,3,10,400,2014,0,98102,47.6396,-122.329,1380,3610
379900.0,3,2.0,3110,44967,2.0,0,0,3,9,90,1999,0,98058,47.4343,-122.082,2150,44967
825000.0,3,2.25,2980,86636,1.0,0,0,3,9,750,1989,0,98053,47.6627,-122.003,2980,107157
900000.0,4,2.5,2660,3672,2.0,0,0,5,8,860,1910,0,98105,47.6609,-122.324,1510,3825
390500.0,3,2.25,1530,1279,2.0,0,0,3,7,414,2007,0,98177,47.7035,-122.357,1320,1427
1200000.0,4,2.5,2390,4200,2.0,0,0,3,9,240,1924,0,98102,47.6272,-122.318,2800,5250
580000.0,3,2.25,1940,5980,1.0,0,0,3,7,420,1987,0,98027,47.5476,-122.075,1910,6309
345000.0,5,3.0,2080,6150,1.0,0,0,3,7,1040,1950,0,98116,47.5707,-122.394,1420,6150
1285000.0,5,3.5,2980,5100,2.0,0,0,3,10,610,2015,0,98115,47.6782,-122.299,1780,5100
2135000.0,4,3.25,3860,17820,1.0,0,4,4,10,1230,1975,0,98004,47.6224,-122.215,4590,23760
605000.0,3,2.5,2570,9487,2.0,0,3,3,9,0,1989,0,98011,47.7408,-122.216,2490,9898
1476000.0,3,2.25,4470,22518,2.0,0,2,3,9,1230,1953,2004,98006,47.574,-122.18,2930,21837
649000.0,3,3.25,1720,936,2.0,0,0,3,8,690,2004,0,98112,47.6201,-122.309,1720,1527
300000.0,2,1.0,750,5120,1.0,0,0,4,6,0,1941,0,98126,47.5312,-122.375,930,7200
223000.0,3,2.0,1110,7231,1.0,0,0,4,7,0,1991,0,98031,47.4036,-122.191,1550,7245
354000.0,3,1.0,940,10368,1.0,0,0,3,7,0,1965,0,98052,47.6608,-122.133,2090,9620
342400.0,3,2.25,1180,9630,2.0,0,0,3,7,0,1986,0,98028,47.7352,-122.232,2660,5979
481000.0,2,2.25,1290,1137,3.0,0,0,3,8,0,2007,0,98107,47.6718,-122.382,1290,1332
370000.0,2,2.0,2100,58488,2.0,0,0,3,9,0,2005,0,98014,47.72,-121.402,1440,59346
175000.0,3,1.0,1250,9775,1.0,0,0,3,7,0,1971,0,98045,47.4474,-121.771,1390,9650
403500.0,5,2.5,3600,17300,1.0,0,0,4,8,1190,1968,0,98166,47.4468,-122.341,2620,30200
347000.0,3,1.75,1240,8050,1.0,0,0,4,7,0,1978,0,98074,47.6108,-122.044,1370,9856
900000.0,3,3.5,4080,217697,1.5,0,3,3,10,0,2000,0,98092,47.2604,-122.139,2710,217790
628000.0,5,2.75,2830,11795,1.0,0,0,4,7,1120,1960,0,98008,47.5828,-122.118,2460,10880
875000.0,3,2.5,2520,3750,2.0,0,1,4,9,0,1995,0,98116,47.5671,-122.404,2250,6200
1049990.0,5,3.25,4240,9588,2.0,0,0,3,9,0,2014,0,98053,47.6901,-122.018,4080,8425
482000.0,4,2.25,2240,8322,2.0,0,0,3,8,0,1979,0,98034,47.728,-122.206,2240,6448
425000.0,2,1.0,1160,5038,1.0,0,0,5,7,420,1942,0,98126,47.5304,-122.38,1160,5076
525000.0,4,2.0,1540,3740,1.0,0,0,4,7,770,1946,0,98117,47.6886,-122.375,1090,5080
285000.0,3,1.5,1400,7582,1.0,0,0,3,7,0,1956,0,98148,47.4536,-122.33,1280,7872
675000.0,4,2.75,2670,6780,2.0,0,3,5,8,1040,1908,0,98118,47.5131,-122.256,2400,5989
700000.0,4,2.5,2440,7491,2.0,0,0,4,10,0,1988,0,98029,47.561,-122.019,2490,8580
464000.0,2,2.75,730,5000,1.0,0,0,3,7,0,1929,0,98126,47.5381,-122.374,980,5000
490000.0,2,1.0,1420,4305,1.0,0,0,4,7,500,1941,0,98115,47.6864,-122.311,1420,4305
1646000.0,6,3.5,4010,16200,1.0,0,0,3,8,1920,1955,1990,98004,47.6322,-122.216,3560,16200
526000.0,4,2.0,1610,8000,1.0,0,0,3,7,420,1966,0,98008,47.6301,-122.118,1560,7896
515000.0,3,2.25,1640,8400,1.0,0,0,4,8,0,1962,0,98006,47.5484,-122.172,2110,8400
840500.0,4,2.25,2290,12174,1.0,1,4,3,7,800,1948,0,98178,47.5114,-122.245,2290,9379
422500.0,2,1.0,910,4800,1.0,0,0,4,7,0,1923,0,98126,47.5536,-122.377,1450,5000
299000.0,3,2.5,2210,10119,1.0,0,0,4,7,760,1966,0,98030,47.3783,-122.22,2110,10119
279900.0,3,1.0,1280,12928,1.5,0,0,3,6,0,1942,0,98023,47.3215,-122.399,1610,19467
255000.0,4,2.25,1680,3179,2.0,0,0,3,8,0,2002,0,98092,47.3258,-122.186,1678,3590
235000.0,3,1.75,1380,8362,1.0,0,0,3,7,0,1967,0,98003,47.3121,-122.323,1380,8800
544300.0,4,1.75,1560,9000,1.0,0,0,5,7,0,1969,0,98052,47.6707,-122.149,1510,8848
780000.0,3,4.0,2080,2250,3.0,0,4,3,8,0,1997,0,98103,47.6598,-122.355,2080,2250
557000.0,2,1.5,1450,3840,1.0,0,0,3,7,500,1947,0,98117,47.684,-122.381,1450,3840
292000.0,3,2.5,1600,3580,2.0,0,0,3,7,0,2000,0,98178,47.4939,-122.261,2020,4327
300000.0,3,2.0,1550,8300,1.0,0,0,4,8,0,1965,0,98055,47.4654,-122.195,1860,8000
386000.0,4,2.25,2810,8560,1.0,0,0,3,8,1200,1979,0,98058,47.4437,-122.124,2400,7600
978000.0,3,1.5,2390,4000,1.5,0,0,3,9,700,1936,0,98105,47.6604,-122.28,2350,4000
620000.0,2,1.75,1680,8187,1.0,0,0,4,8,0,1983,0,98027,47.5603,-122.081,2390,7801
429900.0,3,2.0,1490,1286,3.0,0,0,3,8,0,2014,0,98144,47.57,-122.288,1420,1230
267000.0,3,1.0,1400,8100,1.5,0,0,3,6,0,1944,0,98125,47.7124,-122.289,1420,8100
700000.0,3,2.25,2330,11424,2.0,0,0,4,8,0,1984,0,98052,47.6386,-122.11,2050,11448
1326000.0,3,2.25,2960,8330,1.0,0,3,4,10,700,1953,0,98177,47.7035,-122.385,2960,8840
1650000.0,3,2.25,2750,6203,1.0,1,4,5,7,1130,1959,0,98074,47.6163,-122.068,2570,7009
294000.0,3,2.25,1700,9600,2.0,0,0,3,7,0,1984,0,98042,47.39,-122.158,1930,9600
288000.0,3,2.5,1520,3593,2.0,0,0,3,7,0,2004,0,98038,47.3842,-122.042,1610,3612
234500.0,3,1.75,1310,18400,1.0,0,0,3,7,440,1954,0,98168,47.5035,-122.302,1840,10790
163800.0,2,2.5,1000,1092,2.0,0,0,3,7,10,2004,0,98118,47.5419,-122.271,1330,1466
440000.0,4,2.5,2990,7928,2.0,0,0,3,9,0,2011,0,98010,47.3139,-122.024,2810,7401
435000.0,3,2.5,1840,5680,2.0,0,0,3,7,0,2008,0,98053,47.6969,-122.026,1600,4697
728000.0,4,3.5,3490,87497,2.0,0,0,3,9,0,2001,0,98038,47.4028,-122.002,2400,55657
278500.0,3,1.75,1390,8980,1.0,0,0,4,8,0,1985,0,98022,47.2015,-122.005,1770,9085
460000.0,3,1.0,1130,7000,1.0,0,0,3,6,300,1944,0,98125,47.7132,-122.283,1050,7000
325000.0,3,2.5,1870,3480,2.0,0,0,3,7,0,2002,0,98056,47.4831,-122.183,2160,3480
272000.0,4,1.75,1390,10660,1.0,0,0,4,7,360,1960,0,98198,47.4128,-122.323,1800,11960
356000.0,2,2.25,1230,989,3.0,0,0,3,8,0,2007,0,98103,47.6975,-122.348,1230,1223
480000.0,2,1.5,1008,26487,1.0,1,4,4,6,0,1943,2002,98070,47.3853,-122.479,1132,24079
402000.0,2,1.0,1210,5600,1.5,0,0,3,7,0,1922,0,98136,47.5322,-122.392,1400,5028
1340000.0,3,3.0,2960,5500,2.0,0,2,3,10,520,1937,1990,98199,47.6356,-122.402,2960,5876
574950.0,5,3.25,3160,10000,2.0,0,0,4,8,0,1980,0,98027,47.52,-122.047,2130,10000
349000.0,4,2.5,1830,4694,2.0,0,0,3,7,0,2003,0,98038,47.3573,-122.016,1830,5175
760000.0,3,2.5,2050,15020,1.0,0,2,3,9,450,1960,0,98177,47.759,-122.371,2930,15050
705000.0,6,2.75,2830,10579,1.0,0,0,4,8,1400,1967,0,98005,47.636,-122.171,2060,10745
299950.0,3,2.25,1370,5000,2.0,0,0,3,7,0,1990,0,98019,47.7372,-121.981,1600,7724
1153000.0,3,3.25,3780,10623,1.0,0,1,3,11,1130,1999,0,98006,47.5506,-122.101,3850,11170
416000.0,3,1.5,1110,9762,1.0,0,0,4,7,0,1963,0,98052,47.676,-122.15,1900,9720
432500.0,3,2.5,2240,6396,2.0,0,0,3,7,0,2002,0,98065,47.5356,-121.881,2610,5128
383000.0,4,1.75,2580,19607,1.0,0,2,4,8,1290,1958,0,98056,47.5067,-122.197,1970,9569
540000.0,3,2.5,2180,11100,1.0,0,0,3,8,950,1983,0,98052,47.717,-122.101,1930,12000
292000.0,5,2.5,2490,7666,1.0,0,0,4,7,1000,1989,0,98031,47.4022,-122.171,1930,7415
490000.0,4,2.5,2360,4367,2.0,0,0,3,8,0,2003,0,98011,47.7731,-122.167,2360,4868
1050000.0,4,4.5,3180,4606,2.0,0,3,4,9,1190,1929,0,98199,47.6402,-122.405,2110,5323
452000.0,5,1.75,1830,47916,1.5,0,0,3,6,0,1948,0,98045,47.4881,-121.777,2010,13135
680000.0,4,3.5,2510,3763,2.0,0,0,3,8,520,2013,0,98052,47.7002,-122.103,2560,3820
299990.0,2,1.0,1570,125452,1.0,0,3,4,7,0,1953,0,98022,47.2077,-122.016,1660,46119
480000.0,3,2.5,1250,1103,3.0,0,2,3,8,0,2005,0,98103,47.6619,-122.352,1250,1188
639000.0,4,2.5,2210,9875,2.0,0,0,3,9,0,1990,0,98074,47.6285,-122.025,2440,8799
313500.0,5,3.0,2240,94960,1.0,0,0,3,6,0,1985,0,98045,47.481,-121.788,1780,43400
546800.0,4,2.25,2170,10000,1.0,0,0,3,8,750,1975,0,98008,47.6219,-122.109,2390,11000
478000.0,3,1.75,2790,36585,1.0,0,0,4,8,1380,1970,0,98027,47.4734,-121.999,1900,45302
950000.0,7,3.5,3470,16264,2.0,0,0,4,9,0,1980,0,98007,47.6203,-122.149,3040,13500
501000.0,4,2.25,2680,5439,2.0,0,0,3,7,0,2000,0,98011,47.7534,-122.218,2460,4473
3075000.0,4,5.0,4550,18641,1.0,1,4,3,10,1950,2002,0,98074,47.6053,-122.077,4550,19508
510000.0,4,2.0,2210,5572,1.5,0,3,3,7,450,1911,0,98126,47.5727,-122.376,1760,4713
273500.0,3,1.5,2000,15265,1.0,0,0,3,8,460,1967,0,98032,47.387,-122.281,1920,15265
374900.0,3,2.5,2480,4950,2.0,0,0,3,7,0,2004,0,98058,47.4389,-122.116,2230,5298
302000.0,4,1.75,2020,7865,1.0,0,0,4,7,1010,1963,0,98059,47.5008,-122.162,1650,7865
584000.0,3,2.5,1790,3962,2.0,0,0,3,8,0,1992,0,98117,47.6894,-122.391,1340,3960
471000.0,4,2.25,3410,57063,2.0,0,0,4,8,1000,1978,0,98059,47.505,-122.11,2870,145490
526500.0,3,2.5,1860,43170,2.0,0,0,3,8,0,1986,0,98072,47.7712,-122.136,2270,40835
1060000.0,4,5.25,4140,14757,2.0,0,2,3,11,0,2005,0,98075,47.5871,-121.969,4440,15523
1698000.0,4,3.0,3600,9687,2.0,0,0,4,9,0,1959,1995,98004,47.6257,-122.208,2620,10400
774000.0,4,2.75,2830,10240,2.0,0,0,4,9,0,1998,0,98075,47.5903,-121.986,3490,10240
925000.0,5,3.0,2710,4200,2.0,0,0,3,7,820,1919,2014,98115,47.6754,-122.307,2150,4200
625000.0,4,2.5,2601,34335,2.0,0,0,3,9,0,1995,0,98072,47.742,-122.087,2080,32336
465000.0,3,1.5,1460,9879,1.0,0,0,3,7,0,1956,0,98008,47.6346,-122.127,1610,10050
274000.0,2,2.0,1700,7992,1.0,0,0,4,7,750,1980,0,98023,47.3031,-122.385,1700,8030
665000.0,4,2.25,2650,8149,1.0,0,0,4,8,1040,1975,0,98006,47.5624,-122.176,2290,8019
205000.0,3,1.0,1120,8342,1.0,0,0,4,7,0,1976,0,98042,47.3732,-122.116,1190,6660
250000.0,4,2.25,1730,8400,1.0,0,0,3,7,0,1962,0,98001,47.3386,-122.288,1550,7920
830000.0,4,3.25,3080,4287,2.0,0,0,3,10,850,2012,0,98027,47.5313,-122.076,2250,2520
1480000.0,4,2.25,3920,7200,2.0,0,0,3,10,800,1928,0,98144,47.5731,-122.284,3400,7200
270000.0,3,2.0,1560,8853,1.0,0,0,3,7,0,1967,0,98058,47.4312,-122.171,1610,8750
367500.0,2,2.0,1030,600,2.0,0,0,3,8,350,2004,0,98116,47.5788,-122.41,1120,1267
315000.0,3,1.75,1340,12800,1.0,0,0,3,7,460,1981,0,98058,47.4437,-122.137,1500,7875
240000.0,3,1.75,1240,10956,1.0,0,0,3,6,0,1987,0,98042,47.3705,-122.15,1240,8137
1236300.0,5,3.5,3180,4628,2.0,0,0,3,10,760,2001,0,98199,47.6423,-122.394,2060,4640
325900.0,3,2.5,2040,9765,2.0,0,0,3,8,0,1985,0,98023,47.309,-122.349,2350,10150
350000.0,4,2.5,2530,10155,2.0,0,0,3,8,0,1998,0,98042,47.351,-122.146,2330,7205
319000.0,3,2.5,2110,7434,2.0,0,0,4,7,0,1978,0,98031,47.3935,-122.169,2100,7749
810000.0,4,3.5,3470,7396,2.0,0,3,3,8,950,1979,0,98125,47.7146,-122.279,2360,10541
504500.0,3,2.5,1820,1545,3.0,0,2,3,8,180,1998,0,98103,47.6523,-122.346,1440,1290
405000.0,5,1.75,1880,10000,1.0,0,0,3,7,920,1963,0,98034,47.7182,-122.201,1580,10000
770000.0,3,3.25,3310,5000,2.0,0,0,3,9,0,2006,0,98029,47.5558,-122.001,2670,4907
370000.0,4,2.5,3090,18645,2.0,0,0,3,9,0,1995,0,98023,47.2902,-122.342,3610,20114
535000.0,4,1.0,1920,6480,1.5,0,0,3,7,0,1920,0,98117,47.6897,-122.374,1600,6470
653000.0,3,2.5,2290,3475,2.0,0,0,3,9,0,2006,0,98029,47.5551,-122.001,2340,3626
890000.0,4,1.0,2550,4000,2.0,0,0,3,8,180,1905,0,98109,47.6354,-122.353,2200,4000
305500.0,4,2.5,1850,7199,2.0,0,0,4,7,0,1989,0,98031,47.4031,-122.172,1940,7432
225000.0,2,1.0,1030,9192,1.0,0,0,4,6,0,1959,0,98058,47.4565,-122.181,1030,9190
2384000.0,5,2.5,3650,9050,2.0,0,4,5,10,280,1921,0,98119,47.6345,-122.367,2880,5400
695000.0,4,3.5,3510,9084,2.0,0,0,3,10,0,2001,0,98065,47.5402,-121.875,3690,9568
260000.0,3,1.0,1150,3090,1.0,0,0,3,6,0,1910,0,98118,47.5506,-122.276,1150,5664
330000.0,3,1.0,1180,43124,1.0,0,0,4,6,0,1959,0,98027,47.5278,-122.063,1410,43560
400000.0,4,2.5,2530,7563,1.0,0,0,3,7,1090,1978,0,98011,47.7762,-122.21,1960,7811
382500.0,4,1.75,1560,8700,1.0,0,0,4,7,0,1967,0,98034,47.7274,-122.181,2080,8000
253905.0,3,1.0,940,8400,1.0,0,0,5,7,0,1958,0,98056,47.5112,-122.167,950,8400
783200.0,4,2.0,1590,5400,1.0,0,2,3,7,600,1900,0,98119,47.637,-122.367,2190,4800
390000.0,4,2.5,2490,8290,2.0,0,0,3,9,0,1999,0,98092,47.3305,-122.171,2690,7008
524000.0,2,2.0,1450,2272,1.0,0,0,4,6,700,1924,0,98112,47.633,-122.282,2170,4370
325000.0,2,1.0,1070,8750,1.0,0,0,3,7,0,1951,0,98055,47.4734,-122.198,1300,9670
290000.0,3,2.5,2080,4828,2.0,0,0,3,8,0,2002,0,98042,47.3737,-122.132,2190,4620
1020000.0,4,3.5,3770,8501,2.0,0,0,3,10,0,2008,0,98033,47.6744,-122.196,1520,9660
439000.0,3,1.75,1250,7030,1.0,0,0,3,7,0,1965,0,98008,47.6285,-122.118,1460,7210
255000.0,3,2.0,1310,8454,1.0,0,0,3,7,0,1994,0,98042,47.3697,-122.075,1310,8454
406000.0,3,1.75,1390,7904,1.0,0,0,3,7,0,1985,0,98056,47.4892,-122.181,1910,7904
888000.0,3,1.5,1250,8710,1.0,0,0,4,7,0,1953,0,98004,47.6245,-122.198,1750,9185
500000.0,4,4.5,2690,7350,1.5,0,0,5,7,0,1949,0,98125,47.7062,-122.311,1660,9000
1365000.0,5,3.5,4210,17258,2.0,0,3,3,12,0,1995,0,98006,47.553,-122.114,4630,17909
626000.0,3,2.0,2150,7200,1.0,0,0,3,8,0,1988,0,98029,47.5709,-122.018,2510,7222
435000.0,3,2.25,1230,1238,2.0,0,0,3,8,150,2009,0,98199,47.6519,-122.384,1230,953
340000.0,3,1.75,1740,46580,1.0,0,0,4,7,0,1980,0,98010,47.3583,-121.927,1576,54685
845000.0,4,2.75,4070,115434,2.0,0,0,3,9,0,2002,0,98045,47.4843,-121.752,2970,95832
317500.0,4,2.5,2233,6025,2.0,0,0,3,7,0,2012,0,98001,47.2599,-122.256,1544,6036
417500.0,2,1.0,1330,5510,1.0,0,0,3,6,480,1910,0,98117,47.6901,-122.362,1200,4150
767500.0,4,2.0,2350,4815,1.5,0,0,4,7,900,1914,0,98103,47.6681,-122.338,1640,4013
270000.0,3,2.5,1660,5550,2.0,0,0,3,7,0,2002,0,98198,47.375,-122.304,1810,5550
495000.0,3,2.5,1750,1548,3.0,0,0,3,9,0,2013,0,98118,47.5532,-122.282,1750,3960
339950.0,5,2.5,2990,7292,2.0,0,0,4,8,0,1990,0,98042,47.3604,-122.091,2150,8190
322000.0,3,1.75,1510,8400,1.0,0,0,2,7,530,1979,0,98045,47.4476,-121.771,1500,10125
249000.0,3,1.5,1580,7200,1.0,0,0,4,7,500,1976,0,98092,47.2761,-122.152,1580,7470
277500.0,3,2.5,1690,5171,2.0,0,0,3,8,0,2003,0,98023,47.2779,-122.347,2550,5025
375000.0,4,2.5,2800,5000,2.0,0,0,3,9,0,2006,0,98038,47.3596,-122.036,2960,5092
885000.0,3,2.0,2590,3750,1.5,0,0,5,7,800,1904,0,98109,47.635,-122.353,2440,4000
274000.0,3,1.5,1450,4694,2.0,0,0,3,7,0,2011,0,98038,47.3654,-122.021,1870,4198
125000.0,2,1.0,810,8382,1.0,0,0,4,5,0,1942,0,98146,47.5033,-122.358,1040,8382
265000.0,3,1.5,1560,10489,1.0,0,0,5,7,0,1961,0,98022,47.2048,-121.999,1400,10489
899000.0,4,2.5,2580,3943,2.0,0,0,3,8,0,2013,0,98033,47.6853,-122.21,1700,5772
357000.0,5,2.5,2990,9240,2.0,0,0,3,8,0,2015,0,98133,47.7384,-122.348,1970,18110
412500.0,3,1.5,1490,8475,1.0,0,0,4,7,0,1963,0,98052,47.6571,-122.133,1490,8540
275000.0,3,2.25,1450,4040,2.0,0,0,3,7,0,2010,0,98038,47.3665,-122.022,1610,4040
359800.0,5,2.5,2170,2752,2.0,0,0,3,8,0,2014,0,98106,47.5167,-122.347,1800,2752
675000.0,5,2.5,3200,6455,2.0,0,0,3,9,0,2009,0,98065,47.5446,-121.862,3290,7924
720500.0,4,2.5,3350,35298,2.0,0,0,4,9,0,1985,0,98053,47.6506,-122.036,2620,35604
395000.0,3,1.75,1480,7700,1.0,0,0,3,8,0,1975,0,98034,47.7225,-122.202,1930,8560
1824100.0,3,2.25,3330,20053,2.0,0,0,3,9,0,1968,1998,98004,47.6395,-122.214,2870,20053
962000.0,4,2.25,3320,20100,1.0,0,0,4,8,1510,1981,0,98006,47.5566,-122.153,2450,9821
710000.0,4,2.5,2880,12349,2.0,0,0,3,10,0,1996,0,98075,47.5879,-121.973,3490,11539
672500.0,4,2.5,3470,6651,2.0,0,0,3,9,0,2005,0,98065,47.5426,-121.879,2730,6179
452000.0,4,2.5,2190,6896,2.0,0,0,3,7,0,2007,0,98065,47.5191,-121.869,2190,5900
278500.0,4,1.0,1540,8400,1.0,0,0,3,7,770,1971,0,98058,47.4278,-122.152,1520,9891
417500.0,5,3.0,2270,6664,1.0,0,0,3,7,930,1995,0,98125,47.7191,-122.315,1870,6187
1250000.0,4,2.25,1830,7200,2.0,0,2,3,8,80,1923,0,98112,47.6315,-122.282,3100,7200
225000.0,4,2.5,1700,6031,2.0,0,0,3,8,0,1994,0,98030,47.3582,-122.191,1930,6035
415000.0,3,2.5,1280,5040,2.0,0,0,4,7,0,1985,0,98118,47.5611,-122.276,1500,5040
1280000.0,4,3.5,3010,3600,2.0,0,0,3,9,640,1999,0,98112,47.6341,-122.284,2650,4200
334998.0,2,1.0,1800,5182,1.0,0,0,3,6,900,1942,0,98108,47.5508,-122.3,1570,5876
314000.0,2,1.0,720,4920,1.0,0,0,3,6,0,1941,0,98126,47.5352,-122.371,670,4920
870000.0,4,1.75,2780,11000,1.0,0,0,3,9,1220,1964,0,98004,47.595,-122.203,2350,11700
1350000.0,3,2.5,2753,65005,1.0,1,2,5,9,588,1953,0,98070,47.4041,-122.451,2680,72513
649950.0,3,2.5,2420,7500,1.0,0,2,4,8,1210,1944,0,98117,47.6949,-122.389,2340,7500
1150000.0,4,3.0,4160,13170,2.0,0,0,3,11,1120,2001,0,98059,47.5182,-122.149,3780,13148
619000.0,3,2.5,2560,43608,2.0,0,0,3,9,0,2002,0,98077,47.7614,-122.026,3000,54088
931000.0,3,2.5,2460,6600,1.5,0,0,4,8,900,1929,0,98109,47.6364,-122.351,2090,3400
363000.0,2,1.0,820,4880,1.0,0,0,4,6,0,1925,0,98136,47.5483,-122.394,1320,4880
200000.0,3,1.5,2060,15837,1.5,0,0,3,6,0,1903,0,98055,47.4819,-122.223,2190,8549
520000.0,2,2.25,1530,981,3.0,0,0,3,8,50,2006,0,98103,47.6533,-122.346,1530,1282
287000.0,2,1.5,720,4346,1.0,0,0,4,6,0,1942,0,98106,47.5225,-122.351,790,4346
988830.0,5,3.25,4115,7910,2.0,0,0,3,9,0,2014,0,98053,47.6847,-122.016,3950,6765
552000.0,3,2.5,1840,9900,1.0,0,0,3,9,0,1978,0,98007,47.6131,-122.151,2730,9900
360000.0,1,2.25,2060,10600,1.5,0,0,3,7,500,1927,1983,98003,47.3291,-122.304,2060,11880
374000.0,3,2.5,1850,17808,1.0,0,0,4,8,640,1982,0,98032,47.3631,-122.271,2260,16754
678000.0,3,2.25,2730,10675,2.0,0,0,3,9,0,1990,0,98074,47.6289,-122.042,2770,10570
805000.0,2,1.75,1550,6000,1.0,0,1,3,7,0,1920,0,98199,47.6712,-122.409,2360,6000
325000.0,2,1.0,790,6000,1.0,0,0,3,7,0,1948,0,98118,47.5543,-122.273,960,6000
491500.0,3,2.25,1470,4322,2.0,0,0,3,7,0,1985,0,98029,47.5672,-122.018,1610,4322
364950.0,4,2.5,1930,6957,2.0,0,0,3,8,0,1995,0,98055,47.4309,-122.191,2090,6996
760250.0,5,2.75,2540,8250,1.0,0,0,4,7,1100,1953,0,98040,47.5875,-122.24,2540,11000
359950.0,3,1.0,1290,189486,1.0,0,0,4,7,0,1960,0,98092,47.3356,-122.157,2370,98881
725000.0,4,1.75,1980,5850,1.0,0,1,4,8,600,1960,0,98116,47.5607,-122.391,1810,5850
790000.0,4,2.5,2650,5000,2.0,0,0,3,8,0,2007,0,98116,47.5605,-122.396,1110,6250
236000.0,3,1.75,1300,8976,1.0,0,0,3,7,0,1967,0,98003,47.3357,-122.305,1430,9750
521900.0,3,2.5,2100,12338,2.0,0,0,3,9,0,1997,0,98072,47.7412,-122.168,2320,6257
249500.0,2,1.0,900,4500,1.0,0,0,3,6,0,1951,0,98055,47.4881,-122.204,860,4500
520000.0,4,2.75,2020,7357,1.0,0,0,3,7,670,1986,0,98034,47.7145,-122.225,1690,7804
550000.0,4,2.75,3650,4534,2.0,0,0,3,7,710,2014,0,98028,47.7397,-122.224,2400,7682
758000.0,4,2.75,2410,9549,1.0,0,0,4,7,630,1956,0,98033,47.6503,-122.197,2090,9549
751000.0,3,2.5,3090,13316,2.0,0,0,3,10,0,1992,0,98075,47.588,-122.079,2980,14437
605000.0,3,2.25,2010,10760,2.0,0,0,3,8,0,1985,0,98052,47.7276,-122.103,2240,9357
474000.0,3,1.0,1140,4560,1.0,0,0,4,6,370,1944,0,98117,47.6889,-122.362,1340,3980
215000.0,2,1.0,1480,5325,1.0,0,0,4,7,360,1925,0,98022,47.2079,-121.993,1670,5800
544900.0,3,2.5,1990,4936,2.0,0,0,3,8,0,2004,0,98075,47.5911,-122.018,2250,4815
813000.0,3,1.75,2080,11866,1.0,0,0,3,8,0,1960,0,98005,47.5872,-122.173,2240,10696
459000.0,4,3.0,1900,9077,2.0,0,0,3,7,0,1954,2015,98155,47.7684,-122.304,1900,12868
568000.0,3,1.75,1760,235224,1.0,0,0,3,7,0,1973,0,98053,47.6735,-122.041,2320,87120
885000.0,4,2.5,2620,9157,2.0,0,0,3,8,0,1996,0,98033,47.6916,-122.203,2240,7405
258950.0,3,1.75,1440,8050,1.0,0,0,3,8,0,1985,0,98023,47.3187,-122.39,1790,7488
494000.0,4,1.75,2090,4300,1.5,0,0,4,7,840,1925,0,98136,47.5555,-122.397,1670,5000
449000.0,5,1.75,1720,14040,1.0,0,0,4,8,570,1956,0,98133,47.7365,-122.339,1750,7800
319000.0,2,1.0,780,8271,1.0,0,0,4,6,0,1924,0,98115,47.7,-122.3,2220,8271
790000.0,4,3.5,3190,31450,2.0,0,0,3,9,0,2010,0,98027,47.501,-121.902,3000,72745
379000.0,4,1.75,2180,7876,1.0,0,0,4,7,890,1977,0,98056,47.5157,-122.191,1960,7225
526000.0,3,2.5,1626,1583,2.5,0,0,3,8,207,2007,0,98122,47.6031,-122.309,1400,1583
575000.0,3,2.0,2690,435600,2.0,0,0,3,8,0,1992,0,98070,47.3477,-122.519,1700,163350
297262.0,3,2.5,1730,8076,2.0,0,0,3,8,0,1994,0,98003,47.2619,-122.308,1780,6930
483500.0,3,2.5,1670,4308,2.0,0,0,3,8,0,2001,0,98027,47.5307,-122.047,1670,2897
429900.0,4,2.5,2640,8625,2.0,0,0,3,8,0,1987,0,98058,47.4598,-122.15,2240,8700
259950.0,2,2.0,1070,649,2.0,0,0,3,9,350,2008,0,98106,47.5213,-122.357,1070,928
390000.0,3,1.75,1180,16552,1.0,0,0,4,7,0,1967,0,98072,47.7426,-122.116,2780,45302
2250000.0,4,3.5,4440,8125,2.0,0,3,5,10,1300,1922,0,98144,47.5744,-122.283,3990,8505
1125000.0,4,3.5,3170,4000,2.0,0,0,3,10,830,1999,0,98112,47.6265,-122.298,1770,4000
339500.0,4,2.5,1930,7862,2.0,0,0,3,7,0,1994,0,98038,47.3644,-122.04,1640,9145
152000.0,2,1.0,700,13500,1.0,0,0,3,4,0,1920,0,98031,47.3882,-122.208,1600,10124
505000.0,3,1.0,1100,5400,1.5,0,0,3,7,0,1908,0,98199,47.6604,-122.396,1770,4400
545000.0,4,2.25,1890,7210,1.0,0,0,3,8,0,1967,0,98008,47.6342,-122.117,1920,7210
1150000.0,4,3.25,4400,262666,2.0,0,0,3,11,0,1988,0,98075,47.5927,-122.064,3240,9791
374500.0,4,2.5,3135,5811,2.0,0,0,3,9,0,2005,0,98092,47.3263,-122.18,3008,5799
3000000.0,5,3.75,4590,11265,2.0,0,0,4,11,1140,1927,0,98112,47.6389,-122.288,3870,8996
579000.0,3,2.5,2300,18540,1.0,0,0,3,8,500,1961,0,98177,47.7767,-122.369,2460,18540
465000.0,2,1.5,1450,27075,1.0,0,0,3,7,0,1940,0,98133,47.7281,-122.353,1890,10599
215000.0,2,2.25,1610,2040,2.0,0,0,4,7,0,1979,0,98056,47.518,-122.194,1950,2025
280000.0,3,1.0,1200,6250,1.0,0,0,3,6,280,1943,0,98168,47.5095,-122.331,1280,9375
800000.0,4,3.75,3370,6766,2.0,0,0,3,9,0,2005,0,98052,47.7063,-122.106,3530,6766
660000.0,3,2.25,2675,40910,2.0,0,0,3,8,0,1984,0,98075,47.5916,-122.055,2300,39438
175000.0,2,1.0,830,2699,1.0,0,0,3,7,0,1996,0,98038,47.3839,-122.038,1030,3574
250000.0,3,2.0,1170,7258,1.0,0,0,3,7,0,1984,0,98001,47.3333,-122.266,1410,7750
470000.0,4,2.5,1850,11250,1.5,0,0,3,7,640,1981,0,98074,47.6264,-122.062,1650,7623
812000.0,4,2.0,2380,6122,1.0,0,2,4,8,1070,1949,0,98199,47.6506,-122.405,1810,5202
427000.0,2,1.0,920,3780,1.0,0,0,3,6,0,1910,0,98103,47.6576,-122.348,1570,2640
645000.0,3,1.75,2270,11472,1.0,0,0,4,7,900,1956,0,98177,47.7057,-122.374,2270,8340
235000.0,4,1.5,1690,11054,1.0,0,0,4,5,0,1930,0,98055,47.4667,-122.215,1690,9040
342500.0,5,2.25,2100,10726,1.0,0,0,4,7,1050,1963,0,98059,47.4922,-122.134,2100,10726
1399950.0,4,2.75,3870,10046,2.0,0,0,3,11,0,2005,0,98033,47.6651,-122.191,3560,10046
375000.0,3,1.5,2000,7294,1.0,0,0,3,7,480,1965,0,98118,47.5297,-122.267,2000,6000
269000.0,3,1.75,1530,7930,1.0,0,0,5,7,0,1986,0,98038,47.3609,-122.05,1610,7930
311750.0,4,2.25,2270,12000,1.0,0,0,4,7,980,1976,0,98023,47.3287,-122.353,2030,23980
465000.0,4,2.5,3060,6000,2.0,0,0,3,9,0,2012,0,98038,47.3689,-122.058,3040,6000
390000.0,4,2.25,2680,35218,2.0,0,0,3,8,0,1986,0,98027,47.4613,-121.997,2980,35218
665000.0,4,2.25,2340,5300,1.0,0,0,5,8,640,1963,0,98008,47.6202,-122.112,1890,8250
525000.0,4,1.75,2280,5959,1.0,0,0,3,7,1030,1947,0,98116,47.5655,-122.395,1640,5911
675000.0,3,1.75,1660,9549,1.0,0,0,3,7,0,1956,0,98033,47.6503,-122.198,2090,9549
530000.0,3,1.5,1950,1963,3.0,0,0,3,8,0,2002,0,98117,47.6904,-122.397,1590,2028
417000.0,2,1.0,920,6600,1.0,0,0,3,6,0,1919,2003,98118,47.5452,-122.27,1510,5944
130000.0,2,1.0,880,9000,1.0,0,0,3,5,0,1928,0,98188,47.4672,-122.291,1410,10000
530000.0,3,1.75,1250,6041,1.5,0,0,5,7,0,1942,0,98115,47.69,-122.304,1180,6042
475000.0,3,1.75,1330,14560,1.0,0,0,3,7,0,1983,0,98052,47.6599,-122.135,1510,9890
275000.0,3,2.25,1820,9766,1.0,0,0,4,7,370,1987,0,98031,47.397,-122.203,1860,8236
925000.0,4,3.75,4420,9492,2.0,0,1,3,9,1000,1962,2005,98125,47.7211,-122.283,2880,9900
775000.0,4,2.5,3890,34513,2.0,0,0,3,10,0,1996,0,98077,47.7749,-122.048,3600,28435
750000.0,4,2.75,3430,13907,2.0,0,0,3,11,0,1995,0,98075,47.5879,-121.993,3250,13851
550000.0,3,2.0,1490,3880,1.0,0,0,3,7,0,1959,0,98107,47.662,-122.363,1490,3880
455000.0,4,2.5,2811,7251,2.0,0,0,3,9,0,2009,0,98038,47.3686,-122.058,3040,7250
725000.0,4,1.75,2000,3750,1.0,0,0,5,8,880,1950,0,98117,47.6816,-122.374,1370,5000
645000.0,4,2.5,3160,11380,2.0,0,0,3,9,0,1983,0,98074,47.6318,-122.039,2970,10385
259950.0,2,1.0,770,6542,1.0,0,0,3,6,0,1948,0,98155,47.747,-122.301,1120,8149
169000.0,3,1.5,1470,18459,2.0,0,0,4,6,0,1916,0,98023,47.3302,-122.36,1750,16074
502000.0,4,2.25,2140,10943,1.0,0,0,3,7,590,1977,0,98034,47.7271,-122.215,2350,9000
555000.0,4,2.0,1680,2600,1.0,0,0,5,7,840,1915,0,98107,47.6648,-122.363,1680,3340
716500.0,5,2.75,3630,38461,2.0,0,0,3,11,0,2000,0,98058,47.4289,-122.094,4440,50378
430000.0,3,2.25,1550,1469,3.0,0,0,3,8,0,2004,0,98103,47.6911,-122.341,1520,1465
860000.0,3,1.75,2600,15064,1.0,0,0,4,8,900,1967,0,98004,47.64,-122.204,2940,14984
1250000.0,4,3.75,3830,41263,2.0,0,0,4,11,0,1990,0,98077,47.7237,-122.042,5600,56568
455000.0,3,2.5,2090,8653,2.0,0,0,3,8,0,1989,0,98011,47.7498,-122.184,2090,6396
614000.0,4,2.25,2880,9996,1.0,0,0,4,8,960,1981,0,98072,47.7584,-122.143,2410,10584
423000.0,3,1.0,1830,13900,1.0,0,0,3,7,0,1951,0,98133,47.7654,-122.352,1840,10667
170000.0,2,1.0,1300,11400,1.0,0,0,3,7,0,1961,0,98003,47.3459,-122.299,1360,9750
336000.0,3,2.5,2110,4549,2.0,0,0,4,8,0,1989,0,98042,47.3885,-122.154,2110,4030
800000.0,3,2.5,2100,4440,2.0,0,4,3,7,0,1945,0,98116,47.5865,-122.397,2100,6000
489500.0,4,3.5,2730,5707,2.0,0,0,3,8,730,2011,0,98019,47.7327,-121.965,2430,5899
390000.0,2,1.0,860,5160,1.0,0,0,4,7,0,1909,0,98117,47.6823,-122.388,1090,5356
419000.0,3,1.5,1500,8272,1.0,0,0,4,7,0,1958,0,98177,47.7741,-122.38,1630,8270
270000.0,3,1.5,1540,13475,1.0,0,0,4,7,0,1972,0,98059,47.4766,-122.153,1550,13475
613000.0,2,2.0,1170,1890,1.5,0,1,4,8,0,1927,0,98119,47.6402,-122.371,2160,4000
329000.0,3,1.0,900,9600,1.0,0,0,4,7,0,1970,0,98072,47.7423,-122.173,1220,8240
416000.0,2,1.0,940,4264,1.0,0,0,5,7,0,1949,0,98126,47.5314,-122.378,1630,4472
294000.0,5,2.75,1790,5000,1.5,0,0,4,7,730,1915,0,98106,47.5655,-122.363,1400,5000
558000.0,3,2.25,2220,15757,1.0,0,0,3,8,940,1982,0,98074,47.6212,-122.043,2020,14098
700000.0,3,1.0,1570,4000,2.0,0,0,5,8,0,1908,0,98103,47.6575,-122.346,1640,4000
525000.0,5,1.0,1280,3876,1.5,0,0,3,7,0,1923,0,98105,47.6605,-122.324,1420,3825
462000.0,3,1.75,1300,2580,1.0,0,0,5,7,480,1919,0,98115,47.674,-122.319,1180,2820
222000.0,3,1.0,990,8840,1.0,0,0,3,6,0,1966,0,98023,47.3074,-122.371,1120,8625
353950.0,5,2.25,3260,7969,2.0,0,0,4,8,0,1982,0,98023,47.314,-122.344,2070,7962
249950.0,3,1.75,1320,10454,1.0,0,0,4,7,0,1968,0,98002,47.2844,-122.216,1680,10183
402000.0,3,2.5,1960,8000,1.0,0,0,4,7,670,1977,0,98034,47.7249,-122.178,1960,8000
506000.0,3,2.0,1160,6120,1.0,0,0,3,7,0,1947,0,98115,47.6853,-122.293,1150,5100
360000.0,4,2.5,2160,9528,2.0,0,0,3,9,0,1992,0,98001,47.3341,-122.255,2280,9937
530000.0,4,2.5,2000,4700,1.5,0,0,4,7,780,1944,0,98117,47.6902,-122.368,1560,4700
1260000.0,4,2.5,2880,9003,2.0,0,0,3,10,0,2008,0,98033,47.6844,-122.199,2640,8126
465000.0,4,2.25,3360,10810,2.0,0,0,4,9,0,1988,0,98092,47.3316,-122.203,2590,10810
358000.0,3,1.5,2450,12497,1.0,0,0,4,7,0,1967,0,98065,47.5317,-121.834,1560,11700
1980000.0,4,3.5,4500,44384,1.0,0,0,3,12,1160,1990,0,98004,47.6323,-122.192,2540,26287
245000.0,3,3.0,1990,9600,1.0,0,0,3,7,550,1988,0,98003,47.3499,-122.296,1670,9600
1035000.0,4,3.25,3450,11240,2.0,0,3,4,10,1020,1960,2001,98166,47.4556,-122.372,2412,19499
383000.0,3,1.0,1150,10196,1.0,0,0,4,7,0,1957,0,98052,47.6788,-122.162,1410,8925
362865.0,4,2.5,2245,4301,2.0,0,0,3,8,0,2014,0,98038,47.3555,-122.063,2530,4478
368000.0,2,2.0,930,1662,1.0,0,0,3,7,260,2002,0,98199,47.6518,-122.4,1780,2343
915000.0,3,2.25,2390,2750,2.0,0,0,5,8,810,1925,0,98109,47.6339,-122.354,2200,5160
710000.0,4,2.75,2780,6978,2.0,0,0,3,8,0,2001,0,98053,47.6881,-122.04,2760,5460
899000.0,4,2.25,2290,40946,1.0,0,3,4,8,740,1960,0,98008,47.616,-122.103,2790,20076
945000.0,4,2.5,2910,4680,1.5,0,0,5,9,1060,1937,0,98115,47.6745,-122.31,1960,4120
329950.0,2,1.0,1140,5250,1.5,0,0,4,6,0,1949,0,98133,47.731,-122.341,1450,5250
605000.0,4,1.75,3280,35160,1.0,0,0,3,7,1200,1976,0,98053,47.6728,-122.061,2510,31331
215000.0,2,1.0,1320,8865,1.0,0,0,4,6,0,1943,0,98168,47.4949,-122.3,1190,6490
608250.0,4,2.75,3030,21780,2.0,0,0,3,8,0,1986,0,98166,47.4481,-122.338,3020,28027
405000.0,4,2.5,2670,20894,2.0,0,0,3,9,340,2002,0,98155,47.7735,-122.281,2440,15815
830000.0,5,3.5,3700,5400,2.0,0,0,3,9,810,2011,0,98053,47.7085,-122.117,3620,5460
1500000.0,4,3.5,4410,12426,2.0,0,2,3,12,990,1996,0,98006,47.5518,-122.107,4090,12127
455000.0,4,2.5,3360,7685,2.0,0,0,3,9,0,2001,0,98058,47.4369,-122.111,3060,6567
408000.0,3,2.25,2800,35362,2.0,0,0,3,9,0,1985,0,98042,47.3507,-122.089,2800,37058
163250.0,2,1.0,770,8150,1.0,0,0,3,6,0,1951,0,98118,47.5324,-122.275,1140,8550
350000.0,2,1.0,800,5040,1.0,0,0,3,6,0,1960,0,98117,47.6953,-122.362,1020,5040
618000.0,3,2.75,3200,12682,2.0,0,1,3,9,0,1977,0,98028,47.7443,-122.26,2880,10432
675000.0,4,4.0,3680,18804,2.0,0,0,3,10,0,1990,0,98074,47.6193,-122.014,3200,15954
245000.0,3,1.5,1550,9126,1.0,0,0,5,7,0,1957,0,98022,47.2012,-122.0,1450,9282
381000.0,3,2.0,1680,8946,1.0,0,0,3,6,740,1996,0,98053,47.6379,-121.966,1550,11625
1205000.0,5,3.5,3220,8000,2.0,0,0,3,9,320,2008,0,98033,47.6834,-122.2,2100,9680
561000.0,3,2.25,1710,4140,2.0,0,0,3,8,0,2004,0,98029,47.5498,-121.997,1730,3680
782900.0,4,3.25,3060,3898,2.0,0,0,3,10,760,2014,0,98027,47.5311,-122.073,2920,3448
420000.0,4,2.5,2170,10500,1.0,0,0,3,7,600,1962,0,98155,47.7512,-122.295,1850,11127
425000.0,5,1.75,1400,5071,1.0,0,0,3,5,0,1916,0,98014,47.6499,-121.908,1200,7500
430000.0,2,1.75,1840,14874,1.0,0,2,3,8,540,1952,0,98166,47.4382,-122.348,2920,15084
334000.0,3,2.25,1840,9781,2.0,0,0,3,7,0,1989,0,98019,47.7347,-121.976,1490,10101
280000.0,3,2.0,1640,13249,1.0,0,0,3,7,0,1995,0,98032,47.3589,-122.281,1640,9240
330000.0,3,2.0,1400,218252,1.0,0,0,3,7,0,1997,0,98019,47.7576,-121.934,2230,218222
245000.0,2,1.5,1450,6258,1.0,0,0,4,8,0,1983,0,98198,47.3785,-122.322,1460,5375
659950.0,4,2.75,3510,9400,2.0,0,0,3,9,0,2014,0,98059,47.4827,-122.131,3550,9429
1063000.0,5,4.5,4820,13165,2.0,0,0,4,11,870,1990,0,98077,47.7295,-122.057,3880,13810
426500.0,4,2.75,2100,88426,1.0,0,0,3,6,0,1990,0,98038,47.399,-122.011,2150,63162
752875.0,4,2.5,2800,72309,2.0,0,0,3,9,0,1992,0,98072,47.7432,-122.112,2280,36420
570000.0,4,3.0,2710,217800,2.5,0,0,3,9,0,2006,0,98022,47.2411,-121.932,2710,217800
405000.0,3,1.75,2020,8531,1.0,0,0,3,7,0,1965,0,98011,47.7691,-122.199,1950,8449
370037.0,2,1.0,1250,9270,1.0,0,0,4,7,0,1948,0,98133,47.7284,-122.339,1130,6800
523000.0,3,1.75,3000,5413,2.0,0,0,4,8,1100,1963,0,98115,47.6962,-122.312,1550,5413
675000.0,4,3.5,2140,2278,3.0,0,0,3,9,0,2005,0,98107,47.6734,-122.38,1540,2285
625000.0,3,2.5,3220,6409,2.0,0,0,3,9,0,2008,0,98059,47.4815,-122.127,3330,6231
415000.0,2,2.25,1130,2191,2.0,0,0,3,8,0,2010,0,98052,47.6861,-122.103,1140,1710
250000.0,3,2.25,1920,7738,1.0,0,0,3,8,400,1965,0,98148,47.4562,-122.33,2170,8452
670000.0,3,1.75,2160,5760,1.0,0,0,4,8,900,1954,0,98136,47.5346,-122.391,2090,5760
332000.0,4,2.5,2470,7780,2.0,0,0,3,8,0,2002,0,98092,47.3337,-122.191,2100,5972
252000.0,3,1.5,1150,13200,1.0,0,0,3,7,0,1956,0,98166,47.4752,-122.345,1220,13066
666000.0,3,2.25,2780,31510,2.0,0,0,3,8,0,1979,0,98053,47.67,-122.024,2890,36400
520000.0,3,2.25,1850,10855,1.0,0,0,3,8,480,1985,0,98029,47.5696,-122.02,1850,8209
475000.0,2,1.5,1170,1250,3.0,0,0,3,8,0,2000,0,98107,47.6719,-122.38,1310,1308
724000.0,2,1.0,1560,5000,1.5,0,1,4,7,0,1942,0,98117,47.7006,-122.386,2620,5400
1570000.0,5,4.5,6070,14731,2.0,0,0,3,11,0,2004,0,98059,47.5306,-122.134,4750,13404
428000.0,3,2.5,2230,32660,1.0,0,0,4,8,0,1977,0,98042,47.3321,-122.105,2400,33120
285000.0,3,1.5,1480,7117,1.0,0,0,3,7,310,1960,0,98028,47.7766,-122.248,2230,14775
326000.0,6,1.5,1930,8400,1.0,0,0,3,7,900,1971,0,98146,47.4869,-122.34,1780,9520
245000.0,3,2.25,1530,12000,1.0,0,0,3,7,460,1979,0,98023,47.2715,-122.338,2140,13636
650000.0,5,3.5,3480,36615,2.0,0,0,4,8,990,1983,0,98075,47.5741,-122.05,2540,35910
463000.0,4,2.5,2680,9928,1.0,0,0,4,8,1340,1974,0,98027,47.5219,-122.052,2180,10478
860000.0,3,2.0,2090,4190,1.5,0,0,4,8,600,1930,0,98122,47.6178,-122.284,2090,6270
290000.0,3,2.5,1610,2937,2.0,0,0,3,8,0,2006,0,98055,47.4489,-122.188,1610,3049
289000.0,3,2.5,1970,9607,2.0,0,0,3,7,880,1988,0,98001,47.3462,-122.286,2020,9608
1364000.0,4,2.5,3560,8960,2.0,0,0,3,10,0,2001,0,98033,47.6903,-122.213,1660,7680
2050000.0,5,3.0,3830,8480,2.0,0,1,5,9,1200,1905,1994,98122,47.6166,-122.287,3050,7556
575000.0,3,1.75,1720,5956,2.0,0,0,3,8,0,1981,0,98033,47.6875,-122.202,1620,9324
500000.0,4,1.75,2240,9886,1.5,0,0,4,7,0,1965,0,98008,47.6294,-122.116,1540,8040
235000.0,2,1.0,1500,8015,1.0,0,0,3,6,0,1947,0,98146,47.5027,-122.348,1130,8015
624500.0,6,3.0,3030,31920,1.0,0,0,4,8,1360,1980,0,98075,47.575,-122.033,2890,35100
490000.0,4,2.5,2242,37451,2.0,0,0,3,8,0,1995,0,98028,47.7443,-122.228,2242,13125
630000.0,6,3.0,2470,9328,2.0,0,0,3,8,0,1982,0,98007,47.6025,-122.153,2470,9454
2700000.0,4,3.25,4420,7850,2.0,1,4,3,11,1270,2001,0,98008,47.572,-122.102,2760,8525
515000.0,5,2.75,2980,4502,2.0,0,0,3,9,0,2007,0,98028,47.7698,-122.235,2850,4501
400000.0,1,1.0,1390,60984,1.0,0,0,3,6,0,1960,0,98019,47.7652,-121.903,1620,24225
335000.0,2,2.0,1420,5185,1.0,0,0,3,7,0,2004,0,98038,47.3543,-122.022,2140,4890
714000.0,4,2.5,3230,7766,2.0,0,0,3,9,0,2005,0,98052,47.7069,-122.131,3740,8344
705000.0,3,2.0,1460,6250,1.5,0,0,4,7,0,1912,0,98103,47.6693,-122.333,1690,4750
317000.0,3,2.25,1358,1204,3.0,0,0,3,7,0,2007,0,98133,47.7054,-122.346,1358,1196
432000.0,4,3.25,2820,13059,2.0,0,0,4,8,0,1976,0,98058,47.4508,-122.132,2360,8600
507000.0,4,2.0,1360,2746,1.5,0,0,3,7,0,1945,2011,98107,47.6736,-122.39,1960,2746
600000.0,5,3.5,3370,16846,2.0,0,1,3,9,720,1998,0,98027,47.5584,-122.089,3330,13000
993500.0,4,2.25,4070,23321,2.0,0,0,4,10,0,1968,0,98040,47.5563,-122.219,2820,10871
269500.0,3,1.75,1840,7412,1.0,0,0,4,7,600,1976,0,98031,47.3933,-122.188,1980,7350
543000.0,4,2.25,2060,8767,2.0,0,0,3,8,0,1983,0,98052,47.7228,-122.103,1610,8062
358500.0,3,2.5,2000,8057,1.0,0,0,3,8,640,1998,0,98042,47.3724,-122.107,2530,8964
239950.0,2,1.0,1280,5500,1.0,0,0,3,7,0,1949,0,98118,47.5179,-122.264,1270,5500
527500.0,2,1.0,1170,3000,1.5,0,0,3,7,0,1910,0,98103,47.6697,-122.338,1530,4000
469500.0,4,2.5,2090,7241,1.0,0,0,4,7,950,2001,0,98034,47.726,-122.221,1510,7402
580000.0,5,2.75,3550,9600,2.0,0,0,3,7,0,1960,0,98033,47.6766,-122.186,3370,9600
345000.0,3,1.75,1860,7191,1.0,0,0,4,7,600,1975,0,98058,47.4338,-122.168,1850,7490
268300.0,3,1.0,1190,9000,1.0,0,0,3,7,0,1968,0,98028,47.77,-122.264,1960,7200
560000.0,3,1.0,1140,7028,1.0,0,0,3,8,0,1931,0,98115,47.6948,-122.322,1350,6923
260000.0,4,2.5,2050,12500,1.0,0,0,3,7,750,1965,0,98198,47.42,-122.319,1790,7900
490000.0,4,2.5,3630,8387,2.0,0,0,3,10,0,1997,0,98042,47.3623,-122.127,3370,8869
980000.0,4,2.25,3010,9800,2.0,0,0,4,9,0,1973,0,98040,47.5336,-122.223,2510,9800
300000.0,3,2.0,1310,9855,1.0,0,0,3,7,0,1962,0,98034,47.7296,-122.241,1310,8370
223990.0,2,2.25,1061,2884,2.0,0,0,3,7,0,2013,0,98002,47.346,-122.218,1481,2887
255000.0,3,1.75,1590,7810,1.0,0,0,4,7,0,1959,0,98002,47.2932,-122.22,1470,7810
264000.0,3,2.25,1552,3677,2.0,0,0,3,7,0,2012,0,98092,47.3205,-122.178,1677,3677
416100.0,4,1.75,2320,5490,1.0,0,3,3,8,1160,1956,0,98178,47.5091,-122.241,2240,7200
339900.0,4,1.75,2600,18042,1.0,0,0,4,8,580,1969,0,98092,47.2969,-122.189,2200,9408
592500.0,3,2.0,1170,6750,1.0,0,0,5,7,370,1947,0,98115,47.6752,-122.281,1330,6750
850000.0,3,1.75,2450,8603,1.0,0,0,5,8,1110,1940,0,98199,47.6536,-122.414,2280,5779
491500.0,4,1.75,2190,125452,1.0,0,2,3,9,0,1968,0,98092,47.2703,-122.069,3000,125017
545000.0,4,2.5,2755,11612,2.0,0,0,3,8,0,2001,0,98019,47.7394,-121.965,2820,12831
650000.0,5,2.0,2400,3500,1.5,0,0,3,8,500,1911,0,98103,47.6762,-122.356,1520,4000
495000.0,3,2.5,1800,7318,2.0,0,0,3,8,0,1989,0,98029,47.5747,-122.008,1800,5414
565000.0,3,1.75,1540,4800,1.0,0,0,4,6,770,1925,0,98105,47.67,-122.284,1510,4080
1400000.0,4,4.5,3080,10550,2.0,0,3,3,8,1140,1976,2007,98040,47.5806,-122.244,2780,10550
275000.0,2,1.0,680,4190,1.0,0,0,2,5,0,1906,0,98103,47.6901,-122.358,1070,4175
315000.0,3,2.5,2240,6097,2.0,0,0,3,8,0,2002,0,98038,47.3503,-122.042,2240,5574
484950.0,2,1.0,1000,4956,1.0,0,2,4,7,0,1916,0,98107,47.6753,-122.36,1830,4959
454000.0,3,2.5,2530,43733,2.0,0,0,3,8,1000,1991,0,98045,47.46,-121.708,1730,43548
427500.0,4,2.5,2430,3249,2.0,0,0,3,8,0,2010,0,98059,47.5048,-122.155,2650,3844
168000.0,3,1.5,1370,7439,1.0,0,0,4,6,0,1963,0,98055,47.4499,-122.189,2350,3370
700000.0,8,2.5,2280,3000,1.5,0,0,3,7,1070,1911,0,98105,47.6675,-122.316,1610,3000
450000.0,3,2.5,1810,914,3.0,0,0,3,8,430,2008,0,98116,47.5732,-122.387,1810,914
495000.0,4,1.75,2040,3570,1.0,0,0,4,7,1020,1917,0,98144,47.5754,-122.288,1790,4206
925000.0,4,2.5,2190,7350,2.5,0,0,5,8,0,1958,0,98040,47.5786,-122.236,1880,7350
571000.0,3,2.5,2510,5186,2.0,0,0,3,7,0,2001,0,98053,47.6895,-122.041,2530,5186
880000.0,4,2.5,2350,4675,2.0,0,0,3,9,200,1923,0,98112,47.6344,-122.305,2240,3848
380000.0,2,1.0,760,4000,1.5,0,0,3,6,0,1910,0,98108,47.5462,-122.32,1130,4000
380000.0,2,2.0,1120,780,2.0,0,0,3,8,360,2004,0,98116,47.5788,-122.41,1120,1322
422000.0,4,2.5,3200,6691,2.0,0,0,3,7,0,2002,0,98038,47.367,-122.031,2610,6510
505000.0,4,2.0,2730,12000,1.0,0,0,4,8,1320,1998,0,98155,47.7733,-122.271,2730,9039
2575000.0,5,3.0,4780,20440,1.0,0,0,4,10,1120,1975,0,98039,47.6242,-122.239,4660,20440
385000.0,4,2.5,2960,5054,2.0,0,0,3,9,0,2006,0,98038,47.3601,-122.035,2960,5000
337000.0,3,2.5,2235,43560,1.0,0,0,5,7,1245,1975,0,98010,47.3326,-122.046,1460,29621
480000.0,2,1.0,1500,3420,1.0,0,0,3,7,0,1902,0,98103,47.661,-122.338,2050,3420
482500.0,3,2.0,1330,6490,1.0,0,0,4,7,0,1954,0,98125,47.7181,-122.308,1580,7202
250000.0,2,1.0,1030,8786,1.0,0,0,3,6,0,1956,0,98146,47.4814,-122.341,1480,8121
1620000.0,4,3.25,3820,8114,2.0,0,0,3,10,0,2005,0,98004,47.5837,-122.194,2440,9195
507000.0,3,1.0,1180,6000,1.0,0,0,3,7,0,1950,0,98115,47.6853,-122.286,1680,6000
2950000.0,5,4.75,6240,47480,1.0,0,3,3,11,1630,2003,0,98040,47.5317,-122.233,4170,17668
446500.0,3,2.5,2650,7286,2.0,0,0,3,8,0,1990,0,98059,47.5084,-122.154,2400,7220
374950.0,4,2.5,1980,12062,2.0,0,0,3,8,0,1992,0,98031,47.4038,-122.167,2300,7902
515000.0,4,2.5,3200,6473,2.0,0,0,3,7,0,2005,0,98059,47.5012,-122.15,2480,6140
870000.0,4,2.5,3520,6773,2.5,0,0,3,9,870,2006,0,98136,47.5317,-122.391,2930,6458
252000.0,3,1.5,1400,6865,1.0,0,0,4,7,0,1986,0,98038,47.3639,-122.048,1480,8125
805000.0,3,1.75,1080,3200,1.0,0,0,4,7,200,1926,0,98103,47.6503,-122.338,1780,5200
438000.0,5,1.0,1950,6250,1.5,0,0,4,7,500,1917,0,98136,47.5511,-122.386,1950,6250
798750.0,2,2.25,2160,2578,3.0,0,0,3,8,0,2005,0,98103,47.6607,-122.354,1800,2142
376000.0,3,2.0,1540,1827,2.0,0,0,3,8,0,2005,0,98029,47.5479,-121.999,1560,2058
213500.0,3,1.0,1220,6000,1.0,0,0,4,7,0,1968,0,98002,47.3245,-122.209,1420,6000
657500.0,3,1.75,980,6002,1.0,0,0,4,6,0,1942,0,98033,47.6643,-122.203,1150,6054
414000.0,4,2.5,2120,6497,2.0,0,0,3,7,0,2003,0,98019,47.7241,-121.957,2230,6300
480000.0,2,1.75,1170,4635,1.0,0,0,4,6,480,1924,0,98117,47.6842,-122.359,1240,4120
325088.0,4,1.0,1400,6739,1.0,0,0,3,7,400,1954,0,98108,47.5402,-122.298,1500,6380
360000.0,4,1.75,2010,12188,1.0,0,0,4,7,860,1960,0,98059,47.5013,-122.147,1720,8475
270000.0,4,2.25,1900,8600,1.0,0,0,4,8,0,1975,0,98023,47.3102,-122.381,2120,8000
210000.0,3,2.0,1830,4992,1.0,0,0,3,7,600,1953,0,98118,47.5145,-122.27,2050,7740
375000.0,5,1.5,2050,9360,1.0,0,0,3,7,530,1968,0,98055,47.436,-122.195,1840,9383
572000.0,2,2.0,1870,5143,1.0,0,0,3,8,0,2005,0,98053,47.7142,-122.033,1810,5143
230000.0,3,1.0,1530,389126,1.5,0,0,4,7,0,1919,0,98022,47.1776,-122.011,1768,42148
210000.0,2,1.0,900,5000,1.0,0,0,5,6,0,1930,1990,98022,47.2008,-121.995,1150,5000
1388000.0,3,1.25,2400,6653,3.0,0,2,3,11,0,1992,0,98122,47.6019,-122.29,1910,6653
349950.0,2,3.25,1570,2031,2.0,0,0,3,8,260,2006,0,98126,47.548,-122.375,1570,2039
840000.0,4,2.5,2480,4602,2.0,0,0,3,9,0,2000,0,98052,47.6835,-122.161,3480,5739
790100.0,4,2.5,2590,9341,2.0,0,0,3,8,0,1985,0,98052,47.6496,-122.114,2280,9510
280000.0,2,1.0,960,4920,1.0,0,0,3,6,0,1942,0,98117,47.6946,-122.362,1010,5040
236500.0,4,1.0,2140,4217,1.5,0,0,3,6,820,1925,0,98118,47.5484,-122.287,1720,5413
246000.0,3,1.5,1630,10200,1.0,0,0,4,8,330,1976,0,98023,47.3155,-122.364,1960,6700
250000.0,4,2.0,1960,7560,1.0,0,0,5,7,800,1978,0,98031,47.4081,-122.178,1950,7560
315000.0,3,1.75,1010,12000,1.0,0,0,4,7,0,1977,0,98011,47.77,-122.207,1080,10619
356000.0,3,1.5,1140,7500,1.0,0,0,3,7,0,1976,0,98074,47.619,-122.064,1380,7500
550000.0,4,2.5,2700,5150,2.0,0,0,3,9,0,2007,0,98059,47.5071,-122.148,3160,7620
500000.0,4,2.5,1940,7607,2.0,0,0,3,8,0,1995,0,98052,47.685,-122.158,2250,7600
221000.0,3,1.0,980,7606,1.0,0,0,3,7,0,1954,0,98188,47.4356,-122.29,980,8125
260000.0,3,2.5,1920,7415,2.0,0,0,3,7,0,1989,0,98031,47.4022,-122.171,1930,7536
565000.0,3,2.25,1540,1005,3.0,0,0,3,8,0,2008,0,98103,47.6828,-122.346,1510,1501
424500.0,3,1.75,1460,7700,1.0,0,0,3,7,0,1979,0,98052,47.6981,-122.127,1720,7280
493000.0,4,2.0,1910,2874,1.0,0,0,3,7,850,1910,0,98122,47.6101,-122.295,1520,2874
466000.0,4,2.0,2240,4508,1.0,0,2,4,8,900,1926,0,98178,47.5096,-122.25,1930,5250
450000.0,3,2.25,1420,13468,1.0,0,0,3,7,460,1976,0,98033,47.6693,-122.176,1480,10980
253000.0,3,2.0,1490,7651,1.0,0,0,3,7,0,1988,0,98003,47.3211,-122.325,1590,7795
205000.0,3,1.0,1210,10185,1.0,0,0,3,6,0,1957,0,98146,47.4873,-122.345,1320,10245
400000.0,3,2.0,3000,17800,1.0,0,0,3,8,1500,1962,0,98125,47.7058,-122.315,2400,8300
430000.0,3,2.0,1540,6000,1.0,0,0,4,6,0,1953,0,98155,47.7372,-122.307,1490,8213
1150000.0,3,2.75,3230,75889,2.0,1,4,3,7,0,1925,1993,98023,47.3344,-122.37,2560,72229
305000.0,3,1.75,1460,7862,1.0,0,0,3,7,0,1965,0,98155,47.7755,-122.299,2200,9293
163500.0,3,1.0,940,7200,1.0,0,0,4,7,0,1954,0,98002,47.2979,-122.223,1090,7800
759000.0,4,1.75,2100,4750,1.0,0,0,3,7,760,1975,0,98103,47.6695,-122.333,1700,4125
342000.0,3,2.0,1930,11947,1.0,0,0,4,8,0,1966,0,98042,47.3672,-122.151,2200,12825
314963.0,2,1.0,890,6350,1.0,0,0,3,6,0,1943,0,98103,47.6975,-122.357,1490,6350
1325000.0,3,3.0,3180,2758,2.0,0,2,3,11,940,2008,0,98109,47.6377,-122.342,2420,2758
258000.0,3,1.75,1040,5650,1.0,0,0,5,6,0,1951,0,98178,47.5111,-122.256,1290,5650
469500.0,4,2.75,1930,13041,1.0,0,0,4,8,750,1980,0,98072,47.7502,-122.085,1880,10234
525000.0,3,1.0,1450,4000,1.0,0,1,4,8,500,1948,0,98118,47.5554,-122.266,1880,4000
450000.0,3,2.25,1610,8296,2.0,0,0,3,8,0,1978,0,98115,47.7,-122.297,1610,8288
649000.0,4,2.0,2240,11040,1.0,0,0,5,8,1120,1961,0,98033,47.693,-122.168,1790,11040
660000.0,3,1.75,1980,3300,1.5,0,0,4,7,840,1926,0,98115,47.6733,-122.298,1590,5000
540000.0,3,2.5,2860,8935,2.0,0,0,3,8,0,2004,0,98065,47.5336,-121.855,2650,6167
390000.0,3,3.0,1490,2944,2.0,0,0,3,7,530,1993,0,98199,47.6506,-122.384,1590,1600
464500.0,3,1.75,1150,10466,1.0,0,0,5,7,0,1959,0,98006,47.5531,-122.177,1350,10384
156000.0,2,1.0,600,4000,1.0,0,0,3,5,0,1933,0,98146,47.5065,-122.339,1290,6973
475000.0,5,2.75,3080,6600,2.0,0,0,3,9,0,2002,0,98058,47.4501,-122.122,3080,6600
307700.0,5,2.25,1980,13132,1.0,0,0,4,7,720,1962,0,98198,47.3984,-122.301,1880,11325
595000.0,4,2.5,2330,7064,1.0,0,0,4,8,550,1984,0,98052,47.6955,-122.097,1740,8075
360000.0,3,1.25,2350,6200,1.0,0,0,4,7,1030,1966,0,98007,47.5979,-122.135,2140,9543
320000.0,3,1.0,1230,7492,1.0,0,0,3,7,0,1955,0,98155,47.7633,-122.315,1710,7238
355000.0,3,2.5,1590,4242,2.0,0,0,3,7,0,2000,0,98065,47.5309,-121.876,1590,3702
270000.0,3,2.5,1780,5015,2.0,0,0,3,7,0,2010,0,98042,47.3352,-122.052,2010,5250
560000.0,2,1.0,1010,9219,1.0,0,0,4,7,0,1960,0,98033,47.6886,-122.202,1610,9219
410000.0,4,2.25,2200,8292,2.0,0,0,3,7,0,1990,0,98155,47.7456,-122.315,1090,8290
485000.0,3,2.5,1580,6065,2.0,0,0,3,8,0,1985,0,98029,47.5692,-122.021,1770,6700
355000.0,4,2.5,1890,7867,2.0,0,0,3,8,0,1996,0,98038,47.3788,-122.031,2250,7867
619000.0,3,2.0,1990,3000,1.5,0,2,5,8,560,1927,0,98144,47.5891,-122.293,1780,5000
452000.0,3,2.0,2270,148975,1.0,0,0,4,6,1000,1900,1980,98056,47.5092,-122.195,2210,17388
850000.0,3,1.0,2280,4600,1.0,0,2,3,8,1030,1936,0,98119,47.6378,-122.372,1910,4000
175000.0,2,1.0,670,2378,1.0,0,0,3,5,0,1919,0,98126,47.5769,-122.372,700,2970
645000.0,4,2.25,2720,18295,1.0,0,0,4,8,720,1979,0,98075,47.5851,-122.073,2720,18295
550000.0,3,2.25,1980,40887,1.0,0,0,4,8,0,1980,0,98052,47.6478,-122.029,2460,35700
325000.0,3,2.0,1260,5612,1.0,0,0,4,7,0,1972,0,98034,47.7362,-122.179,1640,4745
988990.0,4,4.75,4150,6303,3.0,0,0,3,9,0,2014,0,98052,47.7047,-122.123,3570,6285
340000.0,4,2.5,1954,4805,2.0,0,0,3,8,0,2005,0,98055,47.4297,-122.19,1714,3259
898000.0,5,2.25,2700,9000,2.0,0,0,5,9,0,1987,0,98007,47.6599,-122.146,2630,9000
367000.0,3,1.0,810,7000,1.0,0,0,3,7,0,1968,0,98052,47.6591,-122.134,1820,7589
200000.0,2,1.0,920,5250,1.0,0,0,4,6,0,1906,0,98118,47.5177,-122.266,1210,5250
279000.0,3,2.5,2010,11618,2.0,0,0,3,7,0,1990,0,98022,47.1956,-121.985,1550,9354
289950.0,4,1.75,2090,7416,1.0,0,0,4,7,1040,1970,0,98031,47.4107,-122.179,1710,7527
725000.0,4,2.75,2420,10962,1.0,0,0,3,8,890,1977,0,98007,47.6218,-122.152,2620,13200
550000.0,4,2.5,2090,6926,2.0,0,0,3,8,0,1990,0,98074,47.6339,-122.022,2000,7151
575000.0,4,2.5,2280,27441,2.0,0,0,3,8,0,1996,0,98072,47.7628,-122.123,2350,35020
2200000.0,3,2.0,3570,30456,1.0,0,1,3,8,1500,1946,1982,98039,47.6413,-122.24,3570,27418
545000.0,3,2.5,1900,3366,2.0,0,0,3,9,0,1996,0,98033,47.6679,-122.184,2500,3954
868700.0,3,4.25,3840,6161,2.0,0,0,3,10,0,2000,0,98074,47.6336,-122.064,3230,7709
155000.0,2,1.0,700,5200,1.0,0,0,5,6,0,1952,0,98056,47.4924,-122.175,1030,5200
272000.0,4,2.25,1800,9018,2.0,0,0,3,7,0,1992,0,98022,47.2126,-121.984,1670,9380
95000.0,2,1.0,960,7000,1.0,0,0,3,4,0,1918,0,98198,47.3864,-122.307,1850,8120
785000.0,4,1.5,2220,4000,1.5,0,0,3,8,250,1925,0,98105,47.6564,-122.325,1984,4000
237000.0,3,1.5,960,7400,1.0,0,0,3,7,0,1962,0,98198,47.3798,-122.306,1640,8060
395000.0,5,2.5,2820,6305,2.0,0,0,3,8,0,2003,0,98003,47.2616,-122.296,2610,6306
542000.0,3,2.5,1990,15985,1.0,0,0,3,8,450,1964,0,98007,47.6205,-122.141,2470,10125
298000.0,3,2.5,1950,3600,2.0,0,0,3,7,0,2010,0,98038,47.3658,-122.021,1870,4184
1430000.0,3,2.75,2710,9204,1.5,0,4,3,9,1230,1975,0,98177,47.7039,-122.385,2960,10080
379500.0,3,1.0,1110,7128,1.0,0,0,3,7,0,1980,0,98052,47.6968,-122.124,1510,7107
630000.0,3,2.5,2680,327135,2.0,0,0,3,8,0,1995,0,98010,47.3783,-122.003,2020,60080
675000.0,3,2.25,2260,13209,1.0,0,0,3,9,0,1977,0,98005,47.6385,-122.167,2820,12534
692000.0,3,2.5,3490,28213,1.5,0,2,3,9,1248,2009,0,98070,47.365,-122.456,2120,56628
1285000.0,3,2.25,2440,9200,1.0,0,1,4,8,0,1950,0,98105,47.6629,-122.269,2750,6211
433500.0,3,1.75,1540,9450,1.0,0,0,4,6,500,1919,0,98103,47.6985,-122.348,1200,5400
565000.0,2,1.75,1670,4008,1.0,0,0,3,9,0,2005,0,98029,47.5539,-122.001,2330,3752
235000.0,3,1.0,1864,6978,1.0,0,0,4,7,0,1958,0,98002,47.285,-122.206,990,8000
375000.0,3,1.0,1610,11250,1.0,0,0,3,7,520,1975,0,98028,47.7391,-122.256,2040,10692
498000.0,4,2.75,2270,7375,1.0,0,0,4,7,980,1973,0,98034,47.7222,-122.168,1750,7760
453000.0,3,2.0,1660,15050,1.0,0,0,3,7,400,1983,0,98034,47.7203,-122.194,1660,7320
630000.0,4,3.0,3640,5096,2.0,0,0,3,8,900,2010,0,98118,47.5428,-122.27,1910,9189
361000.0,3,2.0,1950,8698,1.0,0,0,3,8,0,1999,0,98042,47.39,-122.153,2330,7212
315000.0,4,2.5,1700,6675,2.0,0,0,3,7,0,1997,0,98038,47.3638,-122.053,1570,7540
625000.0,4,2.25,2660,22194,1.0,0,0,4,8,480,1977,0,98008,47.6142,-122.107,2660,18135
310000.0,4,2.5,1930,7014,2.0,0,0,3,8,0,1994,0,98042,47.3921,-122.163,1990,7920
345000.0,3,1.5,1240,11200,1.0,0,0,4,7,0,1954,0,98006,47.5716,-122.138,1240,11008
555000.0,4,2.75,2020,10720,1.0,0,0,4,8,600,1976,0,98052,47.6373,-122.104,2190,10164
600000.0,3,2.5,2630,77972,2.0,0,0,3,9,0,2004,0,98019,47.745,-121.916,2250,75794
1680000.0,6,4.75,5770,16747,2.0,0,3,3,12,1270,1998,0,98006,47.5512,-122.11,4470,14571
834950.0,5,3.5,3630,4911,2.0,0,0,3,9,840,2014,0,98034,47.718,-122.156,3600,4992
324950.0,3,1.0,1040,7288,1.0,0,0,3,7,0,1959,0,98125,47.7287,-122.311,1160,7287
602000.0,4,1.75,2430,14000,1.0,0,0,4,7,850,1963,0,98052,47.6554,-122.134,1910,8285
480000.0,2,2.0,1140,12000,1.0,0,0,3,6,0,1943,0,98027,47.5277,-122.031,1880,6125
300000.0,3,1.75,1730,6900,1.0,0,0,4,7,600,1976,0,98031,47.3915,-122.188,1950,7200
840000.0,4,2.5,3730,9847,2.0,0,0,3,10,0,1997,0,98075,47.587,-121.976,3490,10219
479950.0,3,2.5,2810,4984,1.0,0,0,3,9,1060,2006,0,98055,47.4461,-122.209,2810,5711
1180000.0,5,5.0,3960,94089,2.0,0,0,3,10,0,1998,0,98038,47.38,-122.011,2240,64468
524950.0,3,1.5,2700,24539,2.0,0,0,3,7,580,1977,2014,98019,47.7348,-121.984,1830,11000
555000.0,3,3.5,2100,2479,2.0,0,0,3,9,650,2011,0,98118,47.562,-122.292,1800,2457
385000.0,4,1.75,2360,7620,1.0,0,0,4,7,1180,1955,0,98106,47.5278,-122.345,1910,7620
515000.0,3,1.75,1810,5733,1.0,0,0,4,7,800,1926,0,98116,47.5709,-122.388,1260,4680
575000.0,3,2.5,1760,2320,2.0,0,2,3,8,0,1994,0,98126,47.5723,-122.376,1760,4698
377500.0,3,2.0,1370,7200,1.0,0,0,3,7,240,1926,1955,98125,47.7329,-122.308,1300,7208
675000.0,5,2.25,2900,10300,1.0,0,0,3,8,1450,1985,0,98006,47.5461,-122.151,2310,10300
450000.0,3,2.5,1670,2589,2.0,0,0,3,8,0,2000,0,98027,47.5314,-122.047,1670,2897
710200.0,4,3.0,1670,2642,2.0,0,0,3,8,320,2008,0,98109,47.6397,-122.345,1670,2594
364950.0,4,2.5,2310,8030,2.0,0,0,3,7,0,1978,0,98019,47.7433,-121.982,1780,8041
345600.0,5,3.5,2800,5120,2.5,0,0,3,9,0,1903,2005,98122,47.6059,-122.31,1780,5120
518000.0,4,2.5,2560,5672,2.0,0,1,3,8,0,2005,0,98056,47.5222,-122.201,2190,6788
589000.0,3,2.5,2250,4337,2.0,0,0,3,8,0,2004,0,98075,47.5908,-122.017,2250,4721
365000.0,3,1.0,950,8450,1.0,0,0,3,7,0,1962,0,98033,47.6884,-122.186,1610,10080
525000.0,3,2.5,1740,2350,2.0,0,0,3,8,620,1996,0,98112,47.6206,-122.297,1750,3802
385000.0,3,2.0,1010,7380,1.0,0,0,3,7,0,1982,0,98074,47.6273,-122.062,1650,9030
575000.0,3,2.25,2680,100188,2.0,0,0,4,8,1100,1978,0,98027,47.4776,-122.02,2540,60548
277000.0,3,2.25,1610,11920,1.0,0,0,4,7,500,1968,0,98032,47.3683,-122.279,1690,11839
285000.0,4,2.25,2150,8250,1.0,0,0,4,7,910,1978,0,98023,47.3045,-122.378,2050,7875
589000.0,4,3.0,2440,9600,2.0,0,0,5,7,0,1961,0,98034,47.7044,-122.2,2290,9600
235000.0,4,2.0,1540,9279,1.0,0,0,3,7,0,1955,0,98118,47.5163,-122.268,1540,5110
745000.0,4,2.5,2760,13093,2.0,0,0,4,9,0,1989,0,98075,47.5845,-122.06,2810,13545
334000.0,4,1.5,1680,7620,1.0,0,0,4,7,500,1965,0,98166,47.4578,-122.351,1460,7620
1050000.0,4,4.25,4390,13833,2.0,0,3,3,10,1070,2003,0,98029,47.5566,-122.026,3850,11652
1200000.0,4,3.5,4170,9748,2.0,0,0,3,11,0,2004,0,98059,47.528,-122.132,4560,10589
150000.0,3,0.75,490,38500,1.5,0,0,4,5,0,1959,0,98014,47.7112,-121.315,800,18297
573000.0,4,2.25,2150,9520,2.0,0,0,4,8,0,1979,0,98052,47.6885,-122.113,2000,9520
1940000.0,5,3.5,4230,16526,2.0,0,0,3,10,0,2008,0,98004,47.5933,-122.199,3000,12362
222500.0,3,2.0,1450,9044,2.0,0,0,3,7,0,1990,0,98022,47.1955,-121.987,1450,9044
620000.0,5,2.5,3070,34991,2.0,0,0,3,9,0,1995,0,98059,47.4721,-122.148,2150,19515
439000.0,4,2.5,2690,9551,2.0,0,0,3,9,0,1992,0,98058,47.4343,-122.156,2890,9121
1200000.0,4,2.0,2120,3360,2.0,0,0,3,9,0,1905,0,98112,47.6227,-122.31,2090,3600
254000.0,2,1.0,910,6000,1.0,0,0,3,6,0,1943,0,98118,47.5253,-122.266,1460,5800
300000.0,3,2.5,1700,3575,2.0,0,0,3,7,0,2000,0,98108,47.5418,-122.295,1590,3380
680000.0,3,1.75,2140,3584,1.0,0,0,3,7,1070,1952,0,98199,47.636,-122.391,1620,4000
880000.0,4,2.0,2530,10800,1.0,0,0,5,8,1180,1954,0,98040,47.5705,-122.225,2960,12150
535000.0,3,3.25,2670,5108,2.0,0,2,3,9,0,2000,0,98065,47.5342,-121.866,2670,6500
864000.0,3,2.75,3060,13554,2.0,0,0,3,10,0,1984,0,98006,47.5609,-122.106,3060,11455
445000.0,5,3.0,2930,5500,1.0,0,0,3,7,1180,1951,0,98118,47.5572,-122.281,1400,5500
346950.0,3,2.5,2040,4348,2.0,0,0,4,8,0,2006,0,98038,47.3517,-121.999,2380,4348
860000.0,4,2.75,2720,3840,2.0,0,0,3,8,930,1920,2009,98107,47.6624,-122.361,1360,3880
345000.0,2,1.0,1770,16660,1.0,0,3,3,8,550,1957,0,98023,47.3346,-122.354,2790,20504
200000.0,3,1.0,960,7500,1.0,0,0,3,6,0,1953,0,98178,47.4966,-122.255,1250,6000
518000.0,3,1.5,1430,8000,1.0,0,0,4,7,0,1956,0,98007,47.5874,-122.136,1450,8000
532000.0,3,2.5,1820,4910,2.0,0,0,3,8,0,1993,0,98029,47.5703,-121.996,2090,6668
571500.0,4,1.75,1920,7455,1.0,0,0,4,7,960,1939,1964,98125,47.7106,-122.286,1920,7455
416000.0,2,1.75,1270,7560,1.5,0,0,4,7,0,1932,0,98133,47.7083,-122.357,1480,7560
1650000.0,4,3.0,3900,9750,1.0,0,4,5,10,1380,1972,0,98006,47.5605,-122.158,3410,9450
950000.0,4,1.75,2500,92347,1.0,0,0,4,8,1000,1970,0,98040,47.5345,-122.216,3750,20267
396400.0,4,2.5,2120,215186,2.0,0,0,2,7,0,1983,0,98014,47.701,-121.857,2000,215186
780000.0,3,2.0,2610,6000,1.0,0,0,5,7,1300,1941,0,98115,47.675,-122.289,2330,4800
330000.0,4,2.5,2080,7000,1.0,0,0,4,8,680,1989,0,98058,47.4252,-122.163,2090,7082
550000.0,3,2.5,2260,4165,2.0,0,0,3,7,0,2005,0,98075,47.5922,-122.008,2770,4566
620000.0,4,2.25,1890,4300,1.5,0,0,3,7,540,1918,0,98103,47.6649,-122.337,1830,3800
319000.0,3,1.0,1390,12823,1.0,0,0,4,7,0,1968,0,98077,47.7438,-122.075,1390,10095
330000.0,3,1.0,1160,9600,1.0,0,0,4,7,0,1967,0,98077,47.7419,-122.073,1160,9730
499000.0,6,1.75,2400,7500,1.5,0,0,3,7,1000,1975,0,98155,47.7661,-122.313,1980,7500
625000.0,3,1.0,1020,7650,1.0,0,0,3,6,0,1919,0,98033,47.6795,-122.202,1870,5500
497300.0,6,2.75,3200,9200,1.0,0,2,4,8,1600,1953,0,98146,47.492,-122.364,2220,9500
409000.0,3,2.5,1950,7263,2.0,0,0,3,7,0,2007,0,98065,47.5194,-121.869,2190,5900
785000.0,3,2.0,2090,5015,1.5,0,0,5,7,0,1920,0,98112,47.6378,-122.301,1930,4250
415000.0,3,2.5,2090,6045,2.0,0,0,3,8,0,2000,0,98056,47.4947,-122.174,2040,6392
271675.0,3,1.75,2140,13068,1.0,0,0,4,7,680,1974,0,98092,47.3099,-122.197,2090,17424
650000.0,4,2.0,1610,8976,1.0,0,0,4,8,0,1966,0,98004,47.6011,-122.192,1930,8976
718000.0,5,2.75,3250,8100,2.0,0,0,3,8,0,2014,0,98125,47.7133,-122.311,1270,8100
299000.0,4,2.0,2320,12000,1.0,0,0,3,7,600,1943,2014,98108,47.5246,-122.325,1390,6000
890000.0,3,2.25,2060,8640,1.0,0,0,4,8,0,1966,0,98033,47.6534,-122.195,2030,9000
388000.0,2,1.75,800,4800,1.0,0,0,4,6,0,1922,0,98136,47.5559,-122.396,1090,5000
210000.0,3,2.5,1040,2643,2.0,0,0,3,7,320,2004,0,98118,47.5165,-122.268,1540,5110
406430.0,3,2.0,1380,15426,1.0,0,0,4,7,0,1968,0,98075,47.5951,-122.036,1380,15426
305950.0,4,2.5,2007,4968,2.0,0,0,3,9,0,2009,0,98092,47.3301,-122.191,2189,5852
772000.0,3,2.25,1640,1204,3.0,0,0,3,8,0,2014,0,98112,47.6196,-122.297,1630,3136
1055000.0,3,3.25,2990,189852,2.0,0,0,4,10,0,1974,0,98072,47.746,-122.138,3500,48760
880000.0,2,1.0,1530,6350,1.5,0,0,4,7,0,1923,0,98112,47.6325,-122.303,2640,6350
260000.0,3,1.75,1460,10000,1.0,0,0,4,8,0,1967,0,98092,47.342,-122.195,1930,14175
700000.0,4,2.5,2770,5686,2.0,0,0,3,9,0,2004,0,98075,47.5997,-121.973,2910,5000
675000.0,4,1.75,1900,8800,1.0,0,0,3,8,760,1975,0,98033,47.6579,-122.197,2280,8800
425000.0,4,2.5,2400,6053,2.0,0,0,3,8,0,2001,0,98038,47.3869,-122.033,2460,6519
310000.0,3,3.25,3130,9302,2.0,0,0,3,8,940,1987,0,98023,47.3078,-122.338,2350,7949
191000.0,3,1.0,840,5525,1.0,0,0,5,6,0,1969,0,98042,47.3607,-122.085,920,5330
272450.0,3,1.0,1350,7973,1.5,0,0,3,7,0,1954,0,98188,47.4323,-122.292,1310,7491
535000.0,3,2.5,2400,12546,1.0,0,0,3,9,0,1983,0,98074,47.6317,-122.041,2940,12150
459950.0,4,2.0,2760,21465,1.0,0,0,4,9,640,1979,0,98042,47.3818,-122.165,2550,13144
585000.0,3,1.75,1790,87213,1.0,0,0,4,7,0,1974,0,98077,47.732,-122.077,3270,39586
225000.0,3,1.0,960,6500,1.0,0,0,4,5,0,1954,0,98056,47.497,-122.171,1150,6500
452000.0,3,2.75,2300,5090,2.0,0,0,3,8,600,2007,0,98106,47.545,-122.36,1530,9100
637000.0,3,2.25,2200,7355,2.0,0,0,4,8,0,1986,0,98052,47.7266,-122.103,2290,7868
500000.0,3,1.75,2420,65501,2.0,0,1,3,8,0,1984,0,98074,47.6525,-122.087,2970,19036
325000.0,3,1.75,1840,17286,1.0,0,0,4,7,400,1978,0,98030,47.371,-122.173,1840,14541
452000.0,6,2.25,2660,13579,2.0,0,0,3,7,0,1937,1990,98125,47.7142,-122.286,1120,8242
543000.0,3,2.25,1240,949,3.0,0,0,3,8,0,2008,0,98103,47.6488,-122.334,1310,1140
475000.0,5,2.0,2050,10200,1.0,0,0,3,6,620,1956,0,98198,47.4136,-122.333,1940,8625
650000.0,4,2.5,2860,5576,2.0,0,0,3,8,0,2004,0,98028,47.745,-122.224,2290,10667
505000.0,3,2.5,2400,9601,1.0,0,0,5,7,1010,1977,0,98034,47.7256,-122.211,2010,9943
615000.0,5,2.0,2130,4180,1.5,0,0,5,7,860,1926,0,98116,47.575,-122.388,1710,4180
550000.0,3,1.5,2440,7200,1.0,0,0,3,7,0,1949,0,98118,47.5604,-122.274,1920,6900
265000.0,3,1.75,1840,7300,1.0,0,0,3,8,0,1966,0,98023,47.3122,-122.369,1920,8010
328000.0,3,2.0,2250,7904,1.5,0,0,3,8,0,1998,0,98001,47.3165,-122.252,2460,8622
785000.0,4,2.5,2990,9374,2.0,0,0,3,9,0,2003,0,98074,47.6287,-122.024,2440,8711
749995.0,4,3.25,3430,9870,2.0,0,0,3,9,0,2014,0,98011,47.776,-122.173,3360,9724
895000.0,5,2.5,2550,20875,1.0,0,0,4,9,940,1953,0,98004,47.6336,-122.192,2510,21673
880000.0,4,2.75,2560,7961,1.0,0,2,4,8,1110,1975,0,98033,47.6499,-122.199,2500,9009
385000.0,3,1.75,2370,6360,1.0,0,3,3,7,1090,1954,0,98178,47.5039,-122.24,1990,6360
577000.0,4,2.25,2360,7490,2.0,0,0,3,8,0,1979,0,98033,47.6988,-122.169,2360,7490
389100.0,2,1.0,840,5400,1.0,0,0,4,7,0,1948,0,98118,47.5489,-122.271,1340,5400
385000.0,5,1.75,2190,8250,1.0,0,2,3,7,1000,1963,0,98055,47.4887,-122.223,2570,8250
550000.0,4,2.75,1800,7750,1.0,0,0,4,8,400,1965,0,98177,47.7776,-122.384,1800,8275
417000.0,3,2.5,1300,877,2.0,0,0,3,7,240,2008,0,98199,47.6591,-122.392,1320,1414
214100.0,2,2.5,1150,2064,2.0,0,0,3,7,0,2004,0,98001,47.3516,-122.292,1880,2855
450000.0,4,2.75,2980,13260,1.0,0,0,4,8,1180,1979,0,98056,47.5152,-122.197,1920,10731
580000.0,7,2.75,2310,2400,1.5,0,0,3,6,0,1915,0,98117,47.6775,-122.39,1340,3825
464000.0,3,2.5,1690,4898,2.0,0,0,3,7,0,2003,0,98053,47.6834,-122.038,2220,4933
489950.0,2,1.0,820,4206,1.0,0,0,3,5,0,1949,0,98125,47.7076,-122.284,1810,7200
525000.0,4,2.75,2440,5080,2.0,0,0,3,8,690,1960,0,98126,47.5547,-122.379,1920,6375
268500.0,2,1.5,1290,1749,1.0,0,0,3,8,630,1969,0,98008,47.6118,-122.116,1860,1749
689800.0,3,2.75,2390,9313,1.0,0,0,5,8,1000,1942,0,98133,47.7209,-122.331,2390,12712
700000.0,4,1.75,1870,6000,1.0,0,0,5,8,200,1949,0,98199,47.6435,-122.399,1710,6000
250000.0,3,1.0,1660,7650,1.5,0,0,3,7,310,1910,0,98118,47.5576,-122.277,1750,5760
387500.0,4,2.5,3190,9856,2.0,0,0,3,8,0,1979,0,98058,47.4445,-122.126,2260,7996
489000.0,3,1.5,1020,9072,1.0,0,0,3,7,100,1930,0,98115,47.695,-122.301,1620,7930
725000.0,4,2.5,2870,5118,2.0,0,0,3,9,0,2006,0,98029,47.5544,-121.99,2940,4800
481000.0,4,2.5,2286,8269,2.0,0,0,3,8,0,2002,0,98056,47.5174,-122.194,2110,4711
750000.0,3,1.75,2280,7800,1.0,0,3,4,8,920,1941,0,98117,47.6985,-122.387,2280,5200
490000.0,3,1.75,1600,16510,1.0,0,0,3,8,0,1984,0,98052,47.6601,-122.135,1510,10407
695000.0,3,2.5,2550,45254,2.0,0,0,3,9,0,2001,0,98053,47.6498,-121.964,2190,49222
655000.0,4,2.5,2990,5669,2.0,0,0,3,8,0,2003,0,98074,47.6119,-122.011,3110,5058
398500.0,3,2.5,1630,1971,2.0,0,0,3,8,0,1996,0,98177,47.7753,-122.375,1630,3451
285000.0,3,2.5,2437,5136,2.0,0,0,3,7,0,2011,0,98002,47.3517,-122.21,2437,4614
1255000.0,4,2.5,3200,7535,2.0,0,0,3,9,0,2006,0,98105,47.666,-122.276,1650,6850
580000.0,3,2.5,2150,7484,2.0,0,0,3,8,0,1988,0,98074,47.6191,-122.043,2150,6879
660000.0,3,1.0,1240,3500,1.0,0,0,4,7,0,1927,0,98103,47.6835,-122.347,1650,3360
510000.0,3,1.75,1480,7040,1.0,0,0,3,7,0,1974,0,98033,47.6723,-122.169,2040,7810
390000.0,3,2.0,1080,7236,1.0,0,0,5,7,0,1947,0,98125,47.7143,-122.32,1120,8008
214000.0,3,1.0,1020,9147,1.0,0,0,4,6,0,1900,1965,98010,47.3127,-122.002,1600,9700
986000.0,4,3.5,2840,5900,2.0,0,0,3,10,920,1910,2008,98118,47.5543,-122.268,1300,4900
260000.0,3,1.75,1340,8000,1.0,0,0,3,7,0,1980,0,98038,47.3651,-122.044,1690,8000
163500.0,2,1.5,1050,3419,2.0,0,0,3,7,0,1996,0,98038,47.3848,-122.039,1050,3417
325000.0,4,2.25,2460,7620,1.0,0,0,3,7,1230,1969,0,98106,47.5285,-122.345,2090,7620
275000.0,4,1.5,1930,15531,2.0,0,0,3,7,0,1979,0,98003,47.345,-122.296,1580,7800
260250.0,3,1.75,1490,8357,1.0,0,0,4,7,0,1993,0,98038,47.3473,-122.037,1490,7376
638000.0,3,3.25,1720,1587,2.5,0,2,3,9,310,2004,0,98122,47.6187,-122.299,1490,1620
760000.0,4,2.5,3300,165528,2.0,0,0,3,8,0,1984,0,98077,47.7657,-122.028,3030,144696
465000.0,3,2.5,2050,15035,2.0,0,0,3,9,0,2006,0,98042,47.3619,-122.122,1300,15836
565997.0,5,2.75,2730,5820,2.0,0,0,3,8,0,2014,0,98059,47.4856,-122.154,2730,5700
392137.0,3,2.0,1460,3696,2.0,0,0,3,7,0,2010,0,98053,47.6861,-122.013,1720,3631
400000.0,4,2.5,2170,204296,1.0,0,0,4,7,0,1980,0,98022,47.281,-121.933,1760,154202
601450.0,2,3.25,1840,1500,3.0,0,0,3,8,0,2001,0,98103,47.6595,-122.354,1910,2500
599000.0,5,2.25,2460,8710,1.0,0,0,4,8,1130,1976,0,98052,47.6651,-122.15,2460,8870
155000.0,3,1.0,1250,6250,1.0,0,0,2,7,220,1949,0,98108,47.5292,-122.323,1130,6250
725000.0,4,3.0,2420,12000,1.0,0,0,3,9,0,1984,0,98077,47.7267,-122.063,3100,13020
335000.0,4,2.25,2100,7305,1.0,0,0,4,7,1050,1963,0,98188,47.4676,-122.296,1760,7308
720000.0,3,1.5,2180,5000,1.0,0,3,4,8,1090,1941,0,98116,47.5787,-122.402,2070,5000
279000.0,5,2.5,2690,5557,2.0,0,0,3,7,0,2012,0,98178,47.4914,-122.253,2090,10500
308950.0,4,2.5,1920,8562,2.0,0,2,4,7,0,1994,0,98022,47.1932,-122.008,1820,8628
220000.0,3,1.75,1460,7226,1.0,0,0,3,7,0,1993,0,98198,47.3839,-122.321,1760,7226
352500.0,3,2.0,1920,33630,1.0,0,0,3,8,0,1992,0,98056,47.4983,-122.167,2080,7505
265000.0,3,2.25,1630,10969,2.0,0,0,3,7,0,1991,0,98001,47.3305,-122.285,1410,7920
265950.0,3,1.5,1150,8450,1.0,0,0,4,6,0,1951,0,98178,47.4927,-122.224,1160,6800
329000.0,3,2.25,2450,6500,2.0,0,0,4,8,0,1985,0,98030,47.3739,-122.172,2200,6865
450000.0,3,2.5,1530,762,2.0,0,0,3,8,480,2007,0,98119,47.642,-122.374,1610,1482
1049000.0,4,3.75,4740,126759,2.0,0,0,4,10,0,1991,0,98027,47.4449,-121.979,3060,118047
772500.0,5,2.75,3890,9130,2.0,0,0,3,9,0,2004,0,98065,47.5407,-121.86,3450,8361
375000.0,3,2.5,2424,5931,2.0,0,0,3,9,0,2014,0,98042,47.3515,-122.134,2424,6036
361500.0,4,2.75,2190,6740,2.0,0,0,3,7,0,1995,0,98038,47.3804,-122.027,1950,7150
525000.0,4,2.5,2400,10070,1.0,0,0,3,7,890,1967,0,98034,47.7104,-122.24,2030,9964
350000.0,2,2.5,1280,940,2.0,0,0,3,8,220,2006,0,98103,47.6904,-122.364,1290,2900
532170.0,3,2.0,1360,3090,2.0,0,0,3,8,0,1990,0,98103,47.6838,-122.353,1500,3090
550000.0,4,1.0,1660,34848,1.0,0,0,1,5,730,1933,0,98052,47.6621,-122.132,2160,11467
930800.0,5,2.5,4150,96574,2.0,0,0,3,10,0,1988,0,98053,47.6664,-122.045,3320,40803
940000.0,4,2.25,2800,18673,1.0,0,0,5,9,1150,1965,0,98005,47.5893,-122.177,2800,15300
583000.0,4,2.5,1840,4011,2.0,0,0,3,9,0,2005,0,98052,47.6662,-122.083,2120,4011
315000.0,4,2.0,1210,4250,1.0,0,0,4,7,0,1941,0,98108,47.5275,-122.321,1210,6000
788000.0,5,2.25,2910,9454,1.0,0,1,3,8,1000,1972,0,98005,47.5871,-122.173,2400,10690
1050000.0,4,3.25,3440,35021,2.0,0,0,3,10,0,1983,0,98033,47.6476,-122.184,3440,35021
571000.0,3,2.5,2600,7465,2.0,0,0,3,9,0,1988,0,98011,47.7387,-122.217,2660,7683
485000.0,4,3.25,2820,6611,1.0,0,0,3,7,1410,1958,0,98155,47.7473,-122.285,2320,6611
296500.0,3,1.0,1280,5100,1.0,0,0,3,7,0,1948,0,98126,47.5259,-122.38,1380,7140
810000.0,4,2.75,3010,10450,2.0,0,0,3,9,0,1996,0,98052,47.6979,-122.112,3010,10530
115000.0,1,2.0,1150,9812,1.0,0,0,4,7,0,1962,0,98001,47.2951,-122.284,1200,9812
460000.0,3,3.0,1520,7500,1.0,0,0,3,7,340,1967,0,98034,47.7276,-122.181,2080,8000
389000.0,2,2.0,1200,7131,1.0,0,0,3,8,0,2006,0,98053,47.7199,-122.022,1670,4601
835000.0,4,2.5,2950,48351,2.0,0,0,3,10,0,1986,0,98075,47.5938,-122.048,2870,34417
385000.0,4,2.5,2050,5276,2.0,0,0,3,7,0,2006,0,98059,47.491,-122.15,2480,5447
272000.0,4,1.75,2520,10890,1.0,0,0,3,7,1260,1979,0,98023,47.3224,-122.343,2090,12375
603000.0,4,2.5,2670,5895,2.0,0,0,3,8,0,1999,0,98074,47.6066,-122.016,2820,6531
429950.0,4,1.0,1760,7216,1.0,0,0,3,7,670,1947,0,98133,47.7041,-122.355,1180,3844
254950.0,3,2.5,1794,4769,2.0,0,0,3,7,0,2005,0,98001,47.3052,-122.283,3557,4807
487000.0,3,1.75,1770,10125,2.0,0,0,3,7,0,1944,1978,98133,47.7289,-122.353,1680,9825
260000.0,3,2.25,1950,9600,1.0,0,0,4,7,750,1987,0,98092,47.2762,-122.148,1760,8850
396000.0,3,2.25,1680,9766,2.0,0,0,3,7,0,1989,0,98019,47.7341,-121.981,1590,9757
800000.0,7,6.75,7480,41664,2.0,0,2,3,11,2400,1953,0,98166,47.4643,-122.368,2810,33190
999950.0,4,3.5,3310,4684,2.0,0,0,3,9,1020,2014,0,98116,47.579,-122.389,1850,4750
535000.0,3,2.5,2110,8164,2.0,0,0,3,9,0,1990,0,98056,47.5269,-122.171,2390,7499
859950.0,6,4.0,3180,6551,2.0,0,0,3,9,0,2014,0,98074,47.6236,-122.023,3230,7602
325000.0,4,2.75,2110,6838,2.0,0,0,4,8,0,1991,0,98031,47.3877,-122.171,2100,7280
379950.0,3,1.5,1690,9144,1.0,0,0,4,7,550,1956,0,98028,47.739,-122.253,1840,10600
495000.0,3,3.0,1520,4080,2.0,0,0,5,7,0,1948,0,98144,47.572,-122.29,1320,4080
275000.0,3,1.75,1580,8775,1.0,0,0,3,6,360,1942,0,98146,47.4845,-122.335,1180,8775
429000.0,4,2.5,2650,9301,2.0,0,0,3,9,0,2001,0,98001,47.3477,-122.271,2730,8688
842500.0,5,4.0,2980,4500,1.5,0,0,3,7,910,1921,0,98115,47.6736,-122.323,1560,4225
600000.0,4,2.5,2620,9873,2.0,0,0,3,8,0,1987,0,98075,47.5822,-122.051,2520,9935
215000.0,3,2.0,1280,6994,1.0,0,0,3,7,0,1991,0,98038,47.3889,-122.048,1290,7514
465425.0,4,2.75,2430,20720,1.0,0,0,3,7,0,1967,0,98072,47.775,-122.139,2580,26950
500000.0,3,2.5,2410,34848,1.5,0,0,3,8,0,1976,0,98006,47.5694,-122.12,2420,16424
612500.0,4,2.5,2550,10623,2.0,0,0,3,9,0,1992,0,98029,47.5695,-121.992,2750,8100
640000.0,4,2.5,3420,21344,2.0,0,0,3,9,0,2002,0,98166,47.45,-122.334,2110,21344
292000.0,2,1.0,880,5500,1.0,0,0,3,6,0,1904,0,98118,47.5573,-122.289,1080,5500
509500.0,5,2.25,2060,9000,1.0,0,0,4,7,740,1961,0,98007,47.6122,-122.137,2050,8800
475000.0,5,2.5,2510,8050,1.0,0,0,4,7,1020,1977,0,98034,47.7212,-122.172,1840,8471
445000.0,2,1.0,840,3840,1.0,0,0,4,7,0,1926,0,98117,47.684,-122.378,1310,3840
199988.0,2,1.0,860,5000,1.0,0,0,3,7,0,1949,0,98178,47.5005,-122.267,1130,6000
649950.0,3,2.5,1500,1375,2.0,0,0,3,9,300,2014,0,98119,47.6451,-122.375,1680,1627
1325000.0,5,2.25,3200,20158,1.0,0,0,3,8,1600,1965,0,98004,47.6303,-122.215,3390,20158
490000.0,3,2.5,2410,11900,1.0,0,2,4,9,810,1989,0,98023,47.3384,-122.34,3090,11902
205000.0,4,1.75,1850,65340,1.5,0,0,4,7,0,1972,0,98042,47.3468,-122.11,1750,40946
191000.0,2,1.0,700,5000,1.0,0,0,5,6,0,1952,0,98056,47.4927,-122.172,1040,5200
328000.0,3,1.0,890,5965,1.0,0,0,3,7,0,1950,0,98155,47.7518,-122.279,1930,7500
297000.0,2,1.5,1430,1650,3.0,0,0,3,7,0,1999,0,98125,47.7222,-122.29,1430,1650
780000.0,3,2.25,2206,82031,1.0,0,2,3,6,1340,1983,0,98074,47.6302,-122.069,2590,53024
585000.0,4,2.5,2200,9099,2.0,0,0,3,8,0,1994,0,98034,47.733,-122.225,2270,8900
390000.0,4,2.0,1900,76877,1.0,0,0,3,8,0,2004,0,98042,47.3491,-122.113,1740,34848
265000.0,3,1.75,2200,7200,1.0,0,0,3,8,930,1962,0,98032,47.3745,-122.276,1800,8000
661254.0,4,4.0,2290,6250,1.5,0,0,5,7,600,1940,0,98116,47.5824,-122.384,1920,4335
375000.0,3,1.5,1290,1213,3.0,0,0,3,8,0,2007,0,98103,47.6965,-122.34,1360,1227
237000.0,3,1.75,1270,8470,1.0,0,0,4,7,0,1960,0,98198,47.4207,-122.29,1600,8470
363500.0,4,1.75,2180,9702,1.0,0,0,5,7,1090,1962,0,98178,47.4973,-122.268,2020,9792
350000.0,3,1.75,1470,8645,1.0,0,0,3,6,0,1949,0,98155,47.7524,-122.323,1470,7680
495000.0,3,2.25,1280,1517,2.0,0,0,3,8,200,2008,0,98107,47.6651,-122.368,1280,1681
210000.0,3,1.5,1160,10125,1.0,0,0,4,7,0,1959,0,98059,47.4919,-122.151,1440,10018
730000.0,4,2.5,3550,35689,2.0,0,0,4,9,0,1991,0,98077,47.7503,-122.074,3350,35711
241000.0,3,1.0,880,6050,1.0,0,0,3,6,0,1945,0,98178,47.4995,-122.248,1130,6050
186000.0,3,1.75,1460,7967,1.0,0,0,3,7,420,1977,0,98023,47.3199,-122.374,1460,6835
1030000.0,4,3.25,2830,4000,2.0,0,0,3,9,920,1912,2012,98144,47.5845,-122.291,2740,4000
337500.0,3,1.75,1350,5850,1.0,0,0,4,7,300,1973,0,98198,47.4225,-122.328,1710,7757
460000.0,2,1.75,1390,4160,1.0,0,0,5,6,600,1916,0,98105,47.6681,-122.324,1090,4160
524250.0,3,2.5,1710,3469,2.0,0,0,3,8,0,1999,0,98029,47.546,-122.011,2120,3560
152000.0,3,1.0,1090,3264,1.0,0,0,4,6,0,1969,0,98092,47.3155,-122.182,1090,3330
870515.0,4,3.5,3600,5697,2.0,0,0,3,9,660,2014,0,98075,47.5755,-122.071,3490,5911
665000.0,3,2.5,2190,10370,2.0,0,0,3,9,0,1987,0,98074,47.6218,-122.03,2470,10472
599000.0,4,2.0,3410,15143,2.0,0,0,4,8,0,1972,1987,98052,47.6709,-122.052,2350,25936
465000.0,3,2.5,1440,4473,2.0,0,0,3,7,0,2003,0,98053,47.6825,-122.036,1650,3322
590000.0,4,2.75,2160,4205,1.0,0,3,3,7,1080,1969,0,98125,47.7081,-122.276,2450,6014
500000.0,4,3.0,2450,4668,2.0,0,0,3,8,0,2004,0,98028,47.7721,-122.235,2460,4895
187000.0,2,1.0,840,11600,1.0,0,0,3,6,0,1952,0,98168,47.492,-122.302,1610,9120
229000.0,2,1.0,1190,7408,1.0,0,0,3,6,360,1941,0,98168,47.5094,-122.31,1140,7408
620000.0,4,2.25,2210,8101,2.0,0,0,3,9,0,1985,0,98074,47.6475,-122.07,2330,8842
790000.0,3,1.75,2050,4080,2.0,0,0,3,8,0,1991,0,98105,47.6698,-122.325,1890,4080
572115.0,4,3.25,3230,4838,2.0,0,0,3,9,0,2014,0,98038,47.3559,-122.023,2980,5094
450000.0,2,2.0,1510,4908,1.0,0,0,3,8,0,2006,0,98053,47.7196,-122.024,1440,3921
509000.0,3,2.25,1780,9315,2.0,0,0,3,7,0,1996,0,98133,47.7484,-122.353,1780,8545
1100000.0,4,3.25,3190,11774,2.0,1,4,3,8,580,1956,1991,98178,47.5033,-122.225,2240,8725
410000.0,4,2.25,2060,7283,1.0,0,0,3,8,840,1963,2013,98155,47.7435,-122.317,1500,8134
402000.0,3,2.0,1720,7704,1.0,0,0,4,7,560,1969,0,98011,47.7368,-122.195,1620,7600
378000.0,3,1.5,1000,6914,1.0,0,0,3,7,0,1947,0,98125,47.7144,-122.319,1000,6947
333000.0,4,2.0,2750,9001,1.0,0,0,3,8,0,2008,0,98055,47.457,-122.189,1340,11050
334950.0,3,1.75,1880,16262,1.0,0,0,5,7,0,1980,0,98059,47.5089,-122.155,1900,7972
525000.0,4,1.75,2540,7200,1.0,0,0,4,7,1270,1947,0,98118,47.5579,-122.271,1650,7200
345000.0,3,2.5,1870,3584,2.0,0,0,3,8,0,2003,0,98058,47.4521,-122.121,1900,3920
426000.0,4,2.5,2800,8494,2.0,0,0,3,8,0,2004,0,98038,47.3521,-122.009,3740,8494
348140.0,2,1.5,2060,10880,1.0,0,0,3,6,870,1924,0,98106,47.515,-122.362,1430,8781
575000.0,3,2.0,940,5000,1.0,0,0,3,7,60,1941,0,98117,47.6771,-122.398,1420,5000
575000.0,3,2.5,1750,4797,2.0,0,0,4,7,0,1991,0,98033,47.6954,-122.199,1750,4293
498445.0,4,2.5,3216,5902,2.0,0,0,3,9,0,2014,0,98030,47.3425,-122.179,2815,4916
236000.0,3,1.75,1090,7647,1.0,0,0,3,7,0,1994,0,98003,47.2613,-122.302,1660,9219
425000.0,5,2.75,2110,5120,2.0,0,0,3,7,240,1947,1983,98106,47.5294,-122.357,1580,5120
439000.0,2,1.0,800,5100,1.0,0,0,3,7,0,1945,0,98117,47.6775,-122.388,1330,5100
397380.0,2,1.0,1030,5072,1.0,0,0,3,6,0,1924,1958,98115,47.6962,-122.294,1220,6781
250000.0,3,1.75,1780,35233,1.0,0,0,4,8,360,1979,0,98001,47.2949,-122.269,1950,17334
471000.0,2,1.75,1240,6417,1.0,0,0,5,7,0,1924,0,98126,47.5439,-122.379,1800,6417
398000.0,4,2.5,2050,14724,2.0,0,0,3,7,0,1989,0,98019,47.73,-121.969,1920,12841
310000.0,4,2.25,1780,8820,1.0,0,0,4,8,300,1966,0,98032,47.3618,-122.289,1780,8625
394950.0,3,2.5,2050,8172,2.0,0,0,3,8,0,2002,0,98168,47.4808,-122.28,2140,5664
360000.0,2,1.75,1340,1050,3.0,0,0,3,8,0,2009,0,98133,47.7053,-122.343,1340,1090
399000.0,3,2.25,1880,12473,1.0,0,0,3,8,460,1958,0,98028,47.7623,-122.256,2300,10469
310000.0,3,2.5,1890,6300,2.0,0,0,3,7,0,2003,0,98038,47.3673,-122.031,2100,6525
230000.0,2,1.0,720,5913,1.0,0,0,3,6,0,1920,0,98118,47.5447,-122.27,1560,6600
368000.0,4,2.5,2689,5724,2.0,0,0,3,9,0,2006,0,98030,47.3799,-122.184,2665,5700
724800.0,3,2.0,2050,3933,1.0,0,0,3,8,870,1926,2001,98112,47.6436,-122.303,1940,4000
1750000.0,6,4.25,5860,13928,2.0,0,3,3,10,1710,2013,0,98006,47.5382,-122.114,5790,13928
350000.0,2,2.5,1260,1347,3.0,0,0,3,8,0,2005,0,98103,47.6994,-122.341,1260,1356
420000.0,3,2.5,2370,15375,2.0,0,2,3,9,0,1993,0,98042,47.3803,-122.147,2450,9800
1180000.0,6,6.5,6260,10955,2.0,0,0,3,11,1420,2007,0,98075,47.5947,-122.039,2710,12550
499000.0,4,3.75,2560,5250,2.0,0,0,3,7,660,1963,2006,98133,47.7326,-122.342,1400,5250
1075000.0,2,3.25,1550,1767,3.0,1,3,3,8,0,2006,0,98075,47.5684,-122.06,2710,3444
511200.0,4,1.75,1480,7875,1.0,0,0,3,7,740,1927,0,98199,47.643,-122.397,1680,5851
380000.0,3,1.0,1380,8147,1.0,0,0,4,7,0,1948,0,98155,47.7407,-122.3,1360,8147
151100.0,3,1.0,840,4495,1.0,0,0,3,6,0,1921,0,98146,47.496,-122.349,1260,7434
315000.0,3,1.75,1580,11455,1.0,0,0,4,7,380,1974,0,98059,47.4756,-122.147,1550,10650
349950.0,3,2.5,1420,1162,3.0,0,0,3,8,0,2002,0,98103,47.6982,-122.349,1430,1560
394500.0,4,2.5,3002,6042,2.0,0,0,3,8,0,2004,0,98055,47.4231,-122.186,2566,6390
950000.0,3,1.75,2150,4200,1.0,0,4,5,8,1010,1960,0,98116,47.5671,-122.405,2510,7500
541500.0,3,1.75,2320,55847,1.0,0,2,4,8,0,1960,0,98001,47.3121,-122.253,2400,26112
475500.0,3,1.0,1500,9416,1.0,0,0,4,8,0,1952,0,98133,47.7135,-122.332,1440,7200
250000.0,4,1.0,1440,7404,1.0,0,0,3,6,360,1918,0,98126,47.5328,-122.379,1620,7436
752500.0,2,2.5,2280,6230,1.0,0,0,3,8,0,2005,0,98053,47.7065,-122.013,1640,5931
477000.0,3,2.5,1740,4960,2.0,0,0,3,8,0,1992,0,98029,47.5772,-121.998,1740,5021
690000.0,5,3.25,3340,9075,2.0,0,0,3,8,740,2005,0,98065,47.5446,-121.88,2770,6646
965800.0,4,1.75,2500,8725,1.0,0,0,4,8,1000,1966,0,98004,47.6304,-122.205,1900,8998
1835000.0,4,3.5,4870,39190,2.0,0,0,3,12,0,1995,0,98006,47.5447,-122.124,5000,33880
583000.0,6,2.75,2630,16411,1.0,0,0,4,8,980,1974,0,98052,47.6309,-122.093,2250,12255
498688.0,3,2.5,1910,5600,2.0,0,0,3,8,0,1989,0,98029,47.5752,-122.009,1800,4928
2575000.0,4,4.25,5540,15408,2.0,0,1,3,11,1260,2006,0,98004,47.6071,-122.212,3570,14750
278000.0,5,1.75,2170,9752,1.0,0,0,3,7,1070,1962,0,98003,47.3355,-122.331,1810,10609
1185000.0,3,2.25,2390,7875,1.0,0,1,3,10,410,1948,0,98105,47.6515,-122.278,3720,9075
495000.0,4,2.5,2460,4862,2.0,0,0,3,8,0,2004,0,98028,47.7719,-122.235,2900,4895
199950.0,3,1.0,840,9480,1.0,0,0,3,6,0,1960,0,98023,47.3277,-122.341,840,9420
267000.0,3,1.0,940,4700,1.0,0,0,4,6,0,1942,0,98146,47.5117,-122.378,1020,5700
400000.0,3,1.0,1250,7157,1.0,0,0,3,7,0,1944,2010,98125,47.7323,-122.304,1300,6796
472000.0,5,2.0,2030,9804,1.0,0,0,3,7,920,1963,0,98008,47.6297,-122.114,1930,7990
399000.0,3,1.75,1620,10000,1.5,0,0,5,6,0,1918,0,98178,47.5091,-122.262,1880,10000
1145000.0,4,2.25,2840,20242,1.0,0,0,3,8,600,1972,0,98004,47.639,-122.216,2840,20372
938000.0,4,2.5,2410,9886,1.0,0,0,5,8,420,1975,0,98040,47.5351,-122.223,2530,10658
218000.0,5,1.75,1930,8040,1.0,0,0,4,8,0,1966,0,98023,47.3109,-122.376,2370,8000
630000.0,4,2.5,2510,35020,1.0,0,0,4,8,900,1977,0,98075,47.5834,-122.003,2080,34398
545000.0,4,2.75,3410,35040,2.0,0,0,3,9,0,1984,0,98038,47.4054,-122.03,2580,37263
569500.0,4,2.5,2340,8248,2.0,0,0,3,8,0,1989,0,98074,47.6314,-122.03,2140,9963
524225.0,4,2.5,3056,11385,2.0,0,0,3,9,0,2014,0,98001,47.2905,-122.264,2849,8607
1150000.0,4,3.25,4740,49091,2.0,0,0,3,11,0,1990,0,98053,47.6624,-122.071,4800,42387
1600000.0,5,2.5,3100,5374,2.5,0,0,4,9,0,1906,0,98122,47.6154,-122.283,2180,5800
410000.0,4,2.5,2560,4020,2.0,0,0,3,9,0,2006,0,98038,47.3533,-122.027,3010,4916
299950.0,4,2.25,1810,7601,1.0,0,0,3,7,730,1986,0,98023,47.2857,-122.358,1570,7601
770000.0,4,2.5,3560,6187,2.0,0,0,3,9,0,2003,0,98029,47.5593,-122.016,3190,6981
800000.0,4,3.75,2540,20662,2.0,0,0,3,10,0,1998,0,98075,47.5882,-122.01,2490,37731
600000.0,4,2.5,2090,7290,1.0,0,0,5,8,670,1966,0,98007,47.624,-122.142,2110,8436
815000.0,3,1.5,1940,3570,2.0,0,0,4,8,200,1916,0,98105,47.6618,-122.325,1580,3570
799000.0,4,3.0,2580,209523,2.0,0,0,3,8,0,1984,0,98053,47.6932,-122.006,3440,213444
1356920.0,4,3.5,4270,5800,2.0,0,3,5,10,1100,1937,0,98199,47.6474,-122.411,3100,5800
169000.0,3,1.0,890,7110,1.0,0,0,3,6,0,1957,0,98178,47.4971,-122.261,1100,8375
485000.0,3,1.0,1500,4100,1.5,0,0,3,7,130,1926,0,98107,47.6689,-122.367,1500,4100
652000.0,3,2.0,1700,4080,1.0,0,0,4,7,850,1941,0,98117,47.6785,-122.393,1480,5100
605000.0,3,2.75,3230,9576,1.5,0,0,4,8,0,1966,0,98034,47.7307,-122.183,2820,9576
800000.0,4,2.25,2010,7200,1.0,0,1,4,8,1000,1950,0,98118,47.5591,-122.267,2010,7200
1465000.0,6,4.5,4230,6420,2.0,0,3,4,8,1870,1916,0,98119,47.6301,-122.369,3450,4085
470000.0,3,2.5,1980,9725,2.0,0,0,3,8,0,1994,0,98045,47.4856,-121.802,2070,9834
245000.0,3,1.75,1260,6908,1.0,0,0,3,7,0,1994,0,98038,47.385,-122.031,1810,7159
452000.0,3,1.75,1110,9012,1.0,0,0,4,7,0,1966,0,98052,47.6563,-122.131,1800,8679
522500.0,4,1.75,1640,9299,1.5,0,0,4,7,770,1943,0,98056,47.5334,-122.168,2460,14326
390000.0,2,1.75,1150,2723,1.0,0,0,4,7,380,1923,0,98102,47.6357,-122.322,1440,4000
1085500.0,4,2.75,3010,10830,2.0,0,3,4,9,0,1980,0,98034,47.7005,-122.232,3010,10650
252000.0,3,2.25,1570,8410,1.0,0,0,3,7,390,1991,0,98022,47.1942,-121.99,1540,8410
335000.0,3,2.5,1090,1139,2.0,0,0,3,8,130,2009,0,98126,47.5664,-122.369,1400,1348
219950.0,3,1.0,1060,10042,1.0,0,0,4,7,0,1957,0,98188,47.4434,-122.283,1130,10925
475000.0,2,2.5,1620,14467,2.0,0,0,3,7,0,1981,0,98074,47.6306,-122.035,1470,13615
400000.0,6,2.5,3060,17112,1.0,0,0,4,8,1530,1967,0,98058,47.4379,-122.146,2690,16038
539950.0,3,1.75,1820,9875,1.0,0,0,4,8,0,1966,0,98008,47.6243,-122.094,2670,10000
775000.0,5,2.5,2600,4284,2.0,0,0,3,9,0,2014,0,98136,47.5409,-122.39,1620,5000
207000.0,3,1.0,1490,8995,1.0,0,0,4,7,0,1954,0,98168,47.4901,-122.303,1490,9000
192500.0,3,1.0,1080,8580,1.5,0,0,3,6,0,1900,0,98168,47.4716,-122.262,1800,12672
402200.0,3,1.75,1790,6980,1.0,0,0,3,7,460,1980,0,98034,47.7311,-122.226,1770,8081
440000.0,3,1.5,1690,6010,1.0,0,0,3,7,460,1946,0,98115,47.6955,-122.291,1690,5418
1297000.0,6,2.75,2630,9420,2.0,0,0,5,9,120,1900,0,98103,47.6695,-122.337,1540,4969
657500.0,3,2.5,2670,10496,2.0,0,0,3,9,0,1989,0,98074,47.6272,-122.026,2490,8636
330000.0,3,2.5,1520,3003,2.0,0,0,3,7,0,2009,0,98059,47.4876,-122.153,1820,3030
1855000.0,5,3.25,5570,9600,2.0,0,0,5,9,1710,1952,0,98105,47.6708,-122.262,3170,10400
565000.0,3,2.25,2560,8040,1.0,0,0,3,8,1050,1958,0,98125,47.7124,-122.303,1980,8040
170000.0,3,1.0,1480,5670,1.0,0,0,3,6,700,1944,0,98106,47.5175,-122.36,760,5040
375000.0,4,2.5,2790,7956,2.0,0,0,3,9,0,2005,0,98198,47.3681,-122.31,1660,8192
720000.0,4,1.75,2530,5000,1.5,0,2,5,8,460,1917,0,98103,47.6624,-122.348,1950,3600
342000.0,4,2.0,1570,11200,1.0,0,0,3,7,450,1959,0,98011,47.7573,-122.217,1570,11200
106000.0,1,1.0,560,5700,1.0,0,0,3,5,0,1947,0,98146,47.511,-122.359,1120,5000
616750.0,3,1.5,2140,47743,1.5,0,0,3,9,0,1978,0,98106,47.5402,-122.365,1060,6016
291000.0,4,2.5,1860,6325,2.0,0,0,4,7,0,1991,0,98038,47.3492,-122.03,1860,6449
428000.0,3,2.0,1310,2550,1.0,0,0,3,7,530,1986,0,98103,47.6911,-122.35,1460,5100
277000.0,4,1.0,1500,5750,1.5,0,0,3,6,0,1925,0,98055,47.4768,-122.206,1330,5750
150000.0,3,1.0,1320,24684,1.0,0,0,3,7,0,1979,0,98168,47.4771,-122.322,1120,21214
570000.0,4,2.5,2640,11816,2.0,0,0,3,8,0,1999,0,98019,47.733,-121.968,2400,11816
716100.0,3,1.0,1640,4000,1.5,0,0,5,7,0,1909,0,98103,47.6563,-122.351,2140,4000
165000.0,3,1.0,970,7503,1.0,0,0,4,6,0,1967,0,98058,47.4688,-122.163,1230,9504
476900.0,3,1.0,1240,5758,1.5,0,0,4,6,280,1910,0,98116,47.5675,-122.396,1460,5750
505000.0,4,2.5,2790,5602,2.0,0,0,3,8,0,2009,0,98059,47.4959,-122.15,2790,5309
234000.0,2,2.0,1200,3624,2.0,0,0,3,6,0,2003,0,98038,47.349,-122.025,1360,2693
900000.0,3,2.5,2850,11535,1.0,0,1,3,8,1170,1952,2008,98155,47.748,-122.288,2670,9942
387000.0,3,2.25,1760,45133,2.0,0,0,3,7,0,1984,0,98065,47.5124,-121.866,1910,51773
1637500.0,3,3.5,4660,21164,2.0,1,4,3,12,0,1975,1990,98166,47.4418,-122.354,3140,24274
554000.0,2,2.0,1670,4996,1.0,0,0,3,8,0,2004,0,98053,47.7141,-122.031,1670,4996
510000.0,6,4.5,3300,7200,2.0,0,0,3,8,0,1980,0,98052,47.6798,-122.104,2470,7561
475000.0,2,1.75,1710,8645,1.0,0,0,4,7,200,1923,0,98115,47.7005,-122.313,1280,5366
757000.0,3,3.25,3190,5283,2.0,0,0,3,9,0,2007,0,98029,47.5534,-122.002,2950,5198
733000.0,4,2.5,2210,5002,1.0,0,0,3,7,840,1977,0,98199,47.6637,-122.401,1970,4920
563000.0,4,3.0,3100,15480,2.0,0,0,3,8,700,1996,0,98028,47.7466,-122.241,2000,42500
730000.0,5,1.75,2690,21357,1.0,0,0,4,7,1270,1952,0,98004,47.5831,-122.191,2600,17539
1200000.0,4,3.5,4740,172497,2.0,0,0,3,11,0,2003,0,98053,47.6779,-122.075,2120,49658
214000.0,3,2.0,1580,5080,1.0,0,0,4,6,780,1942,0,98146,47.4963,-122.35,1580,7114
575000.0,3,2.0,1800,5000,2.0,0,0,5,7,200,1925,0,98136,47.5447,-122.389,1640,5000
447000.0,3,1.0,1310,7000,1.0,0,0,4,7,0,1958,0,98008,47.6019,-122.123,1280,7300
125000.0,3,1.0,920,7314,1.0,0,0,3,6,0,1960,0,98002,47.2892,-122.22,1010,7420
900000.0,4,2.25,2460,44431,1.0,0,0,4,9,0,1957,0,98007,47.6042,-122.147,2830,44431
210000.0,3,2.0,1580,4961,2.0,0,0,3,7,0,2006,0,98042,47.3338,-122.053,2280,5000
575000.0,7,1.5,2670,11250,1.5,0,0,4,8,350,1948,0,98133,47.7121,-122.332,2030,9000
1298000.0,4,3.5,2790,10125,1.5,0,0,5,8,0,1985,0,98040,47.5651,-122.22,2570,10125
329950.0,2,2.25,1260,1032,2.0,0,0,3,7,90,2008,0,98027,47.5323,-122.072,1240,809
405000.0,6,2.0,2800,29985,1.0,0,0,5,7,1400,1954,0,98058,47.4398,-122.08,1980,29985
402000.0,3,2.5,2700,9994,1.0,0,3,4,7,1350,1959,0,98198,47.397,-122.321,2470,10664
575000.0,5,1.75,2980,53578,1.0,0,0,4,9,750,1976,0,98027,47.4908,-122.059,2860,75546
290000.0,2,1.0,1340,9840,1.0,0,0,3,7,0,1949,0,98133,47.7202,-122.339,1610,8949
2280000.0,7,8.0,13540,307752,3.0,0,4,3,12,4130,1999,0,98053,47.6675,-121.986,4850,217800
1065000.0,3,2.5,2130,3545,3.0,0,0,5,9,0,1990,0,98109,47.6389,-122.349,1970,3464
399000.0,3,1.75,1780,11440,1.0,0,0,3,8,430,1977,0,98059,47.474,-122.139,2180,11440
309950.0,3,1.5,1200,15606,1.0,0,0,3,7,0,1985,0,98045,47.4752,-121.755,1210,15606
359950.0,4,2.5,2542,6120,2.0,0,0,3,8,0,2014,0,98030,47.3751,-122.188,2419,8984
432000.0,4,1.75,1970,5160,1.5,0,0,3,7,0,1942,0,98126,47.534,-122.373,1230,4920
180000.0,3,1.0,1010,10215,1.0,0,0,3,6,0,1955,0,98146,47.4872,-122.345,1320,10245
619000.0,4,2.0,2300,3400,1.5,0,0,5,8,750,1915,0,98117,47.678,-122.361,1670,4200
480000.0,4,2.5,2480,5100,2.0,0,0,3,8,0,2007,0,98019,47.7383,-121.969,2270,5115
450000.0,2,1.5,1020,1049,3.0,0,0,3,8,0,2008,0,98103,47.68,-122.348,1350,1395
270000.0,4,2.25,2600,9900,1.0,0,0,3,7,1000,1965,0,98178,47.4881,-122.237,1770,11250
1484900.0,5,2.5,4570,19252,2.0,0,0,5,10,0,1965,0,98040,47.5553,-122.22,3180,13314
325000.0,4,2.75,1960,8937,1.0,0,0,5,7,980,1954,0,98188,47.451,-122.278,1480,10016
775000.0,4,3.5,3060,4573,2.0,0,0,3,9,650,2012,0,98029,47.5522,-122.001,3170,3634
698000.0,3,1.5,1090,7200,1.0,0,0,4,7,0,1958,0,98040,47.5817,-122.241,2010,8982
208000.0,3,1.0,1300,7420,1.0,0,0,4,6,0,1960,0,98002,47.2899,-122.219,1250,7420
659000.0,4,2.0,2350,9329,2.0,0,0,3,8,0,1977,0,98005,47.583,-122.17,1640,9403
1388000.0,4,3.0,4040,20001,1.0,0,0,3,9,2020,1972,2001,98004,47.6408,-122.212,2990,20098
780000.0,2,2.5,2560,2500,2.0,0,0,5,8,870,1901,0,98112,47.6233,-122.3,1890,5000
230000.0,3,1.0,1380,10112,1.0,0,0,4,7,440,1963,0,98023,47.3196,-122.351,1240,10112
264950.0,3,1.5,1470,11599,1.0,0,0,3,7,400,1967,0,98030,47.3632,-122.188,1580,9760
765000.0,3,2.5,2700,8444,2.0,0,0,3,10,0,1992,0,98006,47.5597,-122.113,2840,9165
690000.0,2,1.75,1600,4000,1.0,0,0,5,7,750,1918,0,98112,47.6408,-122.3,1860,4000
425000.0,4,1.0,1480,8321,1.0,0,0,3,7,400,1953,0,98155,47.7629,-122.318,1580,8502
343000.0,6,5.0,2732,7655,2.0,0,0,3,7,0,2009,0,98002,47.3045,-122.211,3078,69993
887250.0,5,3.5,4320,7502,2.0,0,0,3,9,820,2012,0,98056,47.5235,-122.168,3250,7538
379000.0,3,1.0,1140,10320,1.0,0,0,4,7,0,1963,0,98034,47.7168,-122.196,1140,10412
649800.0,4,2.5,2280,9827,2.0,0,0,3,8,0,1995,0,98033,47.6883,-122.168,1660,9827
207000.0,3,1.75,1180,21275,1.0,0,0,4,6,0,1958,0,98038,47.4018,-122.037,1490,35100
338000.0,2,1.0,750,6439,1.0,0,0,4,6,0,1934,0,98103,47.6995,-122.354,1470,6374
610000.0,3,1.75,1650,221720,1.0,0,0,3,7,0,1992,0,98024,47.5297,-121.901,2520,221284
639950.0,2,1.75,1780,4520,1.0,0,0,5,7,890,1925,0,98116,47.5798,-122.404,1560,4520
549950.0,3,1.75,2930,266587,2.0,0,0,3,8,490,1995,0,98014,47.6991,-121.947,2700,438213
690500.0,4,2.75,3130,8920,2.0,0,0,3,8,0,2014,0,98155,47.7397,-122.316,1450,9183
216000.0,3,1.75,1310,8670,1.0,0,0,4,6,0,1984,0,98092,47.3156,-122.186,2622,7191
1249000.0,5,3.25,3950,44431,1.0,0,0,3,10,1850,1969,0,98005,47.6451,-122.173,3860,45870
305000.0,4,1.0,1560,8450,1.5,0,0,4,6,0,1954,0,98166,47.4552,-122.354,1380,8100
278000.0,3,1.0,1230,9440,1.0,0,0,3,7,0,1978,0,98045,47.4657,-121.747,1230,10296
860000.0,5,2.25,3480,9200,2.0,0,0,3,8,0,1979,0,98006,47.5585,-122.153,3130,9200
285000.0,1,1.5,810,3211,2.0,0,0,4,7,0,1982,0,98033,47.6939,-122.184,1320,3298
471000.0,3,1.75,1640,10123,1.0,0,0,3,8,300,1977,0,98011,47.7698,-122.167,2210,10852
600000.0,3,2.25,1480,5400,2.0,0,0,4,8,0,1914,0,98122,47.6095,-122.296,1280,3600
672600.0,3,2.25,1520,5750,2.0,0,0,3,8,120,1908,2006,98116,47.5787,-122.388,1420,5650
385000.0,3,2.5,2230,8296,2.0,0,0,3,7,0,2004,0,98058,47.4386,-122.116,2480,5940
395000.0,4,2.75,2640,35070,1.5,0,0,3,8,0,1963,0,98058,47.4242,-122.181,2520,34986
452100.0,4,2.5,3160,6540,1.0,0,3,3,8,1580,1959,0,98178,47.5037,-122.24,1990,7090
612000.0,4,2.5,2670,5974,2.0,0,0,3,8,0,1999,0,98034,47.7122,-122.231,2140,5729
590000.0,3,2.5,2210,8622,2.0,0,0,3,8,0,1988,0,98029,47.5715,-122.02,2340,7192
397000.0,3,1.0,860,6380,1.5,0,0,4,7,0,1927,0,98115,47.6942,-122.315,1250,6380
700000.0,3,2.5,2030,8398,2.0,0,0,4,9,0,1975,0,98008,47.6272,-122.095,2450,8104
370000.0,4,2.75,2420,39704,1.0,0,0,3,9,0,1985,0,98038,47.4053,-122.03,2760,36303
695000.0,3,2.5,2620,51354,2.0,0,0,3,9,0,1998,0,98077,47.7211,-122.028,2620,37042
269900.0,5,1.75,1750,8325,1.0,0,0,5,7,0,1966,0,98031,47.4007,-122.198,1430,8325
635000.0,3,3.0,2290,1407,2.5,0,0,3,8,400,2014,0,98027,47.5446,-122.017,2230,1407
542500.0,3,2.5,1920,1649,2.5,0,0,3,8,320,2004,0,98116,47.5901,-122.388,1650,3053
420000.0,3,1.75,1510,6360,1.0,0,0,4,7,0,1954,0,98133,47.7321,-122.353,1480,7260
375000.0,3,2.5,1520,5649,2.0,0,0,4,7,0,1989,0,98034,47.7221,-122.162,1540,5000
460000.0,4,3.0,2230,52983,2.0,0,0,3,8,0,1991,0,98030,47.3577,-122.195,2060,8755
461000.0,3,1.5,1270,1416,3.0,0,0,3,8,0,2007,0,98115,47.6988,-122.317,1270,1413
430000.0,4,1.5,1920,10000,1.0,0,0,4,7,850,1954,0,98006,47.5725,-122.133,1450,10836
420000.0,4,2.25,2930,9840,1.0,0,0,4,8,1370,1977,0,98023,47.3103,-122.382,2800,8374
475000.0,2,1.0,870,7975,1.0,0,2,3,7,0,1946,0,98107,47.6698,-122.361,1080,5722
240000.0,3,1.5,1450,9477,1.0,0,0,4,7,0,1963,0,98031,47.4215,-122.203,1460,9477
1350000.0,4,3.25,3030,5164,1.5,0,0,5,9,330,1925,0,98112,47.6394,-122.299,1890,4415
445000.0,3,3.25,1710,1960,2.0,0,0,3,8,350,2004,0,98029,47.5479,-122.003,1420,955
513000.0,5,2.0,2270,8652,1.0,0,0,3,7,1120,1965,0,98052,47.6692,-122.151,1950,8050
559900.0,3,2.75,2930,5569,1.0,0,0,3,9,1070,2004,0,98072,47.7648,-122.164,2580,11045
425000.0,3,2.75,3370,13929,2.0,0,0,3,9,720,1986,0,98092,47.3411,-122.197,2150,14048
340000.0,4,2.5,2380,7850,2.0,0,0,3,8,0,1995,0,98055,47.4356,-122.201,1940,7334
545000.0,3,2.5,2370,9000,1.0,0,3,4,8,800,1952,0,98146,47.4922,-122.365,2120,9500
675000.0,4,3.0,2690,28300,1.0,0,0,3,8,0,1954,1999,98166,47.4458,-122.343,2820,27100
247200.0,3,1.0,1590,11200,1.0,0,0,4,7,0,1961,0,98092,47.2894,-122.188,1560,9750
205000.0,3,1.0,1290,6566,1.0,0,0,5,7,0,1976,0,98023,47.3004,-122.377,1690,6860
620000.0,3,2.5,2440,10363,2.0,0,0,3,9,0,1988,0,98029,47.5634,-122.016,2500,10728
608000.0,4,2.5,2410,7140,2.0,0,0,3,8,0,1993,0,98074,47.6329,-122.021,2350,7140
435000.0,4,2.0,2630,9663,1.0,0,1,4,8,1300,1956,0,98056,47.4841,-122.19,1900,8894
615000.0,4,2.25,1780,10260,2.0,0,0,3,8,0,1971,0,98052,47.6647,-122.142,2360,10080
227000.0,3,1.75,1510,9837,2.0,0,0,3,7,0,1989,0,98001,47.2576,-122.255,1470,8054
280000.0,4,2.25,1600,7916,2.0,0,0,3,7,0,1991,0,98022,47.194,-121.981,1540,7242
475000.0,3,1.5,1750,12632,1.0,0,0,4,7,0,1952,0,98033,47.6736,-122.176,1740,12196
330000.0,4,2.0,1170,4000,1.0,0,0,3,7,0,1955,0,98144,47.5797,-122.305,1720,4000
1640000.0,3,3.25,3140,5445,2.0,0,3,4,10,900,1913,0,98109,47.6406,-122.347,2950,5250
852000.0,4,1.0,2220,3588,1.5,0,0,4,7,750,1927,0,98115,47.6854,-122.308,1740,3588
220000.0,4,2.0,2340,10507,1.5,0,0,4,6,0,1959,0,98030,47.3578,-122.178,990,10507
715000.0,4,3.5,3260,110579,2.0,0,0,3,10,0,1997,0,98053,47.6436,-121.997,3470,97895
599950.0,5,3.0,2600,13674,1.0,0,0,5,8,1300,1967,0,98125,47.7176,-122.302,2150,7800
568000.0,4,1.75,2790,17476,1.0,0,2,3,7,1340,1956,0,98166,47.4556,-122.369,2790,16401
425000.0,2,1.0,1270,6000,1.0,0,0,3,7,0,1939,0,98199,47.6482,-122.393,1770,6000
275000.0,3,2.5,2030,6326,2.0,0,0,3,7,0,1993,0,98038,47.3491,-122.029,1810,6825
453000.0,3,1.75,1600,7232,1.0,0,0,3,8,0,1966,0,98008,47.6293,-122.121,1970,8120
670000.0,5,3.5,3860,9600,1.0,0,3,4,8,1200,1973,0,98034,47.7139,-122.223,2440,9600
685000.0,3,1.75,1650,8400,1.0,0,0,3,8,180,1959,0,98040,47.5766,-122.236,2020,7777
630000.0,3,1.0,1360,13000,1.0,0,0,5,6,0,1945,0,98010,47.3359,-122.033,1890,19650
395000.0,4,2.0,1780,8149,1.5,0,0,4,7,0,1948,0,98155,47.745,-122.302,1180,8149
420000.0,3,1.0,1060,6000,1.0,0,0,3,8,0,1954,0,98118,47.5427,-122.275,1240,7874
221000.0,3,1.0,1240,5250,1.5,0,0,4,6,0,1904,0,98055,47.4917,-122.206,1240,5250
470450.0,2,1.0,1010,3400,1.0,0,0,3,7,0,1921,0,98103,47.6711,-122.329,1800,3600
487028.0,2,1.5,1295,1093,2.0,0,0,3,9,190,2007,0,98112,47.6192,-122.299,1295,1413
340000.0,3,2.0,1460,5715,1.0,0,0,3,7,0,1957,2014,98118,47.54,-122.276,1400,5715
562500.0,2,1.0,1170,2800,1.5,0,0,4,5,0,1905,0,98103,47.6574,-122.345,1660,4996
865000.0,3,1.75,1480,8163,1.0,0,0,3,7,440,1953,0,98004,47.638,-122.206,2170,11124
545000.0,4,2.75,2650,6717,2.0,0,0,3,10,0,2014,0,98056,47.4947,-122.171,2740,7923
1699990.0,4,3.75,3320,8234,2.0,0,0,3,10,0,2014,0,98004,47.5963,-122.2,1560,8240
830000.0,3,2.5,3370,6550,2.0,0,2,4,8,530,1912,2001,98126,47.5442,-122.38,1500,6550
400000.0,6,2.0,2350,6554,2.0,0,1,3,8,350,1905,0,98178,47.5115,-122.256,1560,6554
169000.0,3,1.5,1570,6450,1.5,0,0,4,6,0,1931,0,98022,47.2021,-121.996,1400,6450
294000.0,3,1.0,1250,9427,1.0,0,0,3,6,0,1931,0,98034,47.7254,-122.175,1590,8250
325000.0,2,1.0,900,8374,1.0,0,0,3,7,0,1984,0,98034,47.7282,-122.225,1580,8965
365000.0,5,2.75,3260,9253,2.0,0,0,3,8,0,2004,0,98042,47.3674,-122.07,2770,8067
250000.0,3,1.5,2030,14400,1.0,0,0,4,7,720,1969,0,98001,47.2639,-122.285,1330,14400
405000.0,3,2.25,1590,7267,1.0,0,0,4,7,490,1976,0,98133,47.7457,-122.332,2060,8336
465000.0,3,1.75,1590,1322,2.0,0,0,3,8,530,2014,0,98144,47.5753,-122.294,1530,5400
889000.0,4,3.5,3210,5000,3.0,0,0,3,9,0,2014,0,98136,47.5203,-122.393,1360,5000
289571.0,3,1.5,1340,25160,1.0,0,0,3,7,0,1968,0,98059,47.475,-122.111,1440,23680
316000.0,1,2.0,1780,188465,2.0,0,0,3,10,0,2001,0,98045,47.4506,-121.768,1780,21094
340000.0,3,2.75,1720,28000,1.0,0,0,4,7,0,1958,0,98058,47.4375,-122.176,2000,41817
345000.0,3,1.75,1990,5650,1.0,0,1,3,7,670,1963,0,98178,47.5086,-122.252,2130,5650
799950.0,4,3.5,4220,196817,2.0,0,0,3,10,0,1993,0,98092,47.2642,-122.187,2500,195395
780000.0,3,2.5,2940,15875,2.0,0,0,3,10,0,1994,0,98075,47.5947,-122.016,2980,15875
204000.0,3,1.0,1200,12500,1.5,0,0,3,6,0,1936,0,98198,47.4162,-122.329,1200,7500
595000.0,3,1.75,1910,5753,1.0,0,3,3,8,800,1941,0,98115,47.6898,-122.327,1630,5580
463000.0,3,1.75,1710,7320,1.0,0,0,3,7,0,1948,0,98155,47.7512,-122.281,2260,8839
224000.0,3,1.75,1100,10125,1.0,0,0,4,7,0,1969,0,98092,47.3232,-122.103,1520,10125
390000.0,3,1.0,1240,3600,1.5,0,0,3,7,0,1902,0,98144,47.5986,-122.298,1680,3600
315000.0,2,1.0,770,6731,1.0,0,0,4,6,0,1943,0,98155,47.7505,-122.312,1120,9212
284000.0,3,2.5,2150,9375,1.0,0,0,3,8,600,1968,0,98188,47.4578,-122.274,1950,9100
375000.0,5,3.0,2680,8410,2.0,0,0,3,8,870,1990,0,98058,47.4401,-122.126,1860,8410
1538000.0,3,2.25,2880,7599,1.0,0,2,3,9,1170,1958,2002,98033,47.6938,-122.215,2920,12401
822600.0,4,2.5,3010,9600,1.0,0,2,3,9,1500,1979,0,98006,47.5519,-122.156,2780,10000
825000.0,4,1.5,1890,6938,1.5,0,0,3,8,0,1919,0,98116,47.5896,-122.389,1700,6250
1295000.0,5,3.5,3700,8504,2.0,0,0,3,8,950,1950,2014,98105,47.669,-122.275,2370,6246
388000.0,3,1.75,1760,9277,1.0,0,0,4,7,0,1962,0,98146,47.4977,-122.358,1760,7650
225000.0,2,2.5,1560,5333,1.0,0,0,3,5,780,1947,0,98055,47.4749,-122.213,1010,4800
690000.0,3,1.75,2070,6000,1.0,0,3,3,8,730,1955,0,98136,47.5226,-122.382,2200,6000
620000.0,4,2.0,1770,7700,1.5,0,0,4,7,0,1962,0,98007,47.5916,-122.146,1710,7700
435000.0,3,1.5,1300,3348,1.5,0,0,3,7,0,1904,2014,98144,47.592,-122.307,1590,2577
400000.0,5,2.25,2070,10488,1.0,0,0,4,7,990,1958,0,98008,47.6095,-122.122,1740,9225
440000.0,3,2.25,1760,10835,1.0,0,0,4,8,470,1976,0,98027,47.522,-122.048,2050,10488
459950.0,4,2.5,2000,6107,2.0,0,0,3,8,0,2003,0,98011,47.7557,-122.221,2040,6520
175000.0,3,1.0,1280,7572,1.0,0,0,4,6,0,1958,0,98058,47.4491,-122.176,1170,7667
400000.0,3,2.5,2180,7508,1.0,0,0,4,7,760,1962,0,98133,47.7606,-122.336,1900,7818
824500.0,4,2.5,2610,3500,1.5,0,0,5,7,1000,1927,0,98115,47.6848,-122.326,1820,3900
250000.0,3,2.5,1610,6600,2.0,0,0,3,7,0,1994,0,98003,47.2827,-122.302,1660,7689
250000.0,2,1.5,982,846,2.0,0,0,3,8,176,2006,0,98133,47.7034,-122.345,1010,3844
325000.0,3,1.75,2180,10230,1.0,0,0,4,7,1090,1961,0,98118,47.5158,-122.281,2130,7200
215000.0,3,1.5,1410,8415,1.0,0,0,4,7,630,1982,0,98023,47.2914,-122.368,1440,7361
340000.0,4,2.5,2690,6099,2.0,0,0,3,9,0,1998,0,98092,47.3314,-122.171,2520,6168
410000.0,3,2.5,1420,1269,3.0,0,0,3,7,0,2007,0,98103,47.6904,-122.342,1420,1300
160000.0,3,1.0,1060,8000,1.0,0,0,4,6,0,1927,0,98002,47.305,-122.218,1060,4697
235000.0,2,1.0,860,10500,1.0,0,0,3,6,0,1943,0,98024,47.5662,-121.886,950,10500
575000.0,3,3.5,2514,1559,2.0,0,0,3,8,490,2007,0,98034,47.7044,-122.209,2090,10454
430000.0,4,1.5,1810,7200,1.0,0,0,3,7,0,1966,0,98034,47.7207,-122.186,2060,7200
565000.0,4,2.5,2620,10016,2.0,0,0,3,8,0,1996,0,98056,47.5295,-122.179,2620,10016
497000.0,3,2.25,1450,1387,3.0,0,0,3,8,0,2000,0,98115,47.6765,-122.302,1450,1429
440000.0,2,1.0,800,4850,1.0,0,0,4,7,0,1944,0,98107,47.6639,-122.364,1150,4365
210000.0,4,1.75,1200,7680,1.0,0,0,3,7,0,1968,0,98092,47.3138,-122.192,1490,7800
850000.0,2,2.5,1611,2210,2.0,0,2,3,10,0,2005,0,98109,47.6291,-122.347,2070,2182
849000.0,4,2.75,4010,87555,2.0,0,0,3,10,0,2004,0,98038,47.4299,-121.998,2451,209523
379000.0,3,2.5,1500,7420,1.0,0,0,3,7,500,1972,0,98034,47.7236,-122.174,1840,7272
465000.0,4,2.0,1470,10291,1.0,0,0,4,7,0,1963,0,98008,47.6316,-122.121,1460,9601
285000.0,5,3.0,2110,5260,2.0,0,0,3,7,440,2002,0,98118,47.5449,-122.272,2110,5260
275000.0,3,2.5,1560,4244,2.0,0,0,3,7,0,2002,0,98038,47.3834,-122.027,1670,4251
384950.0,3,1.0,1540,7740,1.0,0,0,4,7,0,1909,0,98126,47.522,-122.375,1220,7740
500000.0,3,1.0,1370,3500,1.5,0,0,3,7,0,1905,1985,98103,47.6857,-122.348,1590,4500
288790.0,3,1.75,1290,1237,2.0,0,0,3,7,230,2008,0,98027,47.54,-122.026,1370,942
1005000.0,4,4.5,4225,284011,2.0,0,0,4,11,0,1985,0,98074,47.6118,-122.024,2870,14576
425000.0,2,2.0,1440,6677,1.0,0,0,3,7,570,1952,0,98118,47.5513,-122.264,2020,7642
2700000.0,5,4.0,4230,27295,2.0,1,4,3,8,1000,1949,1985,98033,47.6803,-122.214,2660,27295
740000.0,4,2.5,3030,8335,2.0,0,0,3,10,0,1992,0,98075,47.578,-122.056,2850,8678
525000.0,4,2.75,2500,10330,1.0,0,0,4,8,1120,1978,0,98155,47.7743,-122.286,2270,10430
467000.0,3,1.75,2660,5511,1.0,0,0,3,8,1330,1948,0,98108,47.5575,-122.3,2030,6111
495000.0,2,1.75,1280,4000,1.0,0,0,4,7,550,1929,0,98116,47.5798,-122.383,2250,5382
375000.0,4,2.0,1240,3000,1.0,0,0,3,7,200,1908,0,98122,47.6076,-122.298,1480,3500
525126.0,5,2.25,1950,8025,1.0,0,2,3,7,800,1960,0,98008,47.6159,-122.114,1780,8560
550000.0,7,4.0,3440,8100,2.0,0,0,3,7,0,1970,0,98103,47.6981,-122.349,1420,1560
420000.0,5,1.5,1890,10880,1.0,0,0,3,7,0,1962,0,98034,47.7196,-122.197,1670,9750
587500.0,4,2.25,1780,6120,1.0,0,0,3,8,470,1951,0,98115,47.6955,-122.287,1780,6120
367000.0,4,1.0,1820,5500,1.5,0,0,3,6,0,1947,0,98106,47.5185,-122.363,1140,5500
720000.0,3,2.5,2020,1159,3.0,0,3,3,8,0,2000,0,98103,47.6617,-122.356,1920,3600
415000.0,3,1.0,1500,3399,2.0,0,0,5,7,200,1926,0,98103,47.6838,-122.352,1360,3588
210000.0,3,1.0,1030,4583,1.0,0,0,3,7,0,1967,0,98198,47.4231,-122.329,1730,8023
390000.0,3,2.0,1930,12443,1.0,0,0,3,7,0,1969,0,98045,47.4906,-121.775,1400,12183
576750.0,3,2.0,2220,5000,1.0,0,0,4,7,1110,1966,0,98116,47.5807,-122.394,1450,5000
655000.0,4,2.5,3110,24466,2.0,0,0,3,9,0,1997,0,98059,47.4898,-122.127,3080,22185
1234570.0,2,2.5,2470,609,3.0,0,0,3,11,560,2011,0,98112,47.6182,-122.312,2440,1229
510000.0,5,2.0,2740,3838,1.0,0,0,4,7,1370,1959,0,98117,47.6819,-122.393,1660,4040
810000.0,4,2.5,3520,15420,2.0,0,0,3,10,0,1991,0,98074,47.6375,-122.016,3400,21455
758800.0,5,2.25,1750,5000,1.0,0,0,3,8,790,1940,0,98105,47.6589,-122.276,2580,5000
499000.0,2,1.0,1220,3000,1.0,0,0,3,7,300,1926,0,98117,47.6823,-122.365,1270,3000
172000.0,3,1.0,1350,9680,1.0,0,0,4,7,530,1959,0,98023,47.3274,-122.346,1320,9225
865000.0,4,2.5,2710,4069,3.0,0,0,4,10,0,1990,0,98122,47.604,-122.288,1810,3586
475000.0,2,1.0,890,4590,1.0,0,0,3,7,0,1923,0,98117,47.6901,-122.362,1310,4590
331950.0,4,2.5,2530,9933,2.0,0,2,3,8,520,1990,0,98092,47.2654,-122.216,2140,9933
416000.0,2,1.0,880,6650,1.0,0,0,5,6,0,1918,0,98117,47.6914,-122.372,1250,6650
359500.0,4,1.75,2030,7210,1.0,0,0,3,7,580,1968,0,98059,47.5067,-122.164,1750,8387
815000.0,3,1.5,1370,8671,1.0,0,0,3,7,0,1955,0,98004,47.6217,-122.198,1580,8671
482000.0,3,1.75,2300,16474,1.0,0,0,3,7,1080,1984,0,98072,47.7609,-122.144,1940,15601
495000.0,3,1.0,990,6000,1.0,0,0,3,6,0,1943,0,98105,47.6718,-122.267,1250,6000
550000.0,6,4.5,4520,40164,2.0,0,0,3,9,940,1953,2008,98031,47.407,-122.216,2870,13068
255000.0,2,1.0,620,4760,1.0,0,0,3,6,0,1941,0,98126,47.5292,-122.376,620,4760
407450.0,3,2.0,1810,10860,1.0,0,0,3,7,0,1967,0,98053,47.6393,-121.967,1420,11982
310000.0,2,1.0,770,8149,1.0,0,0,4,6,0,1948,0,98155,47.7439,-122.301,820,8149
910000.0,4,3.25,3340,10890,1.5,0,0,3,9,1100,1963,2000,98052,47.6677,-122.136,2880,9794
453246.0,3,2.5,2010,2287,2.0,0,0,3,8,620,2014,0,98029,47.5517,-121.998,1690,1662
384500.0,3,2.5,1600,2610,2.0,0,0,3,8,0,2005,0,98027,47.5344,-122.068,1445,1288
730000.0,4,2.5,2030,4080,1.5,0,0,4,8,300,1921,0,98115,47.6753,-122.311,1980,4080
315000.0,3,2.5,1600,7982,2.0,0,0,3,8,0,1993,0,98001,47.3397,-122.266,1890,9830
1010000.0,3,3.25,2420,1923,2.0,0,2,3,10,580,2006,0,98109,47.637,-122.341,1840,2890
1381000.0,4,3.75,3160,9525,2.5,0,0,3,10,0,1997,0,98040,47.5623,-122.221,2400,9525
847000.0,6,2.5,3010,17864,2.0,0,0,3,8,0,1969,0,98177,47.7209,-122.372,2560,11532
244950.0,4,2.5,1790,19177,1.0,0,0,4,7,0,1966,0,98030,47.3617,-122.172,1760,11726
266750.0,3,2.25,1650,10000,2.0,0,0,3,7,0,1988,0,98198,47.3862,-122.315,1420,10000
380000.0,3,1.0,1020,4800,1.0,0,0,3,7,0,1944,0,98118,47.5615,-122.272,1400,5465
895000.0,4,1.5,3390,6200,2.0,0,0,4,8,860,1916,0,98144,47.58,-122.29,3080,6000
242500.0,3,1.0,1020,5870,1.0,0,0,3,6,0,1941,0,98155,47.741,-122.314,1160,6901
216000.0,3,1.75,1580,9705,1.0,0,0,4,7,0,1977,0,98042,47.3819,-122.09,1580,9942
880000.0,4,3.25,4060,52707,2.0,0,0,4,9,0,1996,0,98077,47.7615,-122.041,3100,50755
639900.0,3,2.5,2330,4160,2.0,0,0,4,8,0,1992,0,98052,47.6367,-122.109,2940,4500
433000.0,4,1.75,1830,9600,1.0,0,0,4,7,820,1966,0,98006,47.5728,-122.125,1910,11100
370000.0,3,2.5,1980,6922,2.0,0,0,5,8,0,1991,0,98031,47.396,-122.184,2090,7697
365000.0,3,1.0,1090,6435,1.0,0,0,4,7,0,1955,0,98106,47.5334,-122.365,1340,6435
530000.0,3,0.75,920,20412,1.0,1,2,5,6,0,1950,0,98070,47.4781,-122.49,1162,54705
295500.0,3,1.75,1590,41550,1.5,0,0,3,6,300,1933,1989,98168,47.4817,-122.28,2990,6464
495000.0,5,3.25,2500,7620,1.0,0,3,3,7,1250,1962,0,98106,47.5298,-122.344,2020,7620
218250.0,3,1.5,1080,9774,1.0,0,0,3,7,0,1968,0,98023,47.3155,-122.401,1190,9611
208000.0,3,1.5,1210,7247,1.0,0,0,4,7,0,1967,0,98003,47.328,-122.321,1370,7869
329932.0,3,1.5,1460,5040,1.0,0,0,3,7,360,1971,0,98133,47.7112,-122.357,2330,7560
520000.0,4,3.5,2680,10000,2.0,0,0,3,8,640,1942,2014,98125,47.726,-122.296,1530,8000
475000.0,3,1.75,1550,4054,1.5,0,0,4,7,0,1926,0,98115,47.6743,-122.301,1510,3889
506000.0,3,2.5,2100,213008,1.0,0,0,3,8,0,1990,0,98092,47.2984,-122.144,1330,214315
336000.0,2,1.0,1180,7200,1.0,0,0,4,6,0,1949,0,98133,47.7475,-122.342,1180,7200
864000.0,4,2.5,3190,49658,2.0,0,0,3,10,0,1999,0,98074,47.6216,-122.015,3040,49658
450000.0,4,2.75,1540,4840,1.0,0,2,4,7,690,1929,0,98126,47.5491,-122.375,1180,4840
631000.0,4,2.0,1930,3240,1.5,0,0,4,7,0,1911,0,98122,47.6156,-122.299,1480,3600
563500.0,3,2.5,1400,1312,3.5,0,0,3,8,0,2007,0,98103,47.6534,-122.355,1350,1312
425000.0,2,1.0,750,4000,1.0,0,0,2,6,0,1933,0,98108,47.54,-122.32,1160,4000
212000.0,3,1.75,1470,8350,1.0,0,0,3,7,0,1990,0,98001,47.2587,-122.253,1590,8182
417500.0,5,1.75,2060,10911,1.0,0,0,4,7,700,1954,0,98177,47.7767,-122.365,2060,9688
402000.0,3,1.75,1580,6127,1.5,0,0,5,7,0,1947,0,98125,47.7192,-122.32,1500,6128
430000.0,3,2.0,1730,9000,1.0,0,0,3,8,360,1978,0,98027,47.5202,-122.047,2390,10000
120000.0,2,1.0,990,39964,1.0,0,0,2,4,0,1945,0,98042,47.3577,-122.085,1560,8990
280000.0,3,2.0,1780,11342,1.0,0,0,3,7,0,1964,0,98148,47.4617,-122.327,2140,8449
342000.0,3,1.75,1660,16275,2.0,0,0,3,7,0,1990,0,98014,47.6903,-121.915,1520,16275
775000.0,5,2.75,3750,12077,2.0,0,4,3,10,0,2005,0,98038,47.3525,-122.002,3120,7255
969000.0,4,2.0,2450,5000,2.0,0,4,5,8,250,1919,0,98116,47.5619,-122.405,2360,6090
1060000.0,4,2.5,2250,10160,2.0,0,0,5,8,0,1967,0,98040,47.5645,-122.219,2660,10125
975000.0,5,2.5,3020,9648,1.0,0,2,4,9,1040,1977,0,98006,47.5586,-122.134,2890,12598
162248.0,2,1.0,800,8960,1.0,0,0,4,6,0,1944,0,98058,47.4756,-122.174,850,8082
685000.0,2,1.5,1090,4013,1.5,0,0,3,7,0,1900,0,98103,47.6652,-122.338,1390,4013
176000.0,3,2.25,1540,5449,1.0,0,0,2,7,360,1989,0,98023,47.29,-122.358,1460,6740
829995.0,5,3.25,3360,6120,2.0,0,0,3,9,0,2014,0,98074,47.607,-122.053,3230,5398
1325000.0,3,2.25,2360,5504,2.0,0,0,4,8,280,1913,0,98122,47.617,-122.288,2840,5470
225000.0,3,1.0,1010,15701,1.0,0,0,4,7,0,1949,0,98188,47.4518,-122.292,1260,9800
420000.0,2,1.5,1100,1107,3.0,0,0,3,8,0,2008,0,98103,47.6584,-122.35,1110,2750
1568000.0,3,2.75,2340,8828,1.0,0,0,4,9,0,1954,0,98112,47.632,-122.289,3480,8526
315000.0,3,1.75,1900,7076,1.0,0,0,3,7,770,1977,0,98155,47.7569,-122.326,1540,10113
620000.0,3,1.75,2040,4005,1.5,0,0,4,8,300,1930,0,98117,47.6885,-122.38,1380,4005
408000.0,3,2.5,2620,8403,2.0,0,0,3,8,0,1991,0,98038,47.3675,-122.042,2190,7842
699000.0,5,2.75,2970,36817,2.0,0,0,4,8,0,1978,0,98072,47.7731,-122.139,2730,29150
3640900.0,4,3.25,4830,22257,2.0,1,4,4,11,0,1990,0,98039,47.6409,-122.241,3820,25582
389700.0,3,2.5,1720,3581,2.0,0,0,3,7,0,2011,0,98053,47.6861,-122.013,1720,3600
1227500.0,4,2.5,3180,10319,2.0,0,0,4,11,0,1986,0,98040,47.5372,-122.232,3130,12120
273000.0,3,2.25,2160,7964,2.0,0,0,3,8,0,1991,0,98042,47.3622,-122.074,2000,7964
600000.0,4,2.5,1960,14242,1.0,0,1,4,8,670,1958,0,98146,47.4947,-122.369,2490,10907
540000.0,4,4.25,1960,3565,2.0,0,0,3,7,0,1940,2003,98116,47.5849,-122.384,1920,5750
420000.0,3,3.0,2700,47050,2.0,0,0,4,9,1130,1986,0,98058,47.4446,-122.104,2260,45901
279950.0,3,2.25,1850,7480,2.0,0,0,3,7,0,1978,0,98058,47.452,-122.159,1870,7480
707000.0,4,3.25,3200,7081,2.0,0,0,3,9,0,2004,0,98075,47.5886,-121.989,3120,6094
1370000.0,4,2.75,3720,9450,1.0,0,4,5,10,1760,1962,0,98006,47.5627,-122.156,2900,8605
257500.0,3,2.25,1715,6819,2.0,0,0,3,7,0,1995,0,98003,47.3097,-122.327,2238,6819
449950.0,4,2.5,2470,3811,2.0,0,0,3,8,0,1999,0,98065,47.5362,-121.877,2400,4266
420000.0,2,1.0,1460,7832,1.0,0,0,3,6,0,1924,0,98166,47.4617,-122.346,1460,7632
423000.0,4,1.75,1730,7245,1.0,0,0,4,7,850,1955,0,98007,47.5995,-122.144,1550,7245
510000.0,2,1.0,1310,4000,1.0,0,0,3,6,0,1913,0,98103,47.6854,-122.329,1550,4000
610000.0,3,1.0,1000,4959,1.0,0,0,3,8,0,1945,0,98105,47.6629,-122.277,2240,4959
260000.0,5,2.5,2025,7760,2.0,0,0,3,7,0,2007,0,98001,47.2671,-122.256,1664,9000
555000.0,3,1.75,2040,6000,1.0,0,0,5,7,920,1958,0,98116,47.5688,-122.397,1530,6250
500000.0,4,2.25,2050,7201,2.0,0,0,3,8,0,1994,0,98033,47.7003,-122.165,1970,7350
870000.0,5,4.0,3400,5000,2.0,0,0,3,8,1080,1900,2013,98107,47.6655,-122.363,1910,5000
1149000.0,4,3.0,5940,11533,2.0,0,4,3,11,990,2004,0,98065,47.5443,-121.87,4240,12813
465000.0,4,1.75,1810,21650,2.0,0,0,4,7,0,1961,0,98077,47.7358,-122.076,2700,29680
530000.0,3,1.75,1520,9605,1.0,0,0,3,7,0,1975,0,98052,47.667,-122.142,2040,9900
552000.0,2,2.5,1380,951,3.0,0,0,3,9,0,2006,0,98103,47.6654,-122.355,1430,3400
503000.0,3,2.5,2190,4882,2.0,0,0,3,9,0,1999,0,98155,47.7641,-122.306,2190,7055
477000.0,3,1.75,1780,8085,1.0,0,0,3,7,570,1976,0,98011,47.7357,-122.197,1780,8085
385000.0,4,3.25,1790,2460,2.0,0,0,4,7,690,2000,0,98106,47.534,-122.346,1260,4040
645500.0,2,1.0,1890,5202,1.5,0,0,4,7,0,1909,0,98117,47.6786,-122.379,1670,5100
250000.0,4,2.75,1830,6643,2.0,0,0,3,8,0,2001,0,98001,47.2601,-122.286,2400,6472
295000.0,4,2.5,1810,4871,2.0,0,0,3,8,0,1999,0,98031,47.4088,-122.192,1850,5003
368000.0,4,2.0,3160,11193,1.0,0,0,5,6,750,1942,0,98056,47.4937,-122.184,1020,5940
420000.0,5,3.0,2630,3149,2.0,0,0,3,8,960,2013,0,98056,47.5065,-122.171,2240,4825
225000.0,4,1.0,1150,6000,1.5,0,0,3,6,0,1907,0,98118,47.562,-122.283,840,3030
335000.0,2,1.0,1800,8900,1.0,0,0,3,6,900,1945,0,98168,47.51,-122.323,2040,10450
652100.0,3,2.5,2380,5017,2.0,0,0,3,9,0,2003,0,98074,47.6297,-122.021,2670,6066
366000.0,3,2.25,1445,1028,2.0,0,0,3,7,145,2005,0,98027,47.5339,-122.067,1445,1377
1355000.0,4,3.5,3550,11000,1.0,0,2,3,11,1290,1999,0,98006,47.5506,-122.134,4100,10012
453000.0,3,2.5,1750,3900,2.0,0,0,3,8,0,1977,0,98052,47.6638,-122.129,1750,5700
600000.0,3,2.25,2230,9053,2.0,0,0,4,9,0,1987,0,98007,47.6594,-122.144,2390,8038
799950.0,5,3.75,3760,4702,2.0,0,0,3,9,980,2014,0,98034,47.7202,-122.223,2950,5981
475000.0,3,1.0,1380,4635,1.0,0,0,4,6,0,1919,0,98144,47.57,-122.285,1790,4635
313300.0,2,1.0,970,4800,1.0,0,0,3,6,0,1911,1940,98116,47.5754,-122.414,1180,5900
168000.0,3,1.0,1200,7210,1.0,0,0,4,6,0,1977,0,98030,47.3729,-122.183,1200,7650
555000.0,4,1.75,1760,94525,1.5,0,0,3,7,0,1988,0,98075,47.5882,-122.07,3030,34848
270000.0,5,1.5,1930,7480,2.0,0,0,3,7,0,1966,0,98058,47.4503,-122.157,1480,7705
522000.0,3,1.75,1730,8400,1.0,0,0,4,7,330,1980,0,98052,47.6792,-122.115,1830,8636
465000.0,2,2.25,1390,1222,3.0,0,0,3,7,50,2009,0,98052,47.6754,-122.121,1480,1369
460000.0,3,1.75,1210,7500,1.0,0,0,3,7,0,1951,0,98027,47.5294,-122.033,1250,6000
425000.0,3,1.0,1180,3750,1.0,0,0,3,6,150,1940,0,98116,47.5726,-122.382,1280,3750
783350.0,4,2.5,3290,35001,2.0,0,0,3,10,0,1991,0,98077,47.7231,-122.038,4090,40371
450000.0,3,2.5,1460,7573,2.0,0,0,3,8,0,1983,0,98007,47.6012,-122.141,1910,7668
535000.0,3,2.75,1320,1125,3.0,0,0,3,8,0,2008,0,98103,47.6598,-122.348,1320,1266
473000.0,5,3.5,3430,6872,2.0,0,0,3,10,600,2002,0,98031,47.4065,-122.207,3650,6600
760000.0,3,1.5,1170,7645,1.0,0,0,4,7,0,1955,0,98004,47.6077,-122.194,1870,7678
326000.0,5,2.75,2166,6342,2.0,0,0,3,8,0,2013,0,98042,47.3461,-122.152,2474,5948
585000.0,3,1.75,1850,7735,1.0,0,0,4,8,0,1983,0,98027,47.5608,-122.082,2220,7639
500000.0,4,1.5,1330,5750,1.5,0,2,3,7,0,1915,0,98116,47.5681,-122.384,1360,5750
190848.0,4,1.5,1370,7904,1.0,0,0,3,7,470,1970,0,98001,47.3344,-122.28,1370,7900
425000.0,2,1.0,910,4635,1.0,0,0,4,6,0,1905,0,98107,47.675,-122.393,1740,5000
314000.0,4,2.5,2340,8990,2.0,0,0,3,8,0,2003,0,98038,47.3781,-122.03,2980,6718
502000.0,3,1.0,1710,5000,1.0,0,0,5,7,570,1921,0,98116,47.5719,-122.385,1670,4000
459900.0,3,2.25,2250,8000,1.0,0,0,3,8,790,1976,0,98034,47.7229,-122.202,1930,9000
580000.0,3,3.25,1490,857,3.0,0,0,3,8,270,2001,0,98102,47.6357,-122.324,1550,1092
279000.0,3,2.5,1500,7350,1.0,0,0,2,7,440,1979,0,98023,47.3025,-122.382,1390,7770
420000.0,3,1.0,1440,5623,1.0,0,0,4,6,720,1922,0,98115,47.696,-122.319,1280,5623
310000.0,3,1.0,1010,9945,1.0,0,0,4,6,0,1973,0,98065,47.5324,-121.763,1390,12710
660000.0,3,3.25,1980,2850,3.0,0,0,3,7,0,1987,0,98103,47.6597,-122.331,1630,4560
420000.0,3,1.5,1130,5413,1.0,0,0,3,7,190,1946,0,98125,47.7021,-122.32,1400,7168
735000.0,4,3.5,3200,7605,2.0,0,2,3,9,700,2013,0,98198,47.3443,-122.327,2240,4416
989000.0,5,3.5,3280,4000,2.0,0,0,3,9,840,2003,0,98117,47.689,-122.396,1980,4000
110000.0,2,1.0,828,4524,1.0,0,0,3,6,0,1968,2007,98001,47.2655,-122.244,828,5402
420000.0,3,2.5,2390,3903,2.0,0,0,3,8,420,2006,0,98072,47.7515,-122.174,2390,3431
199950.0,3,1.75,1550,6225,1.0,0,0,4,7,0,1949,0,98002,47.3098,-122.218,1760,9496
185000.0,2,1.0,900,8000,1.0,0,0,4,6,0,1954,0,98198,47.4217,-122.317,1240,8000
517000.0,3,1.75,1740,10000,1.0,0,0,3,7,0,1976,2009,98074,47.617,-122.058,1350,7500
615000.0,3,2.25,1870,4894,2.0,0,0,4,8,120,1992,0,98033,47.6943,-122.19,1920,5988
509250.0,2,1.5,1480,3120,1.0,0,0,3,7,550,1914,2007,98105,47.6684,-122.323,1000,3780
302000.0,5,2.0,1540,9629,1.0,0,0,4,7,0,1960,0,98059,47.4915,-122.143,2260,9600
834950.0,5,2.75,3230,6500,2.0,0,0,3,9,0,2014,0,98074,47.6237,-122.023,3180,7624
569000.0,3,2.5,2150,8060,2.0,0,0,3,8,0,1995,0,98033,47.6952,-122.188,2150,7172
645000.0,3,3.75,2050,6000,2.0,0,0,5,7,500,1910,0,98103,47.6873,-122.332,1780,4000
395000.0,3,2.0,1890,14040,2.0,0,0,3,7,0,1994,0,98019,47.7277,-121.962,1890,14018
263000.0,3,1.75,1410,8100,2.0,0,0,3,7,0,1985,0,98038,47.3617,-122.046,1560,8100
650000.0,3,2.5,2540,8073,1.0,0,0,4,8,660,1937,0,98177,47.7176,-122.36,2110,7702
303000.0,2,2.0,970,9750,1.0,0,0,5,6,0,1940,0,98146,47.5073,-122.372,1850,9000
486700.0,2,1.0,1200,6278,1.0,0,0,3,7,120,1942,0,98103,47.7001,-122.351,1200,6211
240000.0,2,1.0,590,8717,1.0,0,0,3,6,0,1953,0,98133,47.7343,-122.335,1370,6760
397500.0,3,1.0,1480,5100,1.5,0,0,3,7,0,1938,1959,98103,47.6915,-122.348,1300,5100
675000.0,4,2.5,2040,9225,1.0,0,0,5,8,430,1968,0,98052,47.636,-122.097,1730,9225
385000.0,4,1.75,1970,10358,1.0,0,0,3,8,430,1977,0,98028,47.7719,-122.255,1900,10358
260000.0,3,2.5,1510,6095,2.0,0,0,4,7,0,1991,0,98038,47.3498,-122.037,1520,6000
690000.0,4,3.5,1930,5400,1.5,0,2,3,7,0,1920,0,98116,47.5679,-122.409,1500,3340
540000.0,3,1.75,1680,4240,1.5,0,0,4,7,0,1926,0,98144,47.5745,-122.311,1460,4240
1029900.0,3,2.5,3680,13384,2.0,0,0,3,10,0,1994,0,98006,47.5484,-122.119,3600,11306
221900.0,3,1.0,1180,5650,1.0,0,0,3,7,0,1955,0,98178,47.5112,-122.257,1340,5650
1100000.0,4,2.5,2910,8881,2.0,0,1,3,10,970,1932,0,98199,47.6424,-122.411,2540,5250
265900.0,3,2.0,1180,7793,1.0,0,0,4,7,0,1992,0,98031,47.4053,-122.181,1720,7793
590000.0,3,2.0,1650,6150,2.0,0,0,4,7,0,1926,1993,98116,47.5713,-122.394,1280,6150
720000.0,3,2.25,2120,9297,2.0,0,0,4,8,0,1981,0,98006,47.5561,-122.154,2620,10352
305240.0,3,1.0,1300,9000,1.0,0,0,3,7,0,1956,0,98133,47.7352,-122.337,1500,9600
1454000.0,5,4.0,4070,11334,2.0,0,0,3,10,0,2014,0,98033,47.6771,-122.187,2640,9401
755000.0,6,2.0,2150,4505,1.0,0,0,3,7,880,1952,0,98119,47.6514,-122.369,1740,4505
249950.0,3,1.75,1120,15210,1.0,0,0,5,7,0,1976,0,98042,47.3659,-122.113,1710,8470
772500.0,4,1.0,1720,4410,1.5,0,2,3,7,0,1928,0,98117,47.6791,-122.402,2140,4500
491300.0,3,1.75,1750,11340,1.0,0,1,4,7,450,1987,0,98074,47.6099,-122.058,2310,11340
390500.0,2,1.75,1460,426450,1.0,0,0,5,7,500,1966,0,98022,47.2079,-121.967,1810,17350
570000.0,3,2.25,2180,9246,2.0,0,0,3,9,0,1984,0,98074,47.6215,-122.031,2300,9298
349990.0,4,2.5,2220,3561,2.0,0,0,3,8,0,2014,0,98038,47.3561,-122.063,2530,4449
610000.0,3,1.75,1110,10402,1.0,0,0,4,7,0,1967,0,98006,47.5676,-122.177,2050,9660
119500.0,3,1.0,1170,11000,1.0,0,0,2,6,0,1980,0,98019,47.7346,-121.983,1590,10894
269000.0,2,1.5,1010,6000,1.0,0,0,4,7,0,1923,0,98178,47.498,-122.222,1290,6000
712000.0,4,2.5,2730,4385,2.0,0,0,3,8,0,2001,0,98075,47.5975,-122.038,2670,4644
662700.0,2,1.5,2440,6900,2.0,0,0,3,7,850,1910,0,98118,47.5568,-122.271,1770,6900
209000.0,3,1.0,920,5200,1.0,0,0,4,6,0,1969,0,98042,47.3647,-122.082,920,4875
936000.0,4,2.5,3330,8897,2.0,0,0,3,10,0,2001,0,98074,47.6484,-122.08,3150,7515
284900.0,2,1.5,1160,982,2.0,0,0,3,7,270,2006,0,98155,47.7675,-122.315,1160,1008
425000.0,3,1.75,2500,6840,1.0,0,0,3,8,1200,1957,0,98125,47.7222,-122.32,1580,8691
341000.0,3,1.0,1390,4814,1.5,0,0,3,6,0,1908,0,98115,47.6881,-122.32,1730,3990
241000.0,2,1.75,1070,9750,1.5,0,0,3,7,0,1995,0,98014,47.7131,-121.319,970,9750
749000.0,4,2.0,2040,11850,1.0,0,2,3,7,1020,1959,0,98033,47.6891,-122.208,2040,8504
267000.0,3,2.25,1584,2800,2.0,0,0,3,7,0,2012,0,98002,47.3454,-122.214,1584,2800
209995.0,2,1.0,700,7303,1.0,0,0,5,5,0,1953,0,98056,47.4934,-122.166,960,6060
340000.0,4,2.5,2441,7316,2.0,0,0,3,8,0,2007,0,98023,47.3237,-122.337,2724,7357
305000.0,3,2.0,1680,8487,1.0,0,0,3,7,0,1993,0,98022,47.1959,-122.01,2080,8560
325000.0,2,1.0,1060,5703,1.0,0,2,4,6,0,1946,0,98198,47.3444,-122.327,2240,4416
625000.0,3,2.25,2570,47480,1.0,0,0,3,9,0,1979,0,98053,47.6854,-122.079,2570,106722
775000.0,3,1.75,3520,12350,1.0,0,4,4,8,1990,1960,0,98116,47.5837,-122.382,2140,7800
550000.0,3,2.75,2330,4780,2.0,0,3,3,8,600,1930,1988,98198,47.3459,-122.326,1100,5336
1599950.0,5,4.5,5130,43123,2.0,0,0,3,11,0,1996,0,98006,47.544,-122.126,4670,43560
483000.0,4,1.5,1220,3780,1.5,0,0,3,7,0,1927,0,98107,47.6667,-122.36,1400,3185
713900.0,3,2.5,3370,167706,1.0,0,0,3,10,0,2000,0,98038,47.4379,-122.022,3350,213444
712000.0,3,2.0,1700,5100,1.5,0,0,4,7,200,1924,0,98117,47.679,-122.39,1700,5100
382000.0,3,2.25,1800,4500,2.0,0,0,3,7,0,1995,0,98019,47.7462,-121.98,1760,6589
661000.0,4,3.25,2600,2074,2.0,0,0,3,8,450,2011,0,98027,47.5402,-122.028,2510,2074
455000.0,2,1.0,1030,5000,1.0,0,0,5,6,0,1917,0,98107,47.6585,-122.363,1550,5000
469950.0,5,2.0,1220,4200,1.0,0,0,4,6,130,1921,0,98105,47.6677,-122.321,1790,4200
541000.0,3,2.5,1790,4038,2.0,0,0,3,8,0,2005,0,98029,47.5499,-121.998,1700,3365
293000.0,4,2.5,2019,4435,2.0,0,3,3,8,0,2008,0,98022,47.1958,-121.974,1950,4800
368000.0,3,2.5,2080,4307,2.0,0,0,3,7,0,2004,0,98065,47.53,-121.848,2080,4947
680000.0,4,2.5,3490,3677,2.0,0,0,3,9,640,2007,0,98072,47.774,-122.162,3440,3600
273148.0,3,1.75,1710,7210,1.0,0,0,4,7,470,1974,0,98031,47.4094,-122.175,1840,7245
510000.0,3,1.75,2170,26460,1.0,0,0,3,8,720,1986,0,98074,47.6147,-122.045,2090,29075
595000.0,3,2.5,1750,3354,2.0,0,0,4,7,0,1991,0,98033,47.6953,-122.199,1750,4286
239950.0,3,1.75,1230,9600,1.0,0,0,4,7,0,1984,0,98042,47.3675,-122.095,1330,8250
500000.0,4,2.5,2040,6685,2.0,0,0,3,8,0,1998,0,98133,47.7413,-122.354,1890,8253
465000.0,4,2.75,2190,3267,2.0,0,0,3,8,0,2004,0,98072,47.7751,-122.168,2190,3619
825000.0,4,2.5,3220,5262,2.0,0,0,3,9,0,2003,0,98033,47.6878,-122.162,3220,4921
359999.0,4,2.25,3220,7700,2.0,0,0,4,8,0,1976,0,98023,47.3188,-122.38,2570,7700
217000.0,3,1.0,1110,9827,1.0,0,0,3,7,0,1966,0,98198,47.369,-122.311,1540,10187
280000.0,3,2.75,1740,5639,1.0,0,3,3,7,0,2010,0,98022,47.1942,-121.977,2380,5331
360000.0,2,1.0,780,4200,1.0,0,0,3,6,0,1920,0,98118,47.5381,-122.267,1620,6000
240000.0,3,2.0,1030,11118,1.0,0,0,5,7,0,1970,0,98003,47.3463,-122.308,1300,7920
372000.0,4,1.75,1960,9300,1.0,0,0,5,7,620,1979,0,98045,47.4487,-121.772,1500,9752
879000.0,4,3.0,3590,89640,2.0,0,0,3,10,0,2005,0,98077,47.7557,-122.036,2790,54014
510000.0,3,1.75,1370,6700,1.0,0,0,3,8,0,1940,2012,98117,47.6982,-122.362,1180,6694
1005000.0,3,2.5,2570,5000,1.0,0,0,4,8,1090,1940,0,98105,47.6578,-122.285,2420,5484
355000.0,3,1.5,1240,15867,1.0,0,0,3,7,0,1962,0,98034,47.7167,-122.202,1570,9600
207500.0,3,1.75,1320,12528,1.0,0,0,4,7,0,1970,0,98042,47.3234,-122.142,1340,11039
262000.0,3,2.5,1970,8727,2.0,0,0,3,7,0,1995,0,98092,47.3263,-122.189,1670,9168
610000.0,3,2.0,2300,13418,1.0,0,0,3,8,870,1955,0,98004,47.6075,-122.2,2140,9380
950000.0,5,2.0,2940,5500,2.0,0,0,4,9,600,1909,0,98102,47.6466,-122.321,2940,5500
998800.0,3,2.0,2250,8000,1.0,0,2,4,9,0,1955,0,98177,47.7077,-122.378,2880,10960
375000.0,4,2.5,1800,8432,1.0,0,0,4,7,600,1960,0,98133,47.7463,-122.336,1780,8432
315000.0,4,2.5,2740,8400,1.5,0,2,3,8,0,1993,0,98022,47.1947,-122.008,2030,8638
419950.0,4,1.75,1870,16549,1.0,0,0,3,8,0,1969,0,98072,47.7482,-122.083,1870,10804
399950.0,3,3.0,1860,2875,2.0,0,0,3,8,150,2009,0,98126,47.5511,-122.373,1350,4830
600000.0,2,1.75,1560,3200,1.0,0,0,5,7,680,1946,0,98199,47.6419,-122.394,2060,4940
535900.0,3,2.25,1880,10880,1.0,0,0,3,8,400,1975,0,98008,47.5937,-122.116,2120,10240
729000.0,3,4.25,3300,308080,2.0,0,2,4,9,780,1976,0,98070,47.3979,-122.416,2130,90604
2225000.0,4,4.25,4700,10800,2.0,0,1,3,11,790,2002,0,98033,47.6882,-122.214,2370,7680
1651000.0,4,3.25,3640,13530,1.0,0,0,3,9,1070,1924,2000,98039,47.6293,-122.238,2760,15000
350000.0,4,2.5,2800,9538,2.0,0,0,3,8,0,1993,0,98003,47.2675,-122.307,1970,7750
243000.0,3,1.0,1500,6600,1.0,0,0,2,6,0,1970,0,98168,47.4845,-122.33,1730,6600
1170000.0,4,2.5,2570,6251,2.0,0,0,3,9,0,2000,0,98004,47.593,-122.197,2570,9588
283450.0,5,2.75,2770,6116,1.0,0,0,3,7,1280,1979,0,98168,47.4847,-122.291,1920,6486
235000.0,2,1.0,670,5600,1.0,0,0,3,6,0,1903,0,98108,47.5498,-122.304,1960,7176
390000.0,3,1.5,1180,7700,1.0,0,0,4,7,0,1959,0,98007,47.6133,-122.133,1510,8800
705000.0,6,2.0,2570,4240,1.5,0,0,4,7,600,1911,0,98115,47.6754,-122.307,2030,4240
545000.0,2,2.0,1430,3880,1.0,0,0,4,7,0,1949,0,98117,47.6844,-122.392,1430,3880
1365000.0,4,4.75,5310,57346,2.0,0,0,4,11,0,1989,0,98077,47.7285,-122.042,4180,47443
290300.0,2,1.0,860,3874,1.0,0,0,4,6,0,1931,0,98055,47.4836,-122.204,1400,5106
299000.0,3,1.75,1180,13927,1.0,0,0,5,7,0,1962,0,98059,47.4818,-122.094,1400,13173
550000.0,3,1.0,1600,5000,1.5,0,0,3,7,490,1947,0,98107,47.655,-122.358,1380,5000
185000.0,3,1.75,1430,10816,2.0,0,0,3,7,0,1994,0,98010,47.3122,-121.996,1560,10816
285000.0,3,2.5,1320,955,3.0,0,0,3,7,0,2009,0,98106,47.5202,-122.357,1300,1003
305000.0,4,2.5,1900,7000,1.0,0,0,2,7,480,1968,0,98023,47.3092,-122.376,1600,7600
337500.0,4,2.5,2330,4907,2.0,0,0,3,7,0,2013,0,98042,47.359,-122.081,2300,3836
1280000.0,4,3.5,4660,17398,2.0,0,2,3,11,0,2003,0,98006,47.5422,-122.112,5080,24913
335000.0,2,2.0,1380,5840,1.0,0,0,3,7,0,1988,0,98011,47.7732,-122.172,1810,5035
320000.0,3,1.5,1400,9087,1.0,0,0,3,7,0,1954,0,98133,47.7711,-122.34,1490,8380
370000.0,4,3.0,2490,5706,2.0,0,0,3,9,0,2005,0,98042,47.3509,-122.165,2650,5880
986000.0,3,2.5,2380,16080,1.0,0,2,4,9,1040,1964,0,98136,47.5262,-122.386,2560,10070
1000000.0,4,2.5,2610,3277,1.5,0,0,5,8,690,1922,0,98103,47.6636,-122.33,1810,3277
455000.0,2,1.0,830,4000,1.0,0,0,4,6,0,1947,0,98117,47.6909,-122.381,1420,4000
760000.0,4,2.5,2920,7901,2.0,0,0,3,9,0,2004,0,98052,47.7036,-122.125,3020,7900
421000.0,2,1.5,1400,11245,1.0,0,0,5,7,0,1947,0,98155,47.7469,-122.321,1220,11241
239900.0,2,1.0,910,9000,1.0,0,0,4,6,0,1983,0,98045,47.4463,-121.771,1410,9440
222000.0,3,1.0,990,7520,1.0,0,0,4,7,0,1958,0,98002,47.285,-122.207,990,7440
268750.0,4,1.0,800,8775,1.0,0,0,3,6,0,1943,0,98166,47.48,-122.336,1310,8775
212000.0,3,1.75,1060,7875,1.0,0,0,4,7,0,1986,0,98092,47.2761,-122.152,1420,7680
209950.0,3,1.0,1660,8800,1.0,0,0,4,7,700,1963,0,98023,47.3212,-122.352,1370,10112
366000.0,3,2.5,1320,4320,1.0,0,0,3,6,660,1918,0,98106,47.5327,-122.347,1190,4200
399950.0,3,1.75,1560,5223,1.0,0,0,4,7,750,1940,0,98125,47.7175,-122.288,1440,8491
274000.0,4,2.25,2090,7400,1.0,0,0,3,9,420,1973,0,98023,47.3178,-122.38,2260,8000
295000.0,2,1.0,1300,39639,1.0,0,0,4,6,0,1960,0,98070,47.466,-122.452,1880,98881
571000.0,4,2.25,2290,9900,1.0,0,2,4,8,740,1959,0,98166,47.4434,-122.343,2320,9900
460000.0,3,1.75,1400,2003,1.0,0,0,4,8,700,1908,2006,98119,47.6508,-122.368,1370,1281
277000.0,4,3.0,1960,5160,1.0,0,0,3,7,790,2001,0,98106,47.5313,-122.36,1960,5160
452000.0,4,1.75,1570,8268,1.0,0,0,3,7,0,1979,0,98011,47.7373,-122.197,1870,8190
200000.0,2,1.0,1730,9610,1.0,0,0,3,7,350,1962,0,98001,47.2956,-122.285,1310,9812
1525000.0,4,4.25,4720,21000,3.0,0,4,5,11,0,1971,0,98177,47.7591,-122.376,3010,20000
435000.0,3,1.75,1500,8173,1.0,0,0,3,7,0,1997,0,98034,47.7293,-122.227,1970,8173
1595000.0,5,3.0,3640,8239,2.0,0,3,3,10,1100,1982,0,98008,47.5842,-122.111,3330,10643
264500.0,3,2.25,1370,7087,2.0,0,0,3,7,0,1993,0,98038,47.3504,-122.035,1400,6600
890000.0,4,3.25,3180,194278,2.0,0,0,3,10,0,2005,0,98059,47.4711,-122.084,2200,178160
252000.0,3,1.0,1300,8184,2.0,0,0,3,6,0,1947,0,98155,47.7469,-122.319,1120,8184
1309500.0,4,4.5,4750,13912,2.0,0,2,3,10,1150,2005,0,98118,47.5332,-122.265,3600,22124
250000.0,3,2.0,1470,2781,2.0,0,0,3,6,0,2003,0,98038,47.349,-122.024,1360,3008
615750.0,4,2.0,2140,6360,2.0,0,0,3,7,300,1945,0,98115,47.687,-122.286,1690,6360
525000.0,4,2.75,2530,17856,2.0,0,0,3,8,0,1998,0,98019,47.7356,-121.959,2530,14640
805000.0,4,2.5,3160,35225,2.0,0,1,3,9,910,1992,0,98006,47.5672,-122.111,3460,17223
525888.0,5,1.75,2550,71874,1.0,0,0,5,7,740,1960,0,98027,47.4845,-122.08,2170,51400
1161000.0,4,2.5,2960,26742,1.0,0,3,3,8,1480,1949,1996,98115,47.6846,-122.268,2500,9460
869000.0,2,1.75,1900,13122,1.0,1,4,3,7,800,1954,0,98178,47.5121,-122.248,1650,13160
420000.0,3,1.5,2390,4600,2.0,0,0,3,8,640,1920,1995,98118,47.5383,-122.268,1690,5220
250000.0,3,2.25,1640,4420,2.0,0,0,4,7,0,1918,1983,98002,47.311,-122.21,1230,6632
184500.0,3,1.5,1280,3640,2.0,0,0,3,6,0,1983,0,98002,47.334,-122.214,1150,4105
550000.0,3,1.0,1140,8180,1.0,0,0,3,7,0,1959,0,98005,47.5851,-122.172,1510,8588
750000.0,4,2.75,2600,4674,1.0,0,0,3,8,1040,1976,0,98115,47.6782,-122.286,2600,6099
695500.0,5,2.75,2510,9180,1.0,0,1,4,8,910,1975,0,98052,47.6389,-122.098,2650,9780
845000.0,5,2.0,1720,9972,1.0,0,0,4,8,0,1951,0,98004,47.6368,-122.218,2700,9023
309000.0,3,2.5,1950,3825,2.0,0,0,3,7,0,2013,0,98042,47.3588,-122.082,1950,3825
330000.0,3,2.25,2220,4060,1.0,0,0,3,7,890,1993,0,98118,47.5188,-122.265,1930,5625
199000.0,3,1.75,1050,9871,1.0,0,0,5,7,0,1968,0,98042,47.3816,-122.087,1300,10794
1165000.0,4,3.75,3920,4500,3.0,0,0,3,8,0,2013,0,98103,47.6805,-122.346,2040,3000
565000.0,4,1.75,2140,7102,1.0,0,0,4,7,1070,1948,0,98177,47.7042,-122.37,1950,7102
1735000.0,4,2.25,3040,5000,2.0,0,3,4,9,960,1926,0,98105,47.6565,-122.278,2870,5000
231000.0,3,1.75,1220,8817,1.0,0,0,3,7,0,1978,0,98023,47.3111,-122.396,2000,8028
665000.0,4,2.0,2970,52567,2.0,0,0,3,8,0,1924,1985,98072,47.7333,-122.128,3280,46676
210000.0,2,1.0,1520,4700,2.0,0,0,4,7,0,1978,0,98092,47.3187,-122.182,1140,3906
479000.0,4,2.5,2370,30378,2.0,0,0,3,8,0,1996,0,98042,47.3389,-122.066,2870,34834
525000.0,4,2.25,2660,7957,1.0,0,0,4,8,910,1977,0,98011,47.7351,-122.199,1890,8250
340000.0,3,1.75,2650,7378,1.0,0,0,3,7,1190,1952,0,98155,47.7525,-122.315,1600,7616
230000.0,3,1.0,1250,9774,1.0,0,0,4,7,0,1969,0,98003,47.3343,-122.306,1280,8850
543000.0,3,1.5,1710,8364,2.0,0,2,3,7,0,1944,0,98136,47.5175,-122.393,2430,9040
390000.0,3,2.0,1910,11576,1.0,0,0,3,7,500,1978,0,98011,47.7356,-122.198,2040,8750
553000.0,3,1.0,1310,18135,1.0,0,0,3,7,0,1948,0,98008,47.6065,-122.113,2150,18135
1015000.0,3,1.75,3610,8502,1.5,0,2,3,10,1000,1930,0,98126,47.583,-122.379,2900,5016
340000.0,2,1.5,1160,1438,2.0,0,0,3,7,0,2001,0,98144,47.5917,-122.295,1220,1740
302000.0,2,1.0,1010,6000,1.0,0,0,4,6,0,1944,0,98133,47.771,-122.353,1610,7313
257000.0,2,1.0,770,9497,1.0,0,0,3,6,0,1950,0,98133,47.7407,-122.351,1550,7532
390000.0,4,1.0,1280,4840,1.0,0,0,3,7,340,1950,0,98136,47.5477,-122.395,1360,4840
971000.0,5,3.5,4390,10140,2.0,0,0,3,9,1040,2005,0,98125,47.7174,-122.282,2010,8400
515000.0,3,2.0,1690,5100,1.5,0,0,5,7,0,1907,0,98117,47.6801,-122.38,1690,5100
515000.0,2,1.75,1930,5570,1.0,0,0,3,8,0,2005,0,98053,47.7173,-122.034,1810,5178
952000.0,3,3.5,2760,4500,2.0,0,0,3,9,640,2004,0,98119,47.6529,-122.372,1950,6000
510000.0,3,2.0,1410,11995,1.0,0,0,4,8,0,1965,0,98006,47.5718,-122.127,2690,12650
480000.0,2,1.0,820,4200,1.0,0,0,3,7,0,1980,0,98112,47.6249,-122.298,1290,4000
312000.0,3,1.5,1255,1374,3.0,0,0,3,7,0,2004,0,98125,47.7145,-122.311,1307,1232
700000.0,3,3.0,2090,7440,1.5,0,0,5,7,800,1922,0,98103,47.6891,-122.331,1570,4960
666000.0,3,2.5,2140,2868,2.0,0,0,3,8,370,2007,0,98052,47.6668,-122.132,2140,2527
588000.0,4,1.75,2170,5750,1.0,0,2,3,7,800,1975,0,98116,47.5668,-122.383,1450,5750
354000.0,3,1.75,1340,6300,1.0,0,0,3,7,0,1972,0,98034,47.7186,-122.218,1780,7200
320000.0,4,2.5,1970,4558,2.0,0,0,3,8,0,2005,0,98038,47.3627,-122.04,1980,5123
575000.0,4,1.75,2330,8800,1.0,0,2,4,7,1070,1961,0,98008,47.6148,-122.113,2270,8800
520000.0,4,2.25,1890,3006,2.0,0,0,3,7,0,2003,0,98029,47.5461,-121.998,1580,3000
799950.0,3,3.0,2900,11769,2.0,0,0,3,10,0,1997,0,98052,47.6993,-122.118,2900,9611
532500.0,3,1.75,1620,3360,1.0,0,0,5,7,640,1927,0,98117,47.6886,-122.361,1400,3840
207000.0,2,1.0,820,4860,1.0,0,0,5,6,0,1955,0,98118,47.5298,-122.271,1240,6000
436000.0,4,2.5,2640,3899,2.0,0,0,3,7,0,2000,0,98011,47.754,-122.217,2460,4057
637000.0,4,2.5,2120,15000,2.0,0,0,4,8,0,1983,0,98052,47.7159,-122.1,2170,15000
1450000.0,3,1.75,2230,13529,1.0,0,0,3,9,0,1949,0,98004,47.6204,-122.217,2230,11900
260000.0,3,1.75,1680,8725,1.0,0,0,3,8,440,1978,0,98023,47.3107,-122.397,2020,8352
600000.0,4,2.5,2990,5122,2.0,0,0,3,8,0,2004,0,98075,47.5773,-122.055,3140,7875
435000.0,4,1.5,1510,6460,1.0,0,0,3,7,440,1970,0,98034,47.7121,-122.214,1450,6630
408500.0,4,2.5,2720,7043,2.0,0,0,3,9,0,2003,0,98092,47.3315,-122.169,2640,6958
373000.0,3,1.75,1830,11788,1.0,0,1,3,8,400,1958,0,98055,47.4862,-122.224,2140,11964
225000.0,2,1.0,1070,6000,1.0,0,0,4,5,0,1922,0,98178,47.495,-122.227,1910,6000
704000.0,3,1.0,1140,6120,1.5,0,0,3,7,0,1926,0,98115,47.6822,-122.309,1800,4080
569950.0,5,1.0,1420,6250,1.5,0,0,4,8,0,1926,0,98116,47.5807,-122.389,1420,6250
445000.0,3,2.5,1260,1102,3.0,0,0,3,8,0,2007,0,98107,47.675,-122.387,1320,2500
460000.0,4,1.75,1560,7200,1.0,0,0,3,6,700,1943,0,98115,47.7001,-122.279,1420,7200
405000.0,3,2.5,1960,6997,2.0,0,0,3,7,0,2006,0,98065,47.5415,-121.887,2320,5178
570000.0,4,2.5,2280,4534,2.0,0,0,3,8,0,2003,0,98075,47.5902,-122.018,2246,4534
425000.0,2,2.5,1150,1027,3.0,0,0,3,8,0,2008,0,98103,47.6534,-122.356,1360,1210
525000.0,2,1.5,1620,1444,2.0,0,0,3,9,540,2007,0,98144,47.5892,-122.309,1660,1642
380000.0,2,1.0,1000,4800,1.0,0,0,3,6,0,1952,0,98117,47.6926,-122.362,1000,4800
160000.0,2,1.0,1070,4200,1.0,0,0,4,6,0,1983,0,98002,47.3336,-122.215,1150,4200
271900.0,3,1.75,1890,11875,1.0,0,0,3,7,660,1979,0,98045,47.4472,-121.774,1580,10920
657500.0,4,1.75,1620,7560,1.0,0,3,4,7,240,1947,0,98117,47.6981,-122.4,2170,8650
325000.0,2,1.0,960,4800,1.5,0,0,2,6,0,1912,0,98116,47.5752,-122.411,1440,4800
260000.0,3,2.5,1770,2677,2.0,0,0,3,7,0,2005,0,98055,47.4339,-122.194,1550,1798
960000.0,4,3.5,4610,11676,2.0,0,0,3,10,0,2000,0,98075,47.6011,-121.983,3900,11164
460000.0,3,2.5,1730,8490,1.0,0,0,3,7,520,1969,0,98034,47.7187,-122.219,1870,7400
1260000.0,3,3.5,3220,3960,2.0,0,4,3,10,460,1991,0,98116,47.5909,-122.384,3080,4444
760000.0,4,2.5,2990,12788,2.0,0,0,3,10,0,1988,0,98075,47.5601,-122.037,3250,12212
294000.0,3,3.0,1670,4120,1.5,0,0,3,7,530,1929,2012,98055,47.4881,-122.199,1010,4120
250000.0,1,1.0,720,123710,1.0,0,0,4,6,0,1935,0,98092,47.2893,-122.084,1860,297514
775000.0,3,2.5,1980,7807,2.0,0,0,4,9,0,1989,0,98033,47.6884,-122.204,1590,7579
115000.0,2,0.75,550,7980,1.0,0,0,3,5,0,1952,0,98146,47.511,-122.348,1330,7980
568000.0,3,2.5,1740,1279,3.0,0,0,3,8,0,2008,0,98116,47.5891,-122.387,1740,1280
379000.0,5,2.5,2803,8550,1.0,0,0,3,8,0,1963,2011,98003,47.3032,-122.306,1810,8550
411715.0,3,1.75,1840,5101,1.0,0,0,5,7,800,1952,0,98108,47.5585,-122.317,1340,5000
220000.0,3,1.0,1180,5002,1.5,0,0,3,7,0,1946,0,98155,47.7529,-122.324,1470,8410
527500.0,3,1.75,2310,78844,1.0,0,0,3,8,550,1977,0,98027,47.5406,-122.066,2830,6230
464950.0,3,2.0,2190,19800,1.0,0,0,3,7,0,1994,0,98146,47.5106,-122.365,1640,9719
425000.0,2,2.5,1320,1329,2.0,0,0,3,8,140,2007,0,98107,47.6728,-122.374,1490,5000
207000.0,3,1.0,1980,18730,1.0,0,0,4,7,700,1943,0,98001,47.3221,-122.282,1356,9450
570000.0,4,2.5,2890,5801,2.0,0,0,3,9,0,2005,0,98028,47.7349,-122.238,2890,6286
764000.0,3,2.0,1420,4080,1.5,0,0,5,8,0,1904,0,98103,47.6801,-122.348,1220,3060
286651.0,3,2.5,1830,4997,2.0,0,0,3,7,0,2004,0,98001,47.3035,-122.283,2488,4998
248000.0,3,2.5,2120,6840,1.0,0,0,3,7,900,1984,0,98092,47.278,-122.145,1820,8200
359000.0,4,1.75,1680,9244,2.0,0,0,3,8,0,1991,0,98166,47.4612,-122.352,1840,9387
500000.0,4,2.0,2120,7806,1.0,0,0,4,6,350,1949,0,98033,47.6859,-122.166,1560,9920
1042000.0,4,4.5,4920,270236,2.0,0,3,3,10,1100,2006,0,98045,47.4695,-121.775,4920,260924
285000.0,1,1.0,1060,54846,1.0,1,4,3,5,0,1935,0,98070,47.4716,-122.445,2258,31762
440000.0,4,2.5,2800,28254,2.0,0,0,3,9,0,2001,0,98038,47.3552,-122.063,2530,4694
415000.0,3,2.75,3900,111514,2.0,0,0,3,6,440,1967,2008,98024,47.5621,-121.924,2460,217800
551100.0,3,1.0,1430,8640,1.0,0,0,5,7,0,1954,0,98006,47.572,-122.147,1430,9840
347500.0,3,1.75,1620,7500,1.0,0,0,3,7,400,1981,0,98059,47.4815,-122.162,1470,7938
285000.0,3,2.5,1940,9874,2.0,0,0,3,7,0,1990,0,98042,47.3794,-122.113,1860,8875
928950.0,4,3.75,3280,6000,2.0,0,0,3,9,0,2014,0,98006,47.554,-122.19,2900,10108
455000.0,2,1.0,1330,92782,1.0,0,0,2,6,0,1950,0,98014,47.6624,-121.868,1280,168141
400000.0,3,2.0,1760,6875,1.0,0,0,4,8,0,1967,0,98072,47.74,-122.093,1670,13650
668750.0,4,2.5,2340,6420,1.0,0,2,3,8,750,1964,0,98177,47.7728,-122.386,2110,10856
575000.0,3,2.75,1990,9600,1.0,0,0,3,8,460,1978,0,98027,47.532,-122.05,2170,10400
320000.0,3,1.75,1510,30185,1.5,0,0,3,7,0,1976,0,98058,47.4118,-122.089,1470,12465
650000.0,3,2.0,2520,5980,1.0,0,0,3,8,730,1957,0,98116,47.5767,-122.383,1590,5750
360000.0,4,2.0,1450,8940,1.0,0,0,3,7,0,1962,0,98034,47.7304,-122.24,1310,8914
440000.0,3,2.5,1650,4929,2.0,0,0,3,7,130,2007,0,98108,47.5634,-122.298,1520,2287
380950.0,2,2.0,1120,1039,2.0,0,0,3,7,280,2007,0,98144,47.5788,-122.315,1130,5400
353000.0,3,2.75,2170,8396,2.0,0,0,3,7,0,1995,0,98038,47.3812,-122.023,2170,8378
250000.0,2,1.0,740,6840,1.0,0,0,5,6,0,1942,0,98126,47.5172,-122.375,740,6840
417000.0,3,1.0,1310,8514,1.0,0,0,4,7,0,1953,0,98133,47.7502,-122.353,1310,8514
450800.0,4,3.25,2510,5311,2.0,0,0,3,9,0,2009,0,98056,47.5028,-122.17,1590,9583
630000.0,4,2.5,2290,26720,2.0,0,0,3,8,0,1977,0,98177,47.7502,-122.374,2290,26720
295000.0,3,1.75,1940,7500,1.5,0,0,4,8,0,1918,1985,98022,47.2062,-121.993,1650,7500
920000.0,4,2.5,3550,10233,2.0,0,0,3,9,0,1996,0,98027,47.5499,-122.1,3310,9157
550000.0,3,2.5,1680,10455,2.0,0,0,3,8,0,1982,0,98052,47.7229,-122.11,1860,10063
702000.0,4,2.75,3880,15025,2.0,0,0,3,7,0,2004,0,98053,47.6777,-122.035,2620,5300
1875000.0,4,3.25,3930,10929,2.0,0,0,3,10,0,2006,0,98004,47.6259,-122.194,1780,9999
512000.0,4,2.5,2550,17209,2.0,0,0,3,9,0,1996,0,98059,47.4836,-122.136,2840,12560
325000.0,2,1.0,1120,6236,1.0,0,0,4,6,0,1954,0,98155,47.763,-122.291,1340,7784
515000.0,3,2.5,1820,5280,1.0,0,0,4,7,910,1949,0,98117,47.6892,-122.375,1600,4820
361500.0,3,1.75,1070,9000,1.0,0,0,4,7,0,1978,0,98052,47.6984,-122.132,1700,8400
515000.0,5,1.75,1880,48787,2.0,0,0,3,6,0,1922,0,98059,47.5094,-122.165,1690,8401
550000.0,3,1.75,2240,78225,2.0,0,0,5,8,0,1976,0,98070,47.4638,-122.484,2030,202554
959000.0,6,3.25,4440,17424,1.0,0,1,4,9,2220,1959,0,98040,47.5791,-122.23,2660,10768
230000.0,3,1.0,1120,32250,1.0,0,0,4,6,0,1934,0,98070,47.447,-122.482,1010,335289
468000.0,3,2.25,1630,2490,2.0,0,0,3,7,0,2004,0,98053,47.6807,-122.031,1630,2680
252000.0,1,1.0,680,1638,1.0,0,4,1,6,0,1910,1992,98116,47.5832,-122.399,1010,3621
217000.0,3,1.0,1400,7800,1.0,0,0,3,7,0,1962,0,98059,47.4789,-122.159,1400,7800
653000.0,3,3.0,3040,5067,3.0,0,2,3,10,0,1993,0,98118,47.5409,-122.267,1820,5998
224000.0,3,1.5,1440,8370,1.0,0,0,3,7,0,1977,0,98118,47.5418,-122.275,1440,8370
465000.0,3,1.0,910,4500,1.0,0,0,3,7,0,1948,0,98117,47.6828,-122.395,1370,5000
765000.0,3,3.25,3190,5283,2.0,0,0,3,9,0,2007,0,98029,47.5534,-122.002,2950,5198
330000.0,3,2.5,1600,26977,2.0,0,0,3,8,0,2005,0,98019,47.7736,-121.901,1790,27743
627000.0,5,3.25,3570,5425,2.0,0,0,3,7,0,2005,0,98075,47.5933,-122.007,2690,5347
785000.0,4,2.5,3440,56192,2.0,0,0,3,9,0,1994,0,98053,47.6969,-122.046,3150,44431
455000.0,2,1.0,980,5000,1.0,0,0,4,7,0,1950,0,98155,47.7518,-122.279,1600,5965
272000.0,2,1.0,670,6300,1.0,0,0,4,6,0,1942,0,98126,47.5145,-122.374,740,6300
650000.0,3,2.25,1790,9927,1.0,0,2,4,7,550,1969,0,98075,47.5822,-122.077,2610,10700
345000.0,2,1.0,770,3008,1.0,0,0,4,5,0,1917,0,98116,47.5686,-122.389,1550,4563
410000.0,5,2.75,2910,16410,1.5,0,0,4,8,0,1967,0,98058,47.44,-122.145,1980,18000
180000.0,3,1.0,940,11055,1.5,0,0,4,7,0,1959,0,98032,47.3732,-122.295,1420,9100
289000.0,3,1.75,1690,3449,1.0,0,0,3,7,0,1987,0,98055,47.4719,-122.191,1530,4093
545000.0,5,2.5,2520,7863,1.0,0,0,3,7,1020,1981,0,98034,47.7096,-122.199,2030,8580
411000.0,3,1.75,1490,9844,1.0,0,0,4,7,300,1959,0,98155,47.7626,-122.297,1840,10150
288400.0,3,2.25,1870,3230,2.0,0,0,3,7,0,1997,0,98056,47.4915,-122.167,1620,3363
985000.0,2,2.5,2720,26761,2.0,1,4,3,7,0,1990,0,98166,47.4499,-122.376,1870,12396
235000.0,3,1.0,1250,7592,1.0,0,0,5,7,0,1961,0,98042,47.3604,-122.111,1250,7592
345000.0,2,1.0,970,5750,1.0,0,0,4,6,0,1932,0,98126,47.5518,-122.37,1650,8625
625000.0,4,2.25,2070,7200,1.0,0,0,5,8,680,1977,0,98033,47.697,-122.169,2110,8400
450000.0,2,1.5,960,1000,2.0,0,0,3,8,40,2008,0,98103,47.6489,-122.335,1200,1297
635000.0,4,2.25,2750,6180,1.0,0,0,4,8,1250,1948,0,98118,47.5691,-122.284,1740,6180
467000.0,5,2.25,2500,13500,1.0,0,0,3,7,650,1979,0,98072,47.7564,-122.144,2300,9750
485000.0,2,1.0,1130,3800,1.0,0,0,4,7,0,1916,0,98117,47.6862,-122.378,1470,3800
674000.0,3,2.5,1920,3624,2.0,0,0,3,9,0,2003,0,98052,47.6647,-122.087,1930,3533
802000.0,4,2.25,2130,8734,2.0,0,2,4,8,0,1961,0,98006,47.5672,-122.161,2550,8800
890000.0,5,1.0,2590,4652,2.0,0,0,4,8,280,1907,0,98122,47.6038,-122.294,2360,4650
335000.0,3,1.0,950,8000,1.0,0,0,3,7,0,1968,0,98034,47.7193,-122.184,2270,8540
480000.0,3,1.0,1100,5700,1.0,0,0,3,7,0,1950,0,98115,47.6883,-122.282,1560,6588
373000.0,3,2.5,1670,3565,2.0,0,0,3,7,0,1999,0,98072,47.7623,-122.161,1510,3770
252000.0,3,1.0,1530,9465,1.0,0,0,4,7,0,1960,0,98059,47.4915,-122.151,1530,9465
440000.0,3,2.0,1790,32379,1.0,0,0,3,7,0,2007,0,98045,47.4826,-121.698,2290,43560
435000.0,3,1.0,1270,4000,1.5,0,2,3,7,0,1928,0,98126,47.5695,-122.376,1560,4000
243500.0,2,1.0,900,5016,1.0,0,0,3,6,0,1948,0,98118,47.542,-122.282,1420,5184
520000.0,4,2.5,2410,6440,1.0,0,0,3,8,860,1974,0,98034,47.7153,-122.191,2330,6938
437000.0,3,2.75,2580,5200,2.0,0,0,3,8,0,2008,0,98059,47.496,-122.151,2700,5602
450000.0,3,2.5,2820,10208,1.0,0,1,4,8,1410,1954,0,98028,47.7609,-122.26,1540,10684
822000.0,4,2.5,2683,40386,2.0,0,0,4,9,0,1987,0,98052,47.6982,-122.138,2683,34800
285950.0,2,1.0,1170,6000,1.0,0,0,3,6,0,1948,0,98168,47.5033,-122.331,1130,7500
1450000.0,3,3.0,4380,6320,2.0,0,3,5,10,800,1952,0,98199,47.6452,-122.411,3080,7680
161500.0,3,1.0,1220,6000,1.0,0,0,5,7,0,1961,0,98002,47.2811,-122.214,1420,13137
229000.0,3,2.0,1760,9900,1.0,0,0,4,7,0,1943,0,98166,47.4783,-122.338,1190,9900
245000.0,3,2.25,2210,10794,1.0,0,0,3,7,670,1967,0,98178,47.4911,-122.224,2230,10753
625000.0,4,2.25,1920,8259,2.0,0,0,4,8,0,1979,0,98027,47.5616,-122.088,2030,8910
190000.0,3,1.5,760,40039,1.0,0,0,3,6,0,1906,0,98065,47.5295,-121.829,980,6000
410000.0,3,1.75,1340,9975,1.0,0,0,4,7,0,1961,0,98033,47.7012,-122.169,1340,10050
326000.0,2,1.0,1210,7440,1.0,0,0,3,6,430,1940,0,98155,47.7376,-122.322,1070,7440
755000.0,5,2.5,3260,24300,1.5,0,1,4,8,950,1950,0,98155,47.7587,-122.274,2390,32057
245000.0,3,1.5,1260,1270,2.0,0,0,3,7,220,2005,0,98133,47.7111,-122.331,1260,1472
287500.0,4,2.0,1220,9147,1.0,0,0,5,7,0,1953,0,98146,47.5011,-122.336,1220,8576
510000.0,4,2.75,2730,9112,1.0,0,2,3,9,990,1996,0,98198,47.4005,-122.312,3050,10454
386500.0,3,2.25,2950,8036,1.5,0,0,3,8,1000,1963,0,98125,47.7239,-122.313,2060,7200
355000.0,3,1.0,1890,36300,1.0,0,0,3,7,0,1962,0,98024,47.5719,-121.914,1746,54014
381500.0,2,2.0,2160,35183,1.0,0,0,3,9,0,1985,0,98092,47.312,-122.115,2450,34992
335000.0,3,2.25,2060,47318,1.0,0,2,4,8,460,1976,0,98001,47.2758,-122.265,1870,19663
291600.0,3,1.75,1630,7480,1.0,0,0,3,7,300,1979,0,98058,47.4514,-122.159,1940,7480
244000.0,3,1.0,2000,15900,1.0,0,0,3,6,1000,1948,0,98178,47.4816,-122.233,1760,10500
525000.0,3,1.5,1940,5625,1.0,0,0,4,7,500,1941,0,98117,47.6818,-122.388,1460,5500
184900.0,3,1.0,1040,10080,1.0,0,0,3,6,0,1959,0,98023,47.329,-122.343,1000,8736
1080000.0,3,2.75,2770,5800,1.0,0,0,4,8,1120,1959,0,98199,47.6496,-122.413,2340,5800
320000.0,2,1.0,710,5200,1.0,0,2,4,6,0,1942,0,98126,47.5376,-122.371,1610,5200
735000.0,6,2.75,3360,84506,1.0,0,0,5,7,1320,1962,0,98052,47.715,-122.121,2190,43124
195000.0,3,1.75,1070,6110,1.0,0,0,4,7,0,1968,0,98002,47.3249,-122.207,1350,6148
490000.0,3,2.0,2370,12196,2.0,0,0,4,7,0,1970,0,98033,47.6734,-122.176,1380,12196
390000.0,3,3.0,2480,14141,1.0,0,0,3,8,980,1994,0,98038,47.3778,-122.033,2480,10667
675000.0,4,2.5,2920,6000,2.0,0,4,3,9,0,2004,0,98065,47.5333,-121.859,3100,6001
380000.0,2,1.0,1470,81021,1.0,0,0,4,6,0,1949,0,98027,47.4771,-122.03,2600,69696
650000.0,4,2.5,3350,46748,2.0,0,0,3,10,0,2004,0,98010,47.3432,-122.025,3350,39683
299000.0,3,2.5,1590,3121,2.0,0,0,3,7,0,1994,0,98118,47.5515,-122.284,1090,4900
765000.0,4,2.5,3360,13636,2.0,0,0,3,10,0,1987,0,98074,47.6373,-122.042,2980,10615
249900.0,3,1.75,1380,14000,1.0,0,0,4,5,0,1939,1957,98001,47.294,-122.281,1490,18503
327000.0,4,2.25,1620,106722,1.0,0,0,3,8,420,1980,0,98042,47.3394,-122.091,1620,38400
235000.0,3,1.0,960,5030,1.0,0,0,3,7,0,1955,0,98118,47.5611,-122.28,1460,5400
280000.0,3,2.5,1800,8697,2.0,0,0,3,8,0,1987,0,98023,47.3115,-122.4,1770,8390
330000.0,4,2.5,2105,6093,2.0,0,0,3,8,0,2003,0,98042,47.3531,-122.147,1930,8022
1110000.0,5,3.25,3350,4000,2.0,0,0,4,8,840,1997,0,98105,47.6645,-122.291,1620,4000
422800.0,3,1.75,1820,8400,1.0,0,0,3,7,480,1976,0,98072,47.734,-122.17,1900,8112
385500.0,3,2.0,1540,7947,1.0,0,0,3,7,420,1961,0,98011,47.7605,-122.217,1910,7950
365000.0,3,2.5,2200,4052,2.0,0,0,3,8,0,2005,0,98058,47.4362,-122.178,2310,5082
191000.0,2,1.0,900,3400,1.0,0,0,5,6,0,1905,0,98108,47.5269,-122.314,940,6000
302000.0,3,2.5,2140,9492,2.0,0,0,3,8,0,1994,0,98092,47.3289,-122.204,2180,9184
345000.0,3,1.75,1930,9000,1.0,0,1,4,7,780,1951,0,98166,47.4539,-122.348,1590,9000
1300000.0,3,2.0,2350,15021,1.0,0,0,4,8,580,1976,0,98004,47.6408,-122.219,3530,15715
467500.0,3,1.0,1700,4165,1.5,0,0,3,7,0,1918,0,98118,47.5569,-122.277,1400,4165
393000.0,2,1.0,830,5000,1.0,0,0,4,7,0,1921,0,98103,47.6914,-122.352,1110,5000
267000.0,3,1.5,1090,8160,1.0,0,0,3,7,0,1967,2014,98058,47.4551,-122.175,1260,7560
262500.0,4,2.0,1540,5110,1.0,0,0,3,7,0,1957,0,98118,47.5164,-122.268,1540,5110
270000.0,3,2.0,1350,6696,1.0,0,0,5,6,670,1944,0,98056,47.4919,-122.187,1350,6700
243000.0,3,1.0,1480,15416,1.0,0,2,4,8,0,1955,0,98022,47.2142,-121.987,1190,10758
575000.0,1,1.0,1310,8667,1.5,0,0,1,6,0,1918,0,98122,47.6059,-122.313,1130,4800
340000.0,2,1.75,1010,1461,1.0,0,0,3,7,340,2003,0,98199,47.6515,-122.4,1500,2499
225000.0,3,1.0,990,8012,1.0,0,0,4,7,0,1966,0,98058,47.4557,-122.181,1260,9060
760000.0,5,1.75,2660,10637,1.5,0,0,5,7,990,1922,0,98115,47.6945,-122.292,1570,6825
345000.0,4,2.5,2040,5875,2.0,0,0,3,8,0,2004,0,98056,47.5051,-122.17,2230,5459
225000.0,2,1.0,1170,7142,1.0,0,0,3,7,0,1951,0,98155,47.7497,-122.313,1170,7615
875000.0,4,2.5,3470,32109,2.0,0,0,3,10,0,1995,0,98077,47.7311,-122.036,3800,35181
185000.0,3,1.75,1130,7000,1.0,0,0,3,7,0,1978,0,98023,47.307,-122.372,1830,8880
289000.0,4,2.5,1961,3207,2.0,0,0,3,7,0,2006,0,98042,47.3507,-122.16,1961,3401
625000.0,4,1.5,2120,5000,2.0,0,0,4,8,0,1900,0,98122,47.6024,-122.296,1830,5000
329950.0,4,1.0,1360,5900,1.5,0,0,4,7,0,1949,0,98155,47.7512,-122.318,1050,5900
354000.0,3,1.0,990,7590,1.0,0,0,3,6,0,1959,0,98008,47.6228,-122.121,1100,7590
290000.0,3,2.5,2360,8764,2.0,0,0,3,8,0,1991,0,98022,47.2114,-122.009,2360,8746
535000.0,4,1.0,1610,2982,1.5,0,0,4,7,0,1925,0,98144,47.587,-122.294,1610,4040
480000.0,2,1.0,1060,3040,1.0,0,0,3,7,200,1924,0,98103,47.6725,-122.329,1470,3814
627250.0,4,2.5,2830,10677,2.0,0,0,3,9,0,1993,0,98011,47.742,-122.208,2970,9619
399000.0,2,1.0,790,4000,1.0,0,0,3,6,0,1948,0,98115,47.6844,-122.289,990,5000
280000.0,3,2.0,1280,7633,1.0,0,0,3,7,0,1991,0,98038,47.3883,-122.05,1450,6783
547000.0,2,1.0,1370,10038,1.5,0,0,4,7,0,1922,0,98133,47.719,-122.339,1610,8822
508500.0,4,1.5,1800,6750,1.5,0,0,4,7,0,1950,0,98115,47.6868,-122.285,1420,5900
424000.0,3,2.5,1820,7500,2.0,0,0,3,8,0,1985,0,98052,47.7155,-122.104,2040,8304
852500.0,5,3.75,3830,8131,2.0,0,0,3,10,0,2005,0,98075,47.5837,-121.971,3570,7290
374990.0,3,2.5,1300,10484,2.0,0,0,3,8,0,1983,0,98028,47.7768,-122.268,1380,7868
475000.0,3,2.0,1880,9659,1.0,0,0,3,8,700,1951,0,98155,47.7497,-122.284,1780,9659
490000.0,8,5.0,2800,2580,2.0,0,0,3,8,920,1997,0,98122,47.6086,-122.303,1800,2580
594000.0,3,2.25,2080,70567,2.0,0,0,3,8,0,1990,0,98072,47.7221,-122.124,3730,43560
383000.0,4,2.5,2640,8055,2.0,0,0,3,9,0,2004,0,98092,47.315,-122.193,1650,8055
440000.0,2,1.75,1300,4000,2.0,0,0,3,7,0,1948,0,98105,47.6687,-122.288,1350,4013
578888.0,2,2.0,1060,4000,1.0,0,0,2,7,60,1914,0,98103,47.6626,-122.337,1310,4000
310000.0,2,1.0,860,12160,1.0,0,0,4,6,0,1921,0,98106,47.5267,-122.361,1010,7611
515000.0,4,2.25,2200,6967,2.0,0,0,3,8,0,1986,0,98011,47.7355,-122.202,1970,7439
265000.0,4,1.5,1240,8158,1.0,0,0,4,7,130,1961,0,98198,47.3716,-122.31,1520,8147
400000.0,5,1.75,2300,6720,2.0,0,0,3,7,0,1905,0,98108,47.528,-122.32,1200,6000
519950.0,3,2.25,1170,1249,3.0,0,0,3,8,0,2014,0,98107,47.6722,-122.381,1350,1310
335000.0,4,1.75,1670,9472,1.0,0,0,3,7,570,1960,0,98106,47.5299,-122.357,1080,5195
435000.0,3,1.75,1310,8065,1.0,0,0,4,6,0,1948,0,98117,47.701,-122.368,1420,8100
420000.0,1,2.0,1070,675,2.0,0,0,3,8,190,2007,0,98118,47.5574,-122.284,1220,788
216600.0,3,1.75,2200,7700,1.0,0,0,3,7,960,1975,0,98031,47.4119,-122.181,1770,7360
384500.0,2,1.0,1130,5236,1.0,0,0,4,6,0,1942,0,98146,47.5103,-122.386,1010,5320
265000.0,3,2.5,1400,3368,2.0,0,0,3,7,0,2013,0,98146,47.5134,-122.342,1400,4316
340000.0,4,2.5,2160,5455,2.0,0,0,3,7,0,2003,0,98056,47.4799,-122.183,2160,5257
475999.0,4,1.75,1880,4175,1.5,0,0,3,7,790,1944,0,98107,47.6646,-122.364,1700,3758
800000.0,3,1.75,1510,3600,1.0,0,0,5,8,280,1910,0,98119,47.6387,-122.363,1300,3600
1388000.0,4,2.25,2940,20384,2.0,0,0,4,9,0,1970,0,98004,47.6214,-122.227,3410,19910
438000.0,3,2.5,1650,3031,2.0,0,0,3,7,0,2003,0,98053,47.682,-122.034,1560,3070
897500.0,4,3.0,4370,217882,2.0,0,0,3,10,0,1984,0,98053,47.6573,-122.034,2430,35096
226950.0,2,1.0,930,6600,1.0,0,0,3,6,0,1957,0,98168,47.4868,-122.33,1250,6600
350000.0,2,1.0,910,4500,1.5,0,0,4,7,0,1906,0,98118,47.5633,-122.289,1270,3500
845000.0,4,3.0,2390,4000,1.5,0,0,5,8,930,1931,0,98103,47.6857,-122.331,1670,4000
462550.0,2,1.75,1070,1276,3.0,0,0,3,8,0,2006,0,98107,47.6719,-122.39,1290,2057
515000.0,3,1.75,1190,4500,1.0,0,0,3,6,0,1922,2012,98116,47.5576,-122.388,1820,4500
235000.0,2,1.0,930,10505,1.0,0,0,3,6,0,1930,0,98148,47.4337,-122.329,1520,8881
840000.0,5,2.75,2790,20824,1.0,0,0,3,9,1110,1959,0,98115,47.6948,-122.282,2380,10465
219200.0,3,2.0,1680,7000,1.5,0,0,4,7,0,1968,0,98002,47.2775,-122.203,1540,7480
310950.0,4,2.5,2030,4997,2.0,0,0,3,8,0,2004,0,98031,47.393,-122.184,2095,5500
780000.0,4,2.5,3180,9603,2.0,0,2,3,9,0,2002,0,98155,47.7717,-122.277,2440,15261
1420000.0,5,3.25,3950,11438,2.0,0,2,3,10,520,2006,0,98033,47.6898,-122.189,2070,10751
299000.0,4,2.5,1950,3000,2.0,0,0,3,7,0,2002,0,98178,47.4977,-122.226,1170,6000
1337500.0,4,2.5,2900,21074,2.0,0,0,3,11,0,1986,0,98199,47.6696,-122.416,3390,20000
660000.0,4,2.5,3170,186436,2.0,0,0,3,9,0,2000,0,98038,47.4475,-122.034,3250,215186
533000.0,3,2.5,2060,4812,2.0,0,0,3,8,0,1990,0,98029,47.5793,-122.002,1930,5264
543200.0,6,2.25,2820,15600,1.5,0,2,5,7,850,1940,0,98166,47.4635,-122.362,2520,7797
1242000.0,4,3.5,4700,10183,1.0,0,2,3,11,2040,2002,0,98033,47.6728,-122.189,3770,9000
560000.0,3,3.5,1560,2198,2.0,0,0,3,8,380,2006,0,98116,47.5812,-122.403,1550,1467
1050000.0,4,4.0,4550,54013,1.0,0,1,4,9,2250,1989,0,98075,47.5964,-122.077,3540,39634
430000.0,3,2.5,2360,6699,2.0,0,0,3,7,0,2003,0,98065,47.5317,-121.853,2360,4744
326188.0,3,1.0,1300,8800,1.0,0,0,3,7,0,1977,0,98053,47.64,-121.966,1600,12210
503000.0,2,1.75,2860,59612,1.0,1,4,3,8,1350,1948,2003,98023,47.3276,-122.389,2720,59612
285000.0,3,1.75,2380,6000,1.5,0,0,3,7,1060,1935,0,98178,47.498,-122.222,1290,6000
700000.0,4,2.5,2490,7694,2.0,0,0,3,8,0,1987,0,98029,47.567,-122.016,2140,8126
258000.0,3,1.75,2090,7461,1.0,0,0,3,6,890,1986,0,98030,47.3764,-122.184,1420,7462
969950.0,3,2.5,2830,3750,3.0,0,0,3,10,0,2014,0,98117,47.6798,-122.385,1780,5100
400000.0,3,1.0,1040,6250,1.0,0,0,3,7,0,1942,0,98136,47.5526,-122.385,1770,6250
475000.0,3,1.75,1720,3825,1.5,0,0,3,7,0,1925,0,98105,47.666,-122.327,2000,3825
166600.0,3,1.75,1150,8690,1.0,0,0,4,7,0,1977,0,98042,47.3729,-122.115,1330,7040
205000.0,3,1.0,960,7314,1.0,0,0,5,6,0,1960,0,98002,47.2891,-122.221,990,7314
535500.0,3,1.5,1730,40250,2.0,0,0,4,8,0,1983,0,98072,47.7499,-122.111,1730,36250
605000.0,5,4.0,3040,6000,2.0,0,0,3,8,760,2011,0,98065,47.5189,-121.876,3070,5558
305000.0,4,2.5,2100,14773,2.0,0,0,3,8,0,1998,0,98023,47.3045,-122.391,2370,15440
1578000.0,4,3.25,4670,51836,2.0,0,0,4,12,0,1988,0,98005,47.635,-122.164,4230,41075
348500.0,4,1.75,1870,7575,1.0,0,0,3,7,390,1972,0,98034,47.7205,-122.218,1670,7575
2555000.0,4,2.5,5300,26211,2.0,1,2,2,10,730,1923,0,98105,47.661,-122.269,3890,19281
336600.0,3,2.25,1654,8464,2.0,0,0,3,7,0,1995,0,98038,47.3618,-122.033,1975,8515
185000.0,2,1.0,670,6750,1.0,0,0,4,5,0,1947,0,98188,47.4521,-122.283,1700,11520
610000.0,4,3.5,2910,5260,2.0,0,0,3,9,0,2012,0,98065,47.5168,-121.883,2910,5260
255000.0,3,1.0,1250,9472,1.0,0,0,4,6,0,1972,0,98059,47.495,-122.154,1590,9600
250000.0,3,2.25,1050,572,2.0,0,0,3,7,310,2006,0,98106,47.5549,-122.363,1260,1062
570000.0,2,1.75,1540,4025,1.0,0,0,4,7,350,1908,0,98116,47.5876,-122.391,1950,4420
261500.0,3,1.0,1130,3600,1.0,0,0,3,6,0,1908,0,98144,47.5978,-122.299,1710,2231
255000.0,3,1.0,1140,8528,1.0,0,0,5,7,0,1967,0,98022,47.2098,-122.004,1140,8112
695000.0,5,1.75,1790,9335,2.0,0,0,5,8,0,1952,0,98004,47.5945,-122.201,1840,9612
871000.0,4,2.5,2150,8536,1.0,0,3,4,8,750,1967,0,98006,47.5663,-122.163,2800,9500
350000.0,4,2.5,2260,7500,1.0,0,0,3,8,800,1965,0,98055,47.4645,-122.196,2260,7500
554000.0,3,2.0,1760,4046,1.0,0,0,3,7,800,1931,0,98117,47.6876,-122.381,1500,4046
1135000.0,4,2.75,3370,8103,1.0,0,3,3,9,1400,1970,2014,98136,47.5232,-122.383,2120,6360
459000.0,4,1.5,2020,9583,2.0,0,0,4,7,0,1963,0,98034,47.7283,-122.238,1770,8625
171500.0,3,1.0,1150,6480,1.5,0,0,4,5,0,1946,0,98001,47.2642,-122.258,1100,7300
445000.0,3,1.0,1260,8910,1.0,0,0,4,7,0,1949,0,98117,47.7,-122.375,1560,8910
998000.0,4,2.25,2420,10200,2.0,0,0,4,9,0,1973,0,98040,47.5336,-122.225,2390,10200
273000.0,3,1.75,2050,9045,2.0,0,0,4,6,0,1959,0,98058,47.4572,-122.18,1200,9045
635000.0,4,1.5,2820,4000,2.0,0,0,3,7,0,1911,0,98103,47.6638,-122.348,1470,1627
225000.0,3,1.75,1610,14182,1.0,0,0,4,7,510,1978,0,98092,47.3174,-122.18,1510,8400
925000.0,3,3.25,4110,20900,2.0,0,0,3,9,1480,2002,0,98006,47.5506,-122.187,2640,14700
291375.0,4,2.5,2220,6233,2.0,0,0,3,7,0,2001,0,98059,47.4887,-122.15,2220,5352
625000.0,3,3.0,1820,1641,3.0,0,0,3,8,280,2006,0,98119,47.6482,-122.358,1720,1501
406500.0,2,1.75,1510,5319,2.0,0,0,4,8,0,1978,0,98052,47.6647,-122.13,1740,6160
622000.0,4,1.75,3020,10714,1.0,0,0,5,8,1510,1958,0,98006,47.56,-122.181,2230,14400
287500.0,5,2.0,2020,67953,1.5,0,0,4,7,400,1936,0,98178,47.4891,-122.263,1270,13198
640000.0,3,2.0,1470,4640,1.5,0,0,4,7,0,1926,0,98199,47.6398,-122.393,1700,5000
411000.0,5,1.75,2860,12293,1.0,0,0,4,8,1430,1947,0,98133,47.7385,-122.348,1920,18110
340000.0,2,2.5,1100,1760,3.0,0,0,3,7,0,1997,0,98103,47.6972,-122.35,1200,1415
1950000.0,7,3.5,4640,15235,2.0,0,1,3,11,1780,1965,2003,98040,47.5666,-122.231,3230,20697
302000.0,3,1.0,1110,7000,1.5,0,0,4,7,0,1955,0,98133,47.754,-122.341,1800,7000
645000.0,4,2.5,2860,14000,2.0,0,0,3,8,0,1995,0,98019,47.7306,-121.973,2650,14564
312000.0,4,2.25,1930,7452,1.0,0,0,3,7,500,1984,0,98031,47.4098,-122.189,1714,7200
500000.0,3,2.25,1700,9008,1.0,0,0,3,8,360,1985,0,98125,47.7161,-122.317,2340,8003
262000.0,4,2.5,2070,8685,2.0,0,0,3,7,0,2006,0,98188,47.4697,-122.267,2170,9715
715000.0,3,2.5,2890,7027,2.0,0,0,3,8,0,2004,0,98074,47.6111,-122.009,2890,7197
477000.0,3,2.25,1260,3000,2.0,0,0,3,7,0,2003,0,98029,47.5459,-121.997,1630,3023
375000.0,3,1.75,2190,17550,1.0,0,0,3,7,0,1989,0,98014,47.6984,-121.912,1700,17550
525000.0,4,2.5,2140,7754,2.0,0,0,3,8,0,1996,0,98133,47.7173,-122.338,1690,7775
463000.0,3,1.75,2020,11095,1.0,0,0,4,7,540,1975,0,98034,47.7351,-122.183,2030,10710
230000.0,3,1.5,1500,11616,1.0,0,0,3,7,400,1980,0,98031,47.4062,-122.174,1830,8288
687015.0,3,1.75,1470,873,3.0,0,0,3,10,0,2009,0,98119,47.6256,-122.362,1410,967
725000.0,3,2.5,3580,54450,1.5,0,0,3,9,0,1990,0,98038,47.4026,-122.033,3090,35943
1550000.0,5,2.5,2450,20805,2.0,0,0,4,9,0,1963,0,98004,47.6275,-122.227,3020,20324
325000.0,3,1.75,1010,7171,1.0,0,0,4,7,0,1967,0,98034,47.7317,-122.231,1250,7560
425000.0,2,2.5,1340,1263,3.0,0,0,3,8,0,2008,0,98117,47.6788,-122.388,1510,1260
475000.0,2,2.25,1060,925,2.0,0,0,3,8,80,2006,0,98199,47.6386,-122.388,1020,4000
228000.0,2,1.0,1060,6100,1.0,0,0,3,6,0,1951,0,98125,47.7317,-122.296,1550,9150
303500.0,4,2.5,1920,7345,2.0,0,0,3,8,0,1992,0,98038,47.3526,-122.055,1860,7364
400000.0,3,1.0,1180,7537,1.0,0,0,3,7,0,1969,0,98034,47.7233,-122.221,1220,7425
270000.0,3,2.0,1690,9583,1.0,0,0,4,7,0,1969,0,98059,47.4825,-122.164,1690,9583
745000.0,4,2.25,2290,10409,2.0,0,0,3,8,0,1972,0,98005,47.6351,-122.168,2040,10409
250000.0,3,1.75,1480,3900,1.0,0,0,4,7,0,1980,0,98023,47.2977,-122.367,1830,6956
475000.0,5,2.5,2010,3600,1.5,0,0,3,6,500,1912,0,98119,47.6522,-122.366,1780,3600
560000.0,4,1.75,1980,2700,1.5,0,0,3,8,770,1931,0,98115,47.6865,-122.32,1720,2910
583000.0,3,2.25,1830,8276,1.0,0,0,3,8,480,1989,0,98074,47.6336,-122.025,1920,8276
580000.0,4,2.25,2160,9593,1.0,0,0,3,8,0,1969,0,98008,47.5883,-122.112,2820,9628
630000.0,4,2.5,1910,1502,3.0,0,0,3,8,0,2014,0,98107,47.6747,-122.393,1520,3888
690000.0,4,2.5,2780,6235,2.0,0,0,3,8,0,2001,0,98075,47.5976,-122.039,2670,4410
700000.0,4,1.0,1300,1651359,1.0,0,3,4,6,0,1920,0,98022,47.2313,-122.023,2560,425581
249950.0,3,3.0,1790,2003,2.0,0,0,3,7,310,2006,0,98108,47.5421,-122.321,1220,4000
607500.0,3,1.5,1800,4700,1.0,0,0,3,7,600,1941,0,98117,47.6858,-122.385,1580,4700
225000.0,3,1.0,1290,8470,1.0,0,0,4,7,320,1966,0,98023,47.3054,-122.371,1300,7350
349500.0,4,2.5,2030,4596,2.0,0,0,3,8,0,2014,0,98001,47.3515,-122.275,2040,4705
1050000.0,4,3.25,2930,25020,2.0,0,0,3,9,0,2013,0,98029,47.5514,-122.023,2400,32374
525000.0,3,2.5,1720,7950,1.5,0,0,4,7,0,1972,0,98034,47.7178,-122.168,1790,7030
242000.0,2,1.0,960,21850,1.0,0,0,3,6,0,1947,0,98032,47.4122,-122.267,1020,21850
260000.0,2,1.0,820,6771,1.0,0,0,4,6,0,1918,0,98106,47.52,-122.354,1000,4440
590000.0,4,2.75,2910,10650,1.0,0,2,3,8,1130,1975,0,98033,47.6658,-122.188,2920,10988
350000.0,2,1.0,1430,8157,1.5,0,0,3,7,280,1944,0,98177,47.7256,-122.361,1820,8157
268000.0,3,1.75,1250,5546,1.0,0,0,4,7,0,1987,0,98055,47.4725,-122.187,1640,4791
815000.0,3,3.75,2780,5002,2.0,0,0,3,10,0,1999,0,98007,47.5939,-122.15,3110,5717
406500.0,3,2.75,1840,68479,1.0,0,2,3,8,500,1989,0,98014,47.6802,-121.908,2060,61903
619000.0,3,2.5,2040,7503,2.0,0,0,3,8,0,1987,0,98029,47.5718,-122.021,2170,7503
415000.0,4,1.5,2700,14760,1.5,0,0,5,9,0,1940,0,98022,47.1996,-122.003,1670,7200
450000.0,3,1.0,1540,9028,1.0,0,0,4,6,0,1968,0,98033,47.6698,-122.177,1450,9028
250000.0,1,1.0,660,2600,1.0,0,0,3,6,0,1919,0,98144,47.5723,-122.304,1560,5445
295000.0,3,1.75,1500,15246,1.0,0,0,3,6,0,1925,1998,98070,47.4367,-122.463,1500,16988
175000.0,5,1.75,1680,8400,1.0,0,0,4,7,0,1979,0,98003,47.3035,-122.307,1800,8550
311000.0,4,2.5,2690,6124,2.0,0,0,3,7,0,2007,0,98042,47.3343,-122.058,2300,6002
920000.0,5,2.25,2730,6000,1.5,0,0,3,8,600,1927,0,98105,47.6571,-122.281,2730,6000
380000.0,2,1.75,1800,7191,1.0,0,3,4,7,810,1952,0,98056,47.4828,-122.191,1940,7400
282000.0,3,2.25,1260,915,2.0,0,0,3,8,240,2007,0,98106,47.555,-122.363,1260,1056
632500.0,5,2.5,2640,7096,2.0,0,0,3,7,0,2003,0,98053,47.6827,-122.038,2640,4850
560000.0,3,2.5,2430,5128,1.0,0,1,3,8,1160,1978,0,98136,47.5198,-122.389,2510,5330
340000.0,3,1.75,1740,10800,1.0,0,0,3,7,0,1959,0,98133,47.7717,-122.351,1810,7735
960000.0,4,3.0,4590,9150,2.0,0,0,3,10,1100,1981,0,98177,47.7234,-122.372,2910,12348
850000.0,5,3.0,3900,5250,1.5,0,1,5,8,1280,1931,0,98116,47.5577,-122.389,1950,5700
799000.0,4,3.5,3500,8547,2.0,0,0,3,9,1000,1994,0,98006,47.5613,-122.126,2350,10270
900000.0,3,3.25,2620,7215,1.0,0,0,4,8,850,1980,0,98004,47.5836,-122.2,2180,8931
329000.0,5,2.75,2570,7260,2.0,0,0,3,8,0,1996,0,98092,47.2622,-122.212,2200,7421
850000.0,5,2.75,3430,15119,2.0,0,0,3,10,0,1998,0,98075,47.5678,-122.032,3430,12045
386100.0,3,2.0,1270,6760,1.0,0,0,5,7,0,1972,0,98034,47.7381,-122.179,1550,5734
1680000.0,4,3.75,4490,34982,2.0,0,0,3,12,0,1998,0,98005,47.6406,-122.156,4470,37525
292500.0,4,1.75,2140,8162,1.0,0,0,3,7,720,1968,0,98023,47.3096,-122.377,2040,7632
865000.0,6,2.75,3500,5150,2.0,0,0,5,8,1070,1909,0,98117,47.6842,-122.363,1430,3860
700000.0,3,1.5,2240,7227,2.0,0,1,3,9,800,1977,0,98008,47.6208,-122.093,3150,16150
510000.0,3,1.5,2400,10275,1.0,0,0,4,8,860,1964,0,98052,47.6888,-122.126,2380,10125
680000.0,6,2.5,3180,9375,1.0,0,0,4,8,1590,1967,0,98006,47.5707,-122.129,2670,9625
369950.0,3,2.5,1930,8254,2.0,0,0,3,7,0,2014,0,98146,47.4973,-122.346,1540,8849
1680000.0,4,4.25,5584,68257,2.0,0,0,3,11,0,1998,0,98014,47.6113,-121.952,5030,101901
645000.0,3,1.75,2070,5500,1.0,0,0,4,7,940,1946,0,98115,47.6733,-122.301,1800,4400
635000.0,3,1.75,1340,3900,2.0,0,0,5,7,0,1900,0,98107,47.6711,-122.379,1470,1611
545000.0,3,1.75,1700,51649,1.5,0,0,5,6,0,1931,0,98059,47.4704,-122.076,1100,39504
1000000.0,4,3.25,3320,8587,3.0,0,0,3,11,370,2008,0,98103,47.691,-122.337,1860,5668
212000.0,3,1.75,1100,9750,1.0,0,0,4,6,0,1967,0,98023,47.2955,-122.362,1100,9900
787500.0,4,1.75,1580,9382,1.0,0,0,3,7,500,1963,0,98039,47.6353,-122.232,2010,9382
820000.0,4,2.75,2420,4635,1.5,0,0,5,7,0,1905,0,98103,47.682,-122.347,1590,3150
485000.0,3,2.5,3110,9015,2.0,0,0,3,9,0,1990,0,98058,47.4369,-122.147,2650,8960
735000.0,4,3.0,2840,4120,1.5,0,0,4,8,780,1931,0,98118,47.5683,-122.283,1840,5871
395000.0,4,3.0,2750,7965,2.0,0,0,3,9,0,2012,0,98038,47.3479,-122.028,2750,6000
530100.0,3,1.0,1540,3399,1.5,0,0,3,7,340,1926,0,98117,47.6853,-122.359,1500,3914
675000.0,5,2.5,2820,67518,2.0,0,0,3,8,0,1979,0,98029,47.5794,-122.025,2820,48351
437500.0,3,1.0,1630,16393,1.0,0,0,3,7,0,1969,0,98033,47.6576,-122.186,1880,23497
200000.0,3,2.0,1430,7905,1.0,0,0,4,7,0,1988,0,98092,47.2757,-122.145,1870,8400
197000.0,3,1.75,1690,7735,1.0,0,0,4,7,630,1976,0,98001,47.3324,-122.28,1580,7503
415000.0,3,2.5,2480,8342,2.0,0,0,3,8,0,1986,0,98058,47.4381,-122.134,2300,8303
550000.0,3,1.75,1830,9720,1.0,0,1,3,7,680,1928,1976,98040,47.5511,-122.23,3380,10854
237500.0,3,2.0,1350,8960,1.0,0,0,4,7,0,1986,0,98038,47.3614,-122.045,1470,8288
625000.0,3,2.25,1920,9672,2.0,0,0,4,8,0,1984,0,98074,47.6233,-122.046,1950,10125
409500.0,3,1.0,1340,4120,1.0,0,0,4,7,300,1921,0,98103,47.6916,-122.352,1270,4635
510000.0,3,1.75,1490,3800,1.0,0,0,3,6,790,1913,0,98118,47.5554,-122.27,2180,4000
720000.0,3,2.5,2100,2200,2.0,0,0,4,7,600,1919,0,98122,47.614,-122.294,1750,4400
328500.0,4,3.0,2290,8250,2.0,0,0,3,9,0,1990,0,98042,47.3739,-122.156,2290,8250
802000.0,3,1.75,2870,5000,1.5,0,0,4,8,1030,1907,0,98144,47.5788,-122.292,2200,5000
627000.0,4,2.5,2750,11830,2.0,0,0,3,9,0,2014,0,98059,47.4698,-122.121,2310,11830
765000.0,3,2.5,2300,9752,2.0,0,2,3,8,0,1968,2003,98075,47.5825,-122.076,2640,10764
319950.0,4,2.5,2020,7200,1.5,0,0,4,6,0,1954,0,98065,47.5223,-121.818,1440,7200
369000.0,3,2.0,1340,1480,3.0,0,0,3,8,0,1997,0,98117,47.6904,-122.393,1340,1321
680000.0,5,3.0,2970,6500,2.0,0,0,3,9,0,2000,0,98075,47.5973,-122.018,2970,6588
809950.0,4,2.0,2230,9900,1.5,0,0,5,9,0,1959,0,98005,47.5979,-122.173,2510,11041
237500.0,3,1.75,1480,7830,1.0,0,0,3,7,0,1980,0,98022,47.1967,-121.998,1130,7553
540000.0,5,3.0,2870,4369,2.0,0,0,3,8,780,2007,0,98011,47.7449,-122.192,2640,4610
440000.0,3,2.5,1390,4997,2.0,0,0,3,7,0,2004,0,98065,47.5303,-121.855,2340,4125
438000.0,3,2.25,2340,14279,1.0,0,0,3,8,1000,1965,0,98006,47.5715,-122.124,2340,13600
400000.0,3,1.0,1300,14138,1.0,0,0,4,7,0,1943,0,98005,47.593,-122.165,2440,12196
535000.0,3,2.75,2300,12197,2.0,0,0,3,8,0,1989,0,98166,47.4369,-122.338,1710,11220
592500.0,2,2.0,1420,9191,1.5,0,2,5,7,0,1928,0,98115,47.6979,-122.32,1420,6816
287500.0,3,2.0,1760,7147,1.0,0,0,4,6,880,1936,0,98055,47.4799,-122.232,1720,7147
355000.0,3,1.0,1600,5001,1.5,0,0,5,6,520,1930,0,98125,47.7232,-122.289,1340,5001
176250.0,4,2.0,1440,6702,1.0,0,0,4,7,0,1966,0,98002,47.3056,-122.217,1030,6702
551000.0,3,2.5,2010,17362,2.0,0,0,3,8,0,1994,0,98033,47.6904,-122.176,1920,7200
475000.0,3,2.5,1320,1310,3.0,0,0,3,8,0,2006,0,98107,47.6719,-122.38,1350,1250
800000.0,2,1.0,1570,5000,1.5,0,3,4,8,0,1924,0,98144,47.5955,-122.294,1760,3000
410000.0,3,2.25,2200,16921,2.0,0,0,3,8,0,1987,0,98038,47.3727,-122.051,2060,16921
1755000.0,4,4.0,3860,67953,2.0,0,2,4,12,0,1927,0,98177,47.7469,-122.378,4410,128066
537000.0,3,2.5,1550,12920,2.0,0,0,5,7,0,1999,0,98033,47.6973,-122.194,2610,10800
571000.0,4,2.0,2750,7807,1.5,0,0,5,7,500,1916,0,98125,47.7168,-122.287,1510,7807
400950.0,2,1.75,2320,6250,1.0,0,0,3,7,920,1948,0,98136,47.5468,-122.386,1420,6250
549500.0,3,1.75,1620,8438,1.0,0,0,4,8,0,1961,0,98125,47.703,-122.281,2040,9450
1025000.0,4,3.5,4370,10860,2.0,0,0,3,11,0,2008,0,98059,47.5066,-122.148,3560,8070
325000.0,3,2.5,1800,8518,2.0,0,0,3,7,0,1996,0,98030,47.3643,-122.185,1770,7570
440000.0,3,1.75,1560,7207,1.0,0,0,3,7,310,1983,0,98034,47.7283,-122.222,1540,7485
129888.0,2,1.0,710,9900,1.0,0,0,3,6,0,1943,0,98166,47.479,-122.339,1070,9900
160000.0,3,1.0,860,11900,1.0,0,0,4,6,0,1963,0,98030,47.3574,-122.186,1660,10248
445000.0,4,2.5,2280,42077,2.0,0,0,3,8,0,1994,0,98042,47.3424,-122.077,2280,36236
800866.0,5,2.5,3180,13806,2.0,0,0,4,10,0,1990,0,98033,47.652,-122.182,3180,13798
320000.0,3,1.0,860,5060,1.5,0,0,3,7,0,1927,0,98133,47.7062,-122.341,880,5060
653750.0,4,2.5,2460,4166,2.0,0,0,3,9,0,2003,0,98034,47.7072,-122.232,2460,4964
775000.0,4,2.5,2540,28563,1.0,0,0,3,10,0,1984,0,98052,47.7185,-122.114,2790,20301
263000.0,3,1.75,1490,3800,1.0,0,0,3,6,790,1913,0,98118,47.5554,-122.27,2180,4000
530000.0,3,2.5,2480,7480,2.0,0,0,3,9,0,1992,0,98072,47.771,-122.166,2480,7480
324900.0,4,2.25,2010,7280,2.0,0,0,4,8,0,1988,0,98032,47.3585,-122.286,1660,7579
595888.0,3,1.75,1870,9000,1.0,0,0,5,9,0,1958,0,98177,47.7203,-122.361,2030,8160
400000.0,3,1.75,1830,9620,1.0,0,0,4,8,0,1978,0,98023,47.3123,-122.389,1990,8280
650000.0,4,2.5,3160,8530,2.0,0,0,3,9,0,2006,0,98059,47.5075,-122.148,3160,6460
356000.0,4,2.0,2020,48693,1.5,0,0,3,7,0,1949,0,98045,47.4646,-121.759,1610,34900
515000.0,4,2.5,2030,39049,1.0,0,0,4,7,500,1953,0,98166,47.4413,-122.345,2400,14605
664500.0,4,2.25,3070,9210,2.0,0,0,3,8,330,2010,0,98011,47.7638,-122.196,2580,9660
425000.0,2,1.0,1170,5000,1.0,0,0,4,7,140,1920,0,98136,47.5449,-122.388,1170,5850
510000.0,3,1.5,2240,3800,2.0,0,0,3,8,870,1929,0,98115,47.6887,-122.307,1690,4275
580000.0,4,2.5,2840,6268,2.0,0,0,3,9,0,1998,0,98028,47.7386,-122.235,2790,6526
265000.0,3,2.25,2540,7216,2.0,0,0,3,8,0,1991,0,98023,47.2906,-122.349,2140,7531
725000.0,5,2.5,3780,20000,1.0,0,1,4,9,1890,1978,0,98155,47.7603,-122.273,2840,19908
328000.0,4,2.5,1850,5388,2.0,0,0,3,8,0,2009,0,98038,47.3494,-122.041,2140,5086
478000.0,3,2.25,1570,9500,1.0,0,0,4,7,500,1977,0,98033,47.6843,-122.185,2250,9583
2983000.0,5,5.5,7400,18898,2.0,0,3,3,13,1110,2001,0,98006,47.5431,-122.112,6110,26442
312000.0,2,1.0,1160,7500,1.5,0,0,4,7,0,1916,0,98014,47.6499,-121.916,1110,7500
625000.0,3,2.5,2010,3200,2.0,0,0,3,9,0,2009,0,98027,47.5463,-122.015,2250,3200
425000.0,3,2.5,1630,10762,1.0,0,0,3,7,0,1994,0,98011,47.7508,-122.175,1770,10762
729953.0,5,3.0,3230,5167,1.5,0,0,4,8,1230,1909,0,98133,47.7053,-122.34,1509,1626
665000.0,5,2.0,2800,17788,1.0,0,0,4,8,1400,1963,0,98033,47.6719,-122.163,1760,18282
950000.0,6,1.0,2330,5000,1.5,0,0,4,7,0,1920,0,98117,47.6789,-122.397,1570,5000
1320000.0,4,5.25,6110,10369,2.0,0,0,3,11,0,2005,0,98059,47.5285,-122.135,4190,10762
299900.0,3,2.25,1560,35026,1.0,0,0,3,7,270,1985,0,98092,47.3023,-122.069,1660,35160
325000.0,3,1.5,1310,2998,2.0,0,0,3,7,0,1998,0,98144,47.5873,-122.299,1310,2997
292000.0,3,1.75,1090,4500,1.5,0,0,5,8,0,1929,0,98118,47.5157,-122.256,1640,5225
390000.0,3,2.0,1463,868,3.0,0,0,3,7,0,2003,0,98115,47.6843,-122.317,1484,4320
720000.0,4,3.25,3276,10801,2.0,0,0,3,9,0,2008,0,98166,47.4585,-122.361,2010,11656
419000.0,4,1.5,2150,23568,1.0,0,0,4,7,0,1950,0,98166,47.4522,-122.355,2150,10125
382500.0,2,1.0,1190,4440,1.0,0,0,3,6,0,1981,0,98125,47.7135,-122.287,1060,5715
795000.0,2,2.5,2830,8630,2.0,0,0,3,10,0,2001,0,98074,47.6481,-122.081,3190,7515
334500.0,2,1.5,830,1858,2.0,0,0,3,7,0,2005,0,98144,47.5828,-122.314,1480,3030
775000.0,5,3.5,3730,16679,1.0,0,0,3,10,970,1990,0,98075,47.5987,-122.029,3280,16679
805000.0,3,3.0,3910,19023,2.0,0,0,3,11,0,1985,0,98014,47.6953,-121.914,1860,15001
600000.0,2,1.75,1180,5000,1.0,0,0,2,7,300,1925,0,98107,47.6749,-122.398,1470,5000
415000.0,3,1.5,1740,9046,1.0,0,0,3,7,0,1956,0,98028,47.7402,-122.255,1830,9513
190000.0,2,2.5,1370,3438,2.0,0,0,3,7,0,1987,0,98188,47.4606,-122.283,1370,2308
961000.0,5,2.75,2590,6120,2.0,0,0,3,8,0,1909,0,98105,47.6667,-122.327,1390,3060
430000.0,4,2.25,2020,4840,1.5,0,0,5,8,820,1925,0,98126,47.5576,-122.376,1410,4840
620000.0,3,1.5,1620,6630,1.0,0,0,3,8,340,1954,0,98117,47.6948,-122.394,1880,5100
489000.0,2,1.75,1810,4220,2.0,0,0,3,8,0,2004,0,98053,47.7177,-122.034,1350,4479
415000.0,2,1.0,1070,4500,1.0,0,0,3,7,0,1937,0,98115,47.6802,-122.29,1320,4465
634000.0,3,2.5,2490,4904,2.0,0,0,3,9,0,2003,0,98029,47.5451,-122.014,2370,4050
852600.0,4,2.5,3320,11901,2.0,0,0,5,9,670,1977,0,98006,47.554,-122.16,2700,11114
232000.0,3,1.0,840,6540,1.0,0,0,3,6,0,1970,2014,98042,47.3743,-122.116,1010,6600
442500.0,3,1.75,1800,10200,1.0,0,0,3,8,0,1967,0,98058,47.4496,-122.146,2140,10128
449950.0,4,2.75,2320,4344,2.0,0,0,3,8,0,2012,0,98059,47.4862,-122.163,2310,3770
820875.0,5,3.25,3860,9387,2.0,0,2,3,9,0,2006,0,98065,47.538,-121.858,3860,8979
490000.0,3,1.0,1260,9638,2.0,0,0,4,7,0,1920,0,98033,47.6773,-122.178,1760,7822
183000.0,2,1.0,760,7272,1.0,0,0,4,7,0,1980,0,98003,47.3205,-122.33,1370,7866
681000.0,3,1.0,1700,6356,1.5,0,0,3,7,0,1907,0,98118,47.5677,-122.281,2080,6000
110000.0,3,1.0,1250,53143,1.0,0,0,5,6,0,1945,0,98038,47.4235,-122.051,1820,217800
480000.0,2,1.0,710,4800,1.0,0,0,2,6,0,1950,0,98112,47.6212,-122.298,1480,1721
660000.0,3,2.0,2570,28500,1.0,0,0,3,9,600,1983,0,98052,47.7318,-122.138,3070,32400
278500.0,3,2.0,1570,5250,1.0,0,0,3,7,0,1998,0,98092,47.3163,-122.188,1570,5250
835000.0,4,2.0,3390,16025,2.0,0,0,4,10,0,1987,0,98077,47.7222,-122.056,3950,15277
840000.0,4,2.25,2100,3671,1.5,0,0,3,8,350,1929,0,98112,47.6359,-122.3,1800,4560
666570.0,4,2.0,2320,7400,1.5,0,0,5,7,700,1913,0,98118,47.5558,-122.269,1740,4000
600000.0,5,2.75,2910,53898,1.0,0,0,5,7,1400,1979,0,98077,47.7201,-122.062,3210,216928
481000.0,2,1.0,1620,3880,1.0,0,0,4,7,700,1924,0,98117,47.6855,-122.391,1330,3880
850000.0,4,2.25,2130,11843,2.0,0,0,4,9,0,1972,0,98040,47.5358,-122.225,2380,11643
255000.0,3,2.25,1850,7151,2.0,0,0,3,7,0,1989,0,98023,47.2843,-122.352,1710,6827
525000.0,4,1.75,1710,10440,1.0,0,0,4,7,0,1955,0,98006,47.5756,-122.158,1480,10440
469500.0,5,2.5,2970,24759,1.0,0,0,4,8,1300,1969,0,98031,47.3908,-122.173,2100,21803
355000.0,4,1.0,1410,7693,1.5,0,0,4,7,0,1953,0,98133,47.7604,-122.331,1330,8395
372220.0,3,1.0,1290,5500,1.0,0,0,3,7,310,1951,0,98136,47.5266,-122.392,1680,5000
599950.0,4,3.5,2500,3080,2.0,0,0,3,8,690,2008,0,98052,47.6749,-122.14,2060,3295
625000.0,5,3.5,4010,6000,2.0,0,3,3,9,1450,1997,0,98178,47.4928,-122.229,2440,6000
265000.0,3,1.5,1520,6805,1.0,0,0,4,7,480,1981,0,98023,47.2907,-122.367,1440,7041
399000.0,3,2.5,1430,1250,3.0,0,0,3,7,0,2007,0,98103,47.6904,-122.342,1360,1269
217500.0,3,1.0,1040,9750,1.0,0,0,3,7,0,1959,0,98188,47.4553,-122.274,1510,11100
353000.0,3,2.5,2510,9240,2.0,0,0,4,8,0,2001,0,98022,47.1896,-122.013,2690,9240
236000.0,3,1.75,1330,6301,1.0,0,0,3,7,0,1998,0,98002,47.3411,-122.219,1330,6144
442000.0,4,4.0,4168,8485,2.0,0,0,3,10,946,2007,0,98023,47.3029,-122.387,4362,8100
328500.0,3,2.25,1390,1407,3.0,0,0,3,7,0,2004,0,98125,47.7227,-122.296,1390,1628
248000.0,3,2.5,1870,4046,2.0,0,0,3,7,0,2007,0,98042,47.342,-122.059,2130,4800
463000.0,2,1.0,1250,5650,2.0,0,1,4,7,0,1943,0,98126,47.5495,-122.377,1210,5650
352450.0,3,2.0,1430,6000,1.0,0,0,5,7,0,1945,0,98155,47.7564,-122.316,1630,6315
260000.0,4,1.5,2130,8800,1.0,0,0,3,7,1030,1962,0,98032,47.383,-122.288,1480,8120
425000.0,4,2.75,1680,9545,1.0,0,0,4,7,600,1979,0,98028,47.739,-122.243,1890,9545
800000.0,3,2.5,1630,2640,2.0,0,0,5,8,0,1919,0,98119,47.6452,-122.371,1630,3000
179500.0,3,1.0,900,8100,1.0,0,0,4,6,0,1959,0,98002,47.2866,-122.221,1000,7830
525000.0,4,1.5,1430,6380,1.5,0,0,4,7,300,1945,0,98115,47.6942,-122.319,1570,6380
850000.0,3,2.75,3180,3680,2.0,0,0,4,9,990,1918,0,98126,47.577,-122.38,2000,3680
370000.0,4,2.5,2570,7753,2.0,0,0,3,8,0,1987,0,98058,47.4237,-122.162,2140,7615
389950.0,3,2.5,2283,3996,2.0,0,0,3,8,0,2008,0,98031,47.4221,-122.192,1760,3992
221000.0,3,2.25,1430,5999,2.0,0,0,3,7,0,1987,0,98023,47.3116,-122.358,1600,5999
360500.0,3,1.0,970,6180,1.0,0,3,3,6,0,1974,0,98118,47.5658,-122.291,1120,4500
215000.0,3,2.0,1760,9282,1.0,0,0,5,7,660,1947,0,98001,47.3413,-122.29,1730,7500
300000.0,2,1.0,760,3001,1.0,0,0,3,6,0,1913,0,98144,47.5874,-122.311,1750,5000
295000.0,3,2.5,1660,8125,1.0,0,0,3,7,510,1999,0,98148,47.4373,-122.333,1250,8125
875000.0,4,2.75,3790,10669,2.0,0,0,3,10,0,1999,0,98075,47.5976,-121.983,3750,11634
410000.0,3,2.5,3040,6054,2.0,0,0,3,9,0,2005,0,98042,47.3508,-122.163,2650,6054
569500.0,4,1.0,1960,3194,2.0,0,0,3,7,0,1907,0,98144,47.6005,-122.296,1870,4200
930000.0,4,4.25,5710,24663,2.0,0,0,3,11,0,2007,0,98092,47.3065,-122.158,4060,23847
435000.0,2,1.0,870,4000,1.0,0,2,3,7,0,1950,0,98126,47.5682,-122.374,1690,4000
1080000.0,3,2.75,3890,7216,2.0,0,1,3,8,630,1967,2010,98118,47.5445,-122.266,2490,9920
1070000.0,4,3.75,4130,12320,2.0,0,0,3,11,0,2001,0,98059,47.5194,-122.151,3690,11227
615000.0,3,2.5,1980,3128,2.0,0,0,3,8,90,2009,0,98027,47.5456,-122.016,2160,2240
557510.0,4,2.0,1580,4800,1.5,0,2,3,7,0,1912,0,98136,47.5454,-122.383,1580,4800
140000.0,3,1.0,1000,10560,1.0,0,0,3,7,0,1955,0,98003,47.3217,-122.317,1190,9375
533300.0,4,2.5,2770,21806,2.0,0,0,3,9,0,1991,0,98045,47.4815,-121.768,2500,21656
349500.0,3,1.0,1400,3538,1.0,0,0,3,7,600,1953,0,98118,47.5405,-122.27,1620,6331
429900.0,4,1.5,1820,17918,1.0,0,0,4,8,630,1962,0,98056,47.521,-122.179,1890,15241
608000.0,2,1.0,1390,3600,1.0,0,0,4,7,380,1913,0,98119,47.6422,-122.36,1590,3600
523000.0,3,1.0,1440,8681,1.5,0,0,3,7,0,1937,0,98115,47.6976,-122.283,1700,7770
593500.0,3,1.0,1370,4000,2.0,0,0,4,8,0,1918,0,98105,47.6711,-122.324,1370,4000
518000.0,4,2.5,1740,7500,1.0,0,0,4,7,520,1976,0,98052,47.6927,-122.124,1790,7350
765000.0,4,2.5,2910,15016,2.0,0,0,3,10,0,1990,0,98052,47.69,-122.097,2870,13992
490000.0,2,2.5,1230,1391,2.0,0,0,3,8,360,2004,0,98112,47.6192,-122.301,1240,1350
705640.0,3,2.25,2400,12350,1.0,0,0,4,8,980,1968,0,98033,47.6533,-122.192,2615,12043
656500.0,4,2.0,2710,4750,1.0,0,0,4,7,1250,1919,0,98115,47.6756,-122.305,1700,3800
310000.0,3,1.0,1020,55756,1.0,0,0,3,7,0,1961,0,98042,47.3836,-122.082,1490,12745
650000.0,3,2.5,1910,4363,2.0,0,0,3,9,0,2006,0,98029,47.5482,-121.996,1890,3732
350000.0,4,2.5,1530,2248,1.5,0,0,3,7,0,1914,0,98144,47.5766,-122.309,1340,3700
465000.0,2,1.5,1120,1201,3.0,0,0,3,8,0,1999,0,98103,47.6524,-122.353,1370,1298
440000.0,3,1.75,1760,8025,1.0,0,0,4,7,530,1976,0,98034,47.7287,-122.192,1590,7543
675000.0,5,2.0,2420,21000,1.5,0,0,3,8,0,1966,0,98033,47.677,-122.165,1940,8085
1400000.0,3,2.5,2550,7200,2.0,0,2,3,10,0,1981,2013,98144,47.5996,-122.288,2030,3500
327500.0,4,2.25,2240,9600,2.0,0,0,3,8,0,1971,0,98032,47.361,-122.281,2050,9240
404600.0,3,1.0,1570,7727,1.0,0,2,4,8,300,1958,0,98056,47.4821,-122.192,2440,7727
850000.0,3,3.0,1910,4800,1.5,0,0,3,9,0,1900,1991,98103,47.6572,-122.346,1280,1310
580000.0,3,2.5,1740,1280,3.0,0,2,3,8,0,2008,0,98116,47.589,-122.387,1740,1308
299950.0,2,1.0,800,3000,1.0,0,0,3,6,0,1904,0,98118,47.5602,-122.292,1640,3400
300000.0,3,1.0,1300,20812,1.0,0,0,3,6,0,1927,0,98106,47.5435,-122.359,1210,17340
637000.0,4,3.5,3080,118918,2.0,0,0,3,9,0,2008,0,98019,47.7721,-121.924,1830,434728
239950.0,3,1.0,1900,33888,1.5,0,0,4,5,0,1942,0,98001,47.2738,-122.271,1430,19200
229000.0,1,1.0,600,3720,1.0,0,0,3,6,0,1920,0,98106,47.5558,-122.363,1480,4800
622500.0,4,2.5,2980,8107,2.0,0,0,3,9,0,2000,0,98065,47.5389,-121.876,2750,7760
551000.0,2,2.0,2260,9604,1.0,0,0,3,9,0,1990,0,98011,47.7718,-122.208,2260,10747
372000.0,3,2.5,1920,15260,2.0,0,0,3,7,0,1990,0,98019,47.7317,-121.964,2370,15235
392500.0,3,1.0,1100,7650,1.0,0,0,3,7,0,1952,0,98133,47.7219,-122.354,1430,7650
429000.0,3,2.5,2420,49928,2.0,0,0,3,8,560,1985,0,98027,47.463,-122.008,2620,37301
481000.0,3,2.75,2290,14810,1.0,0,0,5,7,890,1967,0,98056,47.5343,-122.185,2540,8640
752000.0,4,2.5,2940,10382,2.0,0,0,4,9,0,1991,0,98059,47.5333,-122.151,2980,10547
238000.0,5,2.25,2240,9652,2.0,0,0,3,7,0,1990,0,98055,47.4249,-122.211,2180,11644
385000.0,3,1.75,1560,14288,1.0,0,0,3,6,780,1944,0,98125,47.7183,-122.306,1320,8928
1350000.0,4,3.75,4100,61419,2.0,0,0,3,9,0,2014,0,98029,47.5626,-122.005,2010,32362
750000.0,5,3.5,2990,212137,2.0,0,0,3,8,540,1994,0,98024,47.5298,-121.887,1060,69260
329950.0,3,2.5,1300,812,2.0,0,0,3,8,420,2008,0,98144,47.5893,-122.317,1300,824
405000.0,3,1.5,1880,7400,1.0,0,0,3,8,400,1968,0,98155,47.7743,-122.27,1820,8660
487250.0,4,2.0,1690,3250,1.5,0,0,3,7,140,1901,0,98103,47.6637,-122.346,1620,3250
349000.0,3,1.0,1010,8184,1.0,0,0,4,6,0,1947,0,98155,47.7416,-122.319,1010,8184
610000.0,3,2.25,2320,38186,2.0,0,0,3,8,0,1980,0,98053,47.6645,-122.068,2875,37523
583500.0,3,1.75,1720,7800,1.0,0,0,4,7,550,1978,0,98052,47.6928,-122.125,1760,7276
159100.0,2,1.0,790,7095,1.0,0,0,3,6,0,1944,0,98178,47.4928,-122.239,1150,7200
431000.0,2,2.0,1390,12530,1.0,0,0,3,8,420,1959,0,98155,47.7499,-122.29,1940,12530
1575000.0,3,3.0,2610,22672,1.5,1,4,4,8,0,1952,0,98166,47.4414,-122.354,2810,22672
590000.0,4,2.5,2660,35010,2.0,0,2,3,9,0,1993,0,98045,47.4816,-121.714,2330,35448
202000.0,2,1.0,740,6550,1.0,0,0,4,5,0,1946,0,98168,47.4807,-122.332,1080,8515
225900.0,3,1.0,1510,8800,1.0,0,0,4,7,500,1963,0,98003,47.329,-122.33,1290,8470
832500.0,3,2.0,1870,9527,1.0,0,0,4,7,0,1951,1997,98040,47.5777,-122.224,1970,11904
359950.0,3,2.5,1980,7800,2.0,0,0,3,8,0,1999,0,98055,47.4492,-122.199,1700,20580
320000.0,5,3.0,2970,7000,1.0,0,0,3,8,1160,1979,0,98023,47.3079,-122.341,2630,8062
292000.0,3,1.75,2270,7156,1.0,0,0,3,7,900,1948,0,98168,47.4864,-122.316,1210,7156
370000.0,4,2.5,2100,19680,1.5,0,0,3,6,0,1914,0,98055,47.4787,-122.23,1340,12300
416000.0,3,2.5,1710,1296,3.0,0,0,3,8,200,2004,0,98103,47.6963,-122.342,1610,1282
550000.0,4,3.0,2670,5000,2.0,0,2,3,7,0,1916,1978,98126,47.5784,-122.377,2300,5000
1197350.0,4,2.5,2770,7800,2.0,0,0,3,10,0,1999,0,98033,47.684,-122.205,2720,10000
384200.0,3,2.5,2430,7613,2.0,0,0,4,8,0,1986,0,98058,47.4383,-122.135,2440,8342
935100.0,4,3.5,3200,8049,1.0,0,0,3,8,500,1980,0,98005,47.5841,-122.172,1640,8506
925000.0,4,2.25,2110,6375,1.0,0,2,4,8,510,1941,0,98115,47.6819,-122.272,2760,6375
600600.0,4,3.5,3110,6829,2.0,0,0,3,8,0,2014,0,98148,47.4349,-122.328,2910,7425
840000.0,4,3.5,3840,85728,2.0,0,0,3,11,0,1998,0,98014,47.615,-121.954,2430,42643
427500.0,4,2.5,3160,8726,2.0,0,0,3,9,0,1999,0,98092,47.2582,-122.223,2500,8648
386380.0,3,2.5,1720,3600,2.0,0,0,3,7,0,2010,0,98053,47.6856,-122.013,1720,3600
492000.0,3,2.25,2100,7335,2.0,0,0,3,8,0,1983,0,98074,47.647,-122.061,2050,8930
897000.0,4,2.5,2820,6120,2.0,0,0,3,9,0,2014,0,98115,47.6911,-122.293,1510,6120
350000.0,4,2.5,2260,13755,1.0,0,0,4,9,0,1975,0,98042,47.3767,-122.161,2650,13650
324950.0,4,2.5,2110,4178,2.0,0,0,3,7,0,2013,0,98042,47.3612,-122.081,2300,4142
500000.0,2,2.0,1250,3360,1.0,0,0,3,7,0,1957,0,98103,47.6526,-122.349,1250,3360
574800.0,3,1.5,1630,2946,1.5,0,0,4,8,0,1932,0,98115,47.6865,-122.31,1550,3800
455000.0,4,2.5,1780,2992,2.0,0,0,3,7,0,2003,0,98072,47.7633,-122.149,1610,2961
517100.0,3,1.75,1580,9719,1.0,0,0,5,7,0,1962,0,98056,47.5396,-122.18,1760,8539
255000.0,2,1.0,920,43560,1.0,0,0,4,5,0,1923,0,98024,47.5245,-121.931,1530,11875
443725.0,3,1.75,1250,3880,1.0,0,0,4,7,500,1944,0,98117,47.6869,-122.392,1240,3880
318500.0,4,2.0,1780,7350,1.0,0,0,5,7,880,1974,0,98058,47.4562,-122.158,1480,7350
564000.0,4,1.75,1960,6138,1.0,0,0,4,7,700,1960,0,98115,47.6968,-122.299,2000,7057
432000.0,3,2.0,1870,7080,1.0,0,0,4,7,660,1969,0,98034,47.7244,-122.179,1620,8000
852880.0,4,3.25,3450,6184,2.0,0,0,3,9,0,2014,0,98074,47.6072,-122.054,3020,5369
200000.0,2,1.0,830,7200,1.0,0,0,2,6,0,1920,0,98118,47.5604,-122.275,1150,6600
1050000.0,4,3.5,3450,7832,2.0,0,0,3,10,0,2007,0,98006,47.5637,-122.123,3220,8567
311600.0,3,2.25,1358,1196,3.0,0,0,3,7,0,2007,0,98133,47.7052,-122.346,1358,1196
994000.0,5,3.25,4260,7861,2.0,0,0,3,10,0,2005,0,98074,47.611,-121.992,4020,7528
580000.0,2,1.0,860,4013,1.0,0,0,3,7,0,1925,0,98103,47.6652,-122.338,1490,4013
979500.0,4,3.75,4133,361548,2.0,0,0,3,11,0,2000,0,98019,47.7479,-121.972,1970,291416
350000.0,3,1.0,950,9451,1.0,0,0,4,7,0,1977,0,98034,47.7308,-122.19,1480,8352
395000.0,3,2.5,2510,5320,2.0,0,0,3,8,0,2005,0,98106,47.5374,-122.357,1820,5736
930000.0,4,3.0,2900,10400,1.0,0,3,5,8,1370,1959,0,98008,47.5854,-122.114,2820,10400
695000.0,4,2.25,2360,2500,2.0,0,3,3,8,840,2001,0,98117,47.6771,-122.358,1810,3900
550000.0,1,1.0,2880,7560,1.0,0,0,3,7,1440,1925,2014,98126,47.537,-122.375,1400,5040
250000.0,3,2.0,1500,5200,1.0,0,0,3,7,440,1977,0,98042,47.3653,-122.09,1640,5200
140000.0,3,1.0,1060,7473,1.0,0,0,3,7,0,1959,0,98198,47.3699,-122.309,1320,7912
429000.0,4,2.5,1840,4593,2.0,0,0,3,7,0,2010,0,98053,47.6866,-122.013,1740,3600
495000.0,4,2.75,2656,21195,2.0,0,0,3,9,0,2014,0,98001,47.3162,-122.272,1860,16510
852500.0,4,2.5,3480,6315,2.0,0,0,3,9,1120,2000,0,98052,47.6841,-122.161,3620,5233
415000.0,5,2.75,2060,8906,1.0,0,0,4,7,840,1978,0,98118,47.5358,-122.289,1840,8906
265000.0,3,1.0,800,5760,1.0,0,0,3,6,100,1949,0,98155,47.7505,-122.317,1060,6628
485000.0,4,2.0,1400,3600,1.0,0,0,3,7,300,1900,0,98119,47.6385,-122.37,1630,2048
345000.0,3,1.0,1620,10610,1.0,0,0,4,6,0,1958,0,98059,47.474,-122.125,1680,10795
545000.0,2,1.5,2340,13380,1.0,0,0,4,7,1060,1954,0,98146,47.5017,-122.377,1490,8100
621000.0,4,2.5,2030,9905,1.0,0,0,4,8,0,1959,0,98006,47.5518,-122.184,2130,10008
464000.0,5,2.0,2000,3000,1.5,0,0,3,6,800,1931,0,98122,47.6028,-122.298,1330,4000
335000.0,3,1.5,2040,6000,1.0,0,0,3,7,700,1957,0,98118,47.5218,-122.286,1190,6000
650000.0,4,2.5,2840,9354,2.0,0,0,3,10,0,1990,0,98074,47.6274,-122.04,2540,10200
390000.0,4,2.75,2500,12848,1.0,0,1,3,8,380,1975,0,98003,47.3364,-122.321,2370,12497
580000.0,3,1.75,1570,2600,1.5,0,0,4,8,0,1931,0,98117,47.6867,-122.37,1490,4000
455000.0,5,2.0,1870,13970,1.0,0,0,4,7,750,1969,0,98027,47.5243,-122.042,1860,13970
620000.0,3,2.25,2520,212137,2.0,0,0,3,9,930,2005,0,98019,47.7384,-121.878,2000,212137
613000.0,3,3.25,2440,2812,2.0,0,0,3,8,730,2005,0,98027,47.5362,-122.072,2440,2836
411000.0,4,1.75,2250,292288,1.0,0,0,4,7,0,1963,0,98042,47.3787,-122.091,1550,23798
526000.0,2,2.0,1550,2400,1.5,0,0,4,7,0,1900,0,98103,47.654,-122.346,1180,1224
365000.0,3,2.5,1720,99916,2.0,0,0,4,7,0,1990,0,98042,47.3391,-122.093,1340,73180
355000.0,3,1.75,1730,7416,1.5,0,0,3,7,0,1954,0,98133,47.76,-122.349,1390,6490
1000750.0,3,2.75,3070,10739,2.0,0,0,3,10,630,1987,0,98004,47.6444,-122.191,3490,11913
599900.0,3,1.5,2605,12030,1.0,0,0,3,8,1250,2003,0,98019,47.7725,-121.899,1590,15242
460000.0,3,1.75,1370,8467,1.0,0,0,4,7,400,1972,0,98052,47.6644,-122.145,1650,8472
575000.0,3,2.25,1700,3333,1.5,0,0,3,7,600,1924,0,98117,47.6784,-122.361,1700,3750
2205000.0,3,2.5,3430,10177,2.0,0,0,3,10,0,2014,0,98034,47.7159,-122.251,3110,12339
305000.0,3,1.75,1610,12247,1.0,0,0,3,8,0,1981,0,98058,47.4476,-122.124,2010,9271
700000.0,5,2.5,2830,25958,1.0,0,1,5,8,1220,1979,0,98075,47.5896,-122.083,2670,21567
401000.0,2,1.0,1400,8220,1.0,0,0,3,7,0,1949,0,98133,47.7228,-122.357,1760,8220
2200000.0,5,4.25,4640,22703,2.0,1,4,5,8,1780,1952,0,98052,47.6393,-122.097,3140,14200
290000.0,3,1.0,960,9000,1.0,0,0,4,7,0,1955,0,98006,47.5765,-122.154,1520,9000
280000.0,4,2.75,2230,10160,1.0,0,0,3,7,830,1968,0,98168,47.5123,-122.32,1740,10080
199000.0,4,2.0,2030,8120,2.0,0,0,3,7,0,1950,0,98178,47.4994,-122.261,1520,9440
235000.0,2,1.5,880,1805,2.0,0,0,3,7,0,1999,0,98133,47.7064,-122.342,880,5060
286300.0,3,2.75,2000,6405,1.0,0,0,3,8,740,1964,0,98178,47.5066,-122.259,2130,6510
910000.0,4,2.5,3170,32430,2.5,0,0,3,10,0,1989,0,98053,47.6903,-122.056,3360,35610
219900.0,3,1.0,860,10426,1.0,0,0,3,6,0,1954,0,98146,47.4987,-122.341,1140,11250
551000.0,3,1.0,940,1948,1.0,0,0,5,6,0,1900,0,98107,47.6733,-122.383,1700,5000
375000.0,3,1.0,1520,10798,1.0,0,0,3,7,0,1953,0,98028,47.7635,-122.262,1670,9876
399950.0,3,2.5,2000,30605,2.0,0,0,4,8,0,1989,0,98042,47.3442,-122.062,1930,35350
345000.0,3,1.75,1090,7200,1.0,0,0,3,7,0,1968,0,98034,47.7227,-122.179,1240,7200
305000.0,2,1.0,1210,7140,1.5,0,0,3,6,0,1921,0,98133,47.7225,-122.349,1150,7376
550000.0,3,2.25,1700,1481,3.0,0,0,3,8,0,2002,0,98103,47.6598,-122.349,1560,1350
312891.0,5,3.0,2300,8214,2.0,0,0,3,8,0,2013,0,98001,47.3052,-122.276,2594,4950
900000.0,4,3.25,4700,38412,2.0,0,0,3,10,1280,1978,0,98005,47.6445,-122.167,3640,35571
295000.0,2,2.0,1590,8000,1.0,0,0,3,7,680,1984,0,98055,47.459,-122.205,1590,8364
875000.0,5,3.5,3840,8279,2.0,0,0,3,9,0,2001,0,98074,47.6039,-122.059,3570,8279
340000.0,3,2.0,1920,5688,1.0,0,3,3,9,0,2007,0,98022,47.1952,-121.976,2384,4802
256000.0,4,1.75,1270,6825,1.0,0,2,3,7,0,1950,0,98178,47.5051,-122.242,1800,6930
750000.0,4,2.5,2540,6491,2.0,0,0,3,8,0,1997,0,98008,47.6363,-122.117,1990,8447
750000.0,4,2.25,3140,12150,2.0,0,0,3,9,0,1979,0,98074,47.6361,-122.047,2370,12054
405000.0,4,2.75,2360,7716,1.0,0,0,3,7,970,1978,0,98034,47.7301,-122.223,2160,8794
1100000.0,2,1.75,2050,11900,1.0,0,0,4,8,0,1950,0,98004,47.6209,-122.219,2980,11900
957000.0,4,3.0,2370,3836,2.0,0,0,3,9,620,1969,2008,98107,47.6718,-122.394,1690,4698
655000.0,4,2.5,2370,9517,1.0,0,0,3,9,740,1984,0,98074,47.6222,-122.034,2440,9035
993000.0,4,2.0,2850,14810,2.0,0,0,5,8,360,1954,0,98004,47.5892,-122.203,2430,10454
380000.0,4,2.5,3120,5001,2.0,0,0,3,9,0,2005,0,98023,47.2779,-122.349,3120,5244
340500.0,3,2.0,2270,28025,1.0,0,0,4,7,350,1947,0,98168,47.4857,-122.318,1770,14833
369950.0,4,2.5,1910,10221,2.0,0,0,3,8,0,1994,0,98038,47.381,-122.035,2210,8705
925000.0,4,2.25,2590,13894,2.0,0,0,4,9,0,1975,0,98005,47.6351,-122.165,2720,13894
438000.0,2,1.0,1120,6380,1.0,0,0,3,7,0,1942,1994,98115,47.6951,-122.316,1230,6380
184000.0,3,1.75,1490,10125,1.0,0,0,4,7,0,1962,0,98001,47.3075,-122.284,2488,4981
397500.0,3,2.0,1510,6710,1.0,0,0,3,7,440,1972,0,98034,47.7193,-122.216,1660,6600
489900.0,3,1.0,1680,8910,1.0,0,0,4,7,0,1940,0,98117,47.7011,-122.375,1620,7182
600000.0,3,1.75,1310,5000,2.0,0,0,4,7,0,1901,0,98107,47.6722,-122.379,1270,4750
286900.0,3,2.25,1720,17235,1.0,0,0,4,7,280,1974,0,98042,47.3438,-122.073,1990,35048
195000.0,3,1.0,1300,9600,1.0,0,0,4,6,0,1975,0,98092,47.3037,-122.107,1150,10222
399500.0,3,1.75,2420,12676,2.0,0,0,3,7,0,1911,1986,98045,47.4943,-121.789,1210,6769
600000.0,4,2.5,2710,35009,2.0,0,2,3,9,0,1992,0,98045,47.4815,-121.714,2330,35040
607000.0,3,2.0,2060,4080,1.0,0,0,5,7,1000,1921,0,98144,47.574,-122.289,1400,4080
350000.0,3,2.5,1640,10424,2.0,0,0,3,7,0,1988,0,98019,47.7345,-121.977,1560,10101
315500.0,3,1.75,1870,8400,1.0,0,0,3,7,880,1977,0,98058,47.454,-122.164,1750,8400
160000.0,3,1.0,880,8976,1.0,0,0,4,6,0,1966,0,98023,47.3056,-122.368,990,8760
834000.0,4,2.5,2370,4000,1.5,0,2,5,8,390,1928,0,98144,47.601,-122.294,2440,5750
438750.0,3,1.75,1610,6480,1.0,0,0,4,7,0,1947,0,98125,47.7137,-122.307,1230,8040
377000.0,4,2.5,2170,11511,2.0,0,0,3,8,0,1992,0,98031,47.3886,-122.188,1900,8961
535000.0,2,2.0,1510,5133,1.5,0,0,3,7,0,1939,0,98199,47.6415,-122.401,1470,6000
450000.0,4,1.75,2190,9752,1.0,0,0,3,8,0,1964,0,98034,47.7108,-122.239,2040,9964
431000.0,4,2.25,2170,10500,1.0,0,2,4,8,900,1960,0,98166,47.4394,-122.338,2080,11019
462000.0,3,2.75,1890,2614,2.0,0,0,4,9,0,1979,0,98008,47.6102,-122.114,1800,2769
326500.0,3,1.0,1060,7920,1.0,0,0,4,7,0,1968,0,98106,47.5649,-122.358,1060,7457
680000.0,4,2.5,3140,28037,2.0,0,0,4,10,0,1991,0,98077,47.7304,-122.082,2990,35001
464625.0,4,2.75,2040,8996,1.0,0,0,4,8,780,1974,0,98033,47.666,-122.185,2470,9180
585000.0,3,2.0,3190,207346,2.0,0,0,3,9,0,1994,0,98022,47.2737,-122.015,2930,206474
350000.0,3,2.25,1760,9621,2.0,0,0,3,7,0,1995,0,98019,47.7466,-121.979,1810,6589
560000.0,3,2.5,3440,103672,2.0,0,0,3,9,0,1990,0,98038,47.3895,-121.986,2710,112820
450000.0,3,2.5,2450,19744,2.0,0,0,3,10,0,1990,0,98038,47.3746,-122.026,2650,19597
839704.0,4,3.25,2950,4161,2.0,0,0,3,10,740,2014,0,98027,47.5297,-122.073,2790,3693
272000.0,1,0.75,1040,6034,1.0,0,1,3,7,460,1991,0,98178,47.5078,-122.251,1560,5650
232000.0,3,2.0,1280,13356,1.0,0,0,3,7,0,1994,0,98042,47.3715,-122.074,1590,8071
1075000.0,3,2.5,3280,10302,1.0,0,0,3,10,1600,1970,0,98115,47.6948,-122.286,1550,6300
347000.0,2,2.25,1560,1705,2.0,0,0,3,8,290,2006,0,98126,47.5482,-122.374,1560,1758
283000.0,3,1.75,1830,7600,2.0,0,0,3,7,340,1947,0,98106,47.5317,-122.351,1300,4000
667000.0,3,1.5,1720,8100,2.0,0,0,3,8,0,1907,0,98107,47.6746,-122.4,2210,8100
3300000.0,5,6.25,8020,21738,2.0,0,0,3,11,0,2001,0,98006,47.5675,-122.189,4160,18969
1108000.0,4,2.5,3320,9380,2.0,0,3,3,10,0,1988,0,98006,47.5655,-122.114,2870,11779
2950000.0,4,4.25,4470,5884,2.0,0,1,3,11,1240,2010,0,98199,47.6387,-122.405,2570,6000
478000.0,2,1.75,1960,6000,1.0,0,0,4,7,980,1904,0,98199,47.6531,-122.401,1650,6000
539500.0,4,2.25,2280,8550,1.0,0,0,3,8,620,1977,0,98034,47.701,-122.231,2590,9500
320000.0,4,1.75,1730,9520,1.0,0,0,4,7,0,1971,0,98059,47.4756,-122.157,1550,11211
639000.0,4,1.75,1830,6000,1.0,0,0,4,7,900,1939,0,98199,47.6536,-122.41,1540,6000
443950.0,3,1.75,2000,36000,1.0,0,0,3,6,0,1946,1995,98056,47.5217,-122.182,2100,9681
980000.0,4,3.25,3720,7150,2.0,0,2,3,11,0,2007,0,98027,47.5359,-122.069,4040,7442
254000.0,3,1.0,1160,7560,1.0,0,0,4,6,0,1958,0,98058,47.45,-122.179,1160,7560
1190000.0,3,2.0,2160,15788,1.0,0,0,3,8,0,1951,0,98004,47.6227,-122.207,2260,9787
327000.0,3,2.5,1810,7350,1.0,0,0,3,8,500,1984,0,98058,47.4434,-122.125,2240,7350
229950.0,3,2.0,1410,7466,1.0,0,0,3,7,0,1983,0,98058,47.427,-122.147,1410,7610
495000.0,3,1.75,1770,10080,1.0,0,0,3,8,0,1968,0,98125,47.7218,-122.306,1860,10456
600000.0,5,3.25,4410,58157,2.0,0,0,4,9,2080,2001,0,98058,47.4395,-122.111,2460,42565
450000.0,4,3.0,1890,13140,1.0,0,0,4,7,620,1967,0,98027,47.5221,-122.044,1900,11160
497000.0,2,1.0,770,3325,1.0,0,0,3,7,0,1918,0,98122,47.6102,-122.299,960,4800
290000.0,4,1.75,2340,7200,1.0,0,0,3,8,750,1960,0,98146,47.497,-122.369,1970,7800
272000.0,4,2.5,1870,5692,2.0,0,0,3,7,0,2004,0,98058,47.4334,-122.148,2390,5293
435000.0,4,2.75,2110,8751,1.0,0,0,3,7,600,1962,0,98011,47.7617,-122.215,1660,10295
515055.0,4,2.5,2400,8320,2.0,0,0,3,8,0,1999,0,98045,47.4808,-121.781,2430,9258
799000.0,3,2.5,2860,4442,2.0,0,0,3,8,0,2000,0,98199,47.661,-122.396,1440,4400
418000.0,3,2.5,2080,16050,1.0,0,0,5,8,720,1978,0,98059,47.4694,-122.069,1790,14550
310000.0,3,2.5,1590,3359,2.0,0,0,3,7,0,2000,0,98019,47.7349,-121.986,1820,3383
835000.0,4,4.25,4930,25714,2.0,0,0,3,12,0,2005,0,98092,47.3069,-122.148,3620,23035
293550.0,4,1.75,1250,8840,1.0,0,0,4,7,340,1979,0,98198,47.4138,-122.317,1410,8378
635000.0,4,2.5,2570,27972,2.0,0,0,3,8,0,1997,0,98053,47.6343,-121.969,2500,29761
469000.0,3,1.75,1480,800,2.0,0,0,3,8,480,2014,0,98136,47.5493,-122.387,1480,1143
730000.0,6,2.25,2660,13579,2.0,0,0,3,7,0,1937,1990,98125,47.7142,-122.286,1120,8242
429000.0,4,1.75,2160,7700,2.0,0,0,2,8,0,1977,0,98033,47.6976,-122.169,2080,7700
575000.0,4,2.25,2070,1230,3.0,0,0,3,9,570,2013,0,98116,47.5775,-122.41,1569,4802
725000.0,3,1.0,1000,19969,1.0,0,0,3,7,0,1951,0,98033,47.6745,-122.197,1370,7962
630000.0,4,2.75,2710,37277,2.0,0,0,3,9,0,2000,0,98027,47.4634,-121.987,2390,39299
542000.0,4,2.5,2020,3440,1.5,0,0,4,7,540,1928,0,98117,47.6885,-122.376,1520,5080
350000.0,3,1.0,2480,8906,1.0,0,0,3,7,1240,1969,0,98118,47.5366,-122.289,1800,8906
194900.0,2,1.0,810,6697,1.0,0,0,4,6,0,1923,0,98002,47.3057,-122.216,1140,6695
675000.0,3,2.0,1510,3817,1.5,0,0,3,8,0,1905,1994,98122,47.6088,-122.294,1510,3817
490000.0,3,2.25,1630,7573,1.0,0,2,3,7,400,1983,0,98034,47.7273,-122.211,1550,7695
225000.0,2,1.0,700,6000,1.0,0,0,3,6,0,1943,0,98055,47.4671,-122.212,1320,6000
252500.0,3,2.5,1780,7192,1.0,0,0,4,7,530,1974,0,98031,47.4093,-122.173,1870,8500
465000.0,3,2.5,1600,1311,3.0,0,0,3,8,0,2005,0,98117,47.6903,-122.394,1390,1321
800000.0,4,2.25,2510,9963,1.0,0,0,4,9,310,1967,0,98005,47.5973,-122.177,3110,9963
467000.0,3,1.0,1220,8040,1.5,0,0,3,7,0,1965,0,98125,47.7133,-122.308,1360,8040
310000.0,3,1.0,1180,8474,1.5,0,0,3,7,0,1956,0,98155,47.7416,-122.327,1180,7200
630000.0,4,2.5,3220,14463,2.0,0,0,3,8,0,1978,0,98074,47.6261,-122.047,2550,12109
495000.0,4,1.75,1600,6380,1.0,0,0,3,8,470,1959,0,98125,47.701,-122.306,1090,6380
655000.0,2,2.25,1460,1851,2.0,0,0,3,9,280,2014,0,98119,47.6461,-122.362,1800,4269
379000.0,3,2.5,1530,2913,2.0,0,0,4,7,0,1986,0,98033,47.6939,-122.184,1370,3783
290000.0,3,1.75,1460,7980,1.0,0,0,3,7,0,1972,0,98028,47.7713,-122.265,1920,7980
828000.0,4,2.5,2120,10841,1.0,0,0,4,8,620,1979,0,98006,47.556,-122.156,3130,10950
526000.0,2,1.0,1450,4500,1.5,0,0,4,7,0,1921,0,98107,47.6739,-122.396,1470,5000
320000.0,3,2.0,1820,17600,1.0,0,0,5,7,0,1972,0,98059,47.4703,-122.112,2190,17440
346000.0,3,2.0,1060,1184,2.0,0,0,3,7,330,2006,0,98136,47.5443,-122.385,1270,1601
511000.0,2,1.0,1250,5413,1.0,0,0,4,7,0,1923,0,98115,47.6945,-122.315,1250,5413
352000.0,4,1.0,1530,8890,1.0,0,0,3,7,550,1925,0,98106,47.5308,-122.35,1100,5203
245000.0,2,1.0,670,1675,1.0,0,0,5,6,0,1960,0,98144,47.5918,-122.295,1220,1740
399000.0,4,1.0,1500,6388,1.5,0,0,4,7,0,1951,0,98126,47.5303,-122.378,980,5366
520000.0,2,1.0,1360,22508,1.0,0,0,3,7,0,1932,0,98034,47.7101,-122.226,2830,12600
546000.0,3,1.75,2000,5000,1.0,0,0,4,7,890,1921,0,98117,47.6859,-122.399,1750,5000
380000.0,3,1.75,1240,8611,1.0,0,0,4,7,0,1973,0,98133,47.7175,-122.331,1700,8037
340000.0,3,1.0,670,23522,1.0,0,0,4,6,0,1968,0,98024,47.5329,-121.89,1880,20270
423700.0,3,2.5,2070,3986,2.0,0,0,3,8,0,1999,0,98065,47.5348,-121.877,2090,3986
435000.0,4,2.0,2030,4033,2.0,0,0,4,7,400,1925,0,98133,47.7056,-122.342,1350,1340
445000.0,5,3.0,3880,7180,2.0,0,0,3,7,0,2004,0,98056,47.4797,-122.179,2160,4793
246000.0,3,1.0,990,9145,1.5,0,0,4,6,0,1939,0,98146,47.5022,-122.36,1640,8320
299000.0,3,1.0,960,8100,1.0,0,0,3,7,0,1955,0,98155,47.7763,-122.305,1080,8100
424000.0,3,1.5,1230,7200,1.0,0,0,3,7,0,1953,0,98125,47.7281,-122.311,1400,6240
650000.0,3,1.0,1300,8266,1.0,0,0,4,7,0,1953,0,98004,47.6337,-122.199,1300,8707
197200.0,3,1.0,1140,8775,1.0,0,0,3,6,150,1942,0,98146,47.4824,-122.336,1300,8775
280000.0,2,1.0,850,16400,1.0,0,0,3,6,0,1923,0,98168,47.4889,-122.299,1100,14459
425000.0,4,2.25,3680,26266,2.0,0,0,4,9,0,1981,0,98042,47.3219,-122.085,2340,19939
600000.0,5,2.5,2380,8204,1.0,0,0,3,8,840,1957,0,98115,47.7,-122.287,2270,8204
330000.0,2,1.0,700,4000,1.0,0,0,3,6,0,1943,0,98136,47.5487,-122.391,1060,6000
401000.0,3,3.25,1770,1977,3.0,0,0,3,8,0,2001,0,98125,47.7186,-122.314,1860,2210
213400.0,4,2.5,1680,6655,2.0,0,0,3,7,0,2001,0,98030,47.3867,-122.191,1680,6982
607500.0,4,2.5,2460,45738,1.0,0,0,4,8,810,1969,0,98075,47.5952,-122.056,2550,32040
482000.0,3,3.25,1380,1120,3.0,0,0,3,8,0,2008,0,98103,47.6617,-122.349,1310,1405
749950.0,4,2.75,2910,18700,1.0,0,0,3,9,700,1957,1995,98177,47.7557,-122.368,2420,26140
300000.0,3,2.0,1451,7159,1.0,0,0,3,7,0,2010,0,98042,47.3754,-122.163,2303,6126
530000.0,4,2.5,2370,9601,1.0,0,0,3,8,800,1976,0,98027,47.5327,-122.054,2550,10500
1324050.0,3,3.25,3440,4080,2.0,0,0,3,9,880,2005,0,98105,47.6644,-122.28,3110,4080
1240000.0,4,3.5,3820,13224,2.0,0,0,3,10,540,1990,0,98004,47.6005,-122.199,3340,9700
535000.0,3,2.0,2740,23505,2.0,0,4,3,10,0,1988,0,98001,47.319,-122.26,2800,16400
390000.0,1,1.0,710,4000,1.0,0,0,4,6,100,1928,0,98103,47.6562,-122.354,1440,4500
560000.0,4,2.5,2480,16360,1.0,0,0,5,7,970,1959,0,98028,47.7638,-122.265,1770,15205
320000.0,2,1.0,1100,8281,1.0,0,0,4,7,0,1947,0,98155,47.7414,-122.315,1510,8281
765000.0,3,2.75,2250,9600,2.5,0,0,4,9,420,1909,1991,98122,47.6033,-122.287,2060,4980
343000.0,3,1.0,1120,7250,1.0,0,0,4,7,0,1972,0,98034,47.7143,-122.211,1340,7302
850000.0,4,2.75,3320,5559,2.0,0,0,3,9,0,2012,0,98075,47.5607,-122.031,3400,6854
1065000.0,5,3.5,2920,3000,2.0,0,0,3,9,660,2014,0,98103,47.6846,-122.349,1580,4000
419000.0,7,3.25,4340,8521,2.0,0,0,3,7,1790,1986,0,98106,47.52,-122.338,1890,8951
240000.0,2,1.0,720,6345,1.0,0,0,3,6,0,1943,0,98106,47.5201,-122.35,720,6345
510000.0,3,2.5,1890,5929,2.0,0,0,3,8,0,1993,0,98029,47.5697,-121.994,2060,5775
750000.0,3,2.0,1840,2825,1.0,0,0,3,7,800,1920,0,98112,47.6428,-122.302,1820,3750
490000.0,4,2.5,2510,4349,2.0,0,0,3,8,0,2010,0,98059,47.4927,-122.147,2510,4314
299900.0,3,1.75,1470,27000,1.0,0,0,3,7,0,1958,0,98198,47.3943,-122.311,2230,14186
345000.0,3,2.25,1920,9672,2.0,0,0,4,8,0,1984,0,98074,47.6233,-122.046,1950,10125
729999.0,2,2.25,1630,1686,2.0,0,0,3,10,300,2014,0,98122,47.6113,-122.314,1570,2580
498000.0,3,2.5,1690,4088,2.0,0,0,3,7,0,2004,0,98053,47.6779,-122.034,1950,4088
880000.0,4,2.5,3030,3841,3.0,0,0,3,9,0,2005,0,98117,47.6781,-122.369,1080,4922
464000.0,5,2.5,3400,8970,1.0,0,0,4,8,1700,1959,0,98133,47.7358,-122.335,1890,8475
605000.0,4,2.5,2520,3980,2.0,0,0,3,8,0,2004,0,98027,47.5399,-122.07,2580,3980
329000.0,4,1.0,1120,3844,1.0,0,0,3,7,0,1972,0,98133,47.7038,-122.352,1480,3844
357500.0,3,3.0,1730,1442,2.0,0,0,3,8,290,2008,0,98106,47.5344,-122.348,1370,1524
625504.0,3,2.25,1270,1566,2.0,0,0,3,8,210,2014,0,98105,47.6647,-122.284,1160,1327
400000.0,3,2.5,2020,3000,1.0,0,0,4,6,1010,1910,0,98118,47.5621,-122.291,1670,3000
372000.0,4,1.5,1780,7914,1.5,0,0,4,7,0,1962,0,98059,47.5142,-122.163,1350,8069
555000.0,4,2.5,2870,6776,2.0,0,0,3,8,0,2004,0,98065,47.539,-121.878,2770,6658
1237500.0,4,4.5,5120,41327,2.0,0,0,3,10,1830,2008,0,98053,47.7009,-122.059,3360,82764
398500.0,3,1.0,1200,15960,1.5,0,0,3,6,0,1945,0,98125,47.7163,-122.299,1120,7800
1247000.0,1,1.25,1810,5070,1.5,1,4,4,8,580,1967,0,98075,47.5814,-122.081,2280,5070
235000.0,3,1.5,1660,8738,1.0,0,0,4,7,580,1959,0,98002,47.3117,-122.208,1500,8466
433000.0,3,1.75,1870,7189,1.0,0,0,3,7,600,1959,0,98118,47.5412,-122.27,1780,6200
400000.0,4,2.75,1240,3867,1.0,0,0,3,7,440,1987,0,98125,47.7157,-122.284,1150,7733
325000.0,3,2.5,2070,8337,2.0,0,0,3,8,0,1997,0,98030,47.3658,-122.176,2030,7248
425000.0,4,2.5,3052,12145,2.0,0,0,3,8,0,2004,0,98003,47.2598,-122.304,2767,8604
720000.0,2,1.75,1570,1108,3.0,0,0,3,9,0,2007,0,98004,47.6215,-122.2,1940,1160
397000.0,4,2.5,2320,11717,2.0,0,0,3,8,0,1997,0,98045,47.484,-121.78,2320,9714
379950.0,3,2.0,1080,5077,1.0,0,0,3,7,0,1985,0,98052,47.6836,-122.095,1070,3471
465000.0,3,2.5,1650,4636,2.0,0,0,3,8,0,1999,0,98075,47.5997,-122.016,1650,4504
480000.0,3,1.75,1680,2552,1.0,0,0,4,7,840,1952,0,98117,47.6848,-122.391,1220,3880
825000.0,4,1.0,1820,4000,2.0,0,0,3,8,0,1923,0,98102,47.6259,-122.321,2050,4000
635000.0,4,2.0,2260,8457,2.0,0,0,3,9,0,1992,0,98074,47.6251,-122.03,2410,7713
449950.0,3,2.5,1530,3840,2.0,0,0,3,8,0,1994,0,98029,47.5691,-122.007,1720,3985
600000.0,5,2.25,3000,13899,2.0,0,0,4,8,0,1975,0,98052,47.6373,-122.105,2270,10763
950000.0,4,2.5,2790,15653,2.0,0,0,4,10,0,1964,0,98040,47.5477,-122.215,3520,15653
495000.0,3,2.25,2100,3000,2.0,0,0,3,7,0,1996,0,98144,47.595,-122.306,1650,4500
607500.0,4,2.5,3000,8100,2.0,0,0,3,8,0,1992,0,98125,47.7151,-122.305,1550,8100
424950.0,3,2.5,1650,4777,2.0,0,0,3,8,0,2013,0,98065,47.5336,-121.841,1800,3331
367500.0,4,2.0,1960,16015,1.0,0,0,3,7,0,1980,0,98002,47.33,-122.22,1960,16015
187300.0,2,1.0,1310,7697,1.0,0,0,3,6,460,1950,0,98146,47.4982,-122.348,1270,6410
215500.0,3,2.0,1380,9000,2.0,0,0,2,7,0,1946,1982,98001,47.2613,-122.248,1460,9732
499950.0,4,2.5,2910,20067,2.0,0,0,3,9,0,2001,0,98168,47.4714,-122.273,1730,21420
715000.0,3,2.5,2770,39529,2.0,0,0,3,9,0,1987,0,98053,47.6495,-122.042,3010,35435
430000.0,3,2.25,2020,2750,2.0,0,0,3,8,340,2008,0,98108,47.5633,-122.297,1720,1546
324500.0,2,1.0,1300,6617,1.0,0,0,3,7,0,1986,0,98125,47.7238,-122.302,1820,7800
855000.0,4,2.75,2600,5390,1.0,0,0,4,8,1300,1960,0,98199,47.6382,-122.397,2550,5600
770000.0,4,3.0,2320,7200,1.0,0,0,3,7,1060,1943,2000,98040,47.5893,-122.232,1760,7200
398000.0,4,2.5,2820,5510,2.0,0,0,3,9,0,2005,0,98038,47.3477,-122.024,2820,5510
500000.0,3,2.5,2760,35171,2.0,0,0,3,9,0,1990,0,98058,47.465,-122.123,2720,35171
495000.0,4,2.0,1720,5413,2.0,0,0,3,7,250,1938,1980,98115,47.6929,-122.321,1510,5413
262000.0,4,2.5,2020,6236,2.0,0,0,3,7,0,2002,0,98001,47.2796,-122.247,1940,5076
125000.0,3,1.0,920,7276,1.0,0,0,4,6,0,1961,0,98002,47.285,-122.211,1120,7276
160000.0,2,1.0,1040,13100,1.0,0,0,5,6,0,1912,0,98032,47.3877,-122.234,910,5080
385000.0,3,1.75,1340,3850,1.0,0,0,4,7,0,1960,0,98125,47.7134,-122.292,1540,7645
460000.0,4,2.5,4190,7504,2.0,0,0,3,7,0,2004,0,98058,47.4394,-122.114,2480,6727
263300.0,2,1.0,900,4500,1.0,0,0,3,7,0,1951,0,98118,47.5273,-122.265,1175,5320
295000.0,3,1.75,1250,9486,1.0,0,0,4,6,0,1971,0,98070,47.4341,-122.446,1270,9600
500000.0,3,1.75,1530,14633,1.0,0,0,3,7,430,1977,0,98052,47.6949,-122.119,1780,8100
325000.0,2,1.0,620,14823,1.0,0,0,3,6,0,1926,0,98125,47.7322,-122.3,1400,7930
490000.0,3,1.75,1510,11120,1.0,0,0,4,8,0,1984,0,98005,47.5931,-122.158,2660,10800
420000.0,3,2.0,2020,38332,1.0,0,0,4,7,1010,1975,0,98027,47.4582,-122.023,2110,36590
746000.0,3,2.5,2620,8950,2.0,0,0,3,9,0,1992,0,98006,47.5523,-122.119,2850,8809
213950.0,3,1.0,1430,7000,1.0,0,0,3,6,0,1968,0,98023,47.3018,-122.369,1050,7700
1127500.0,6,3.25,3870,24700,2.0,0,0,3,10,1350,1989,0,98028,47.7517,-122.233,2360,30030
923990.0,4,2.5,3600,6055,2.0,0,0,3,9,0,2014,0,98052,47.7053,-122.126,3590,6050
412000.0,4,1.75,1430,10500,1.0,0,0,4,7,300,1960,0,98007,47.6083,-122.132,2070,8640
400000.0,3,1.75,1860,5750,1.5,0,0,5,6,560,1918,0,98116,47.5586,-122.383,1550,5750
500000.0,3,2.25,1730,13040,1.0,0,0,4,8,440,1988,0,98052,47.6809,-122.119,1730,11016
510000.0,3,1.5,1730,6240,1.0,0,1,3,8,730,1954,0,98136,47.5282,-122.391,1620,6240
399000.0,3,1.75,2170,73616,1.0,0,0,3,7,0,2008,0,98092,47.2881,-122.086,1710,297514
605000.0,4,2.25,2260,11900,2.0,0,0,3,9,0,1976,0,98074,47.6415,-122.057,2470,11900
145600.0,3,1.0,1170,7560,1.0,0,0,3,6,0,1958,0,98058,47.4514,-122.178,1170,7560
344950.0,4,1.75,2240,7500,1.0,0,0,4,7,1120,1956,0,98133,47.7466,-122.34,1440,7500
526000.0,3,1.75,1530,6125,1.0,0,0,3,7,410,1958,0,98116,47.5687,-122.397,1360,6125
296000.0,3,2.5,1560,5845,2.0,0,0,3,7,0,2003,0,98038,47.3851,-122.029,1860,5752
700500.0,3,2.5,2560,35265,2.0,0,0,3,9,0,1981,0,98072,47.7354,-122.095,2820,35496
404950.0,4,2.25,2340,217014,1.0,0,0,4,8,0,1982,0,98092,47.2953,-122.083,2340,107898
489000.0,3,2.5,3080,5598,2.0,0,0,3,8,0,2006,0,98055,47.4372,-122.206,3080,5303
437850.0,4,2.25,2670,14255,1.0,0,0,4,8,1060,1975,0,98006,47.5623,-122.175,2470,10290
355000.0,3,1.0,1360,8968,1.0,0,0,3,7,0,1956,0,98125,47.7105,-122.289,1490,7355
652000.0,3,1.0,1470,6122,1.0,0,0,3,8,270,1948,0,98199,47.6517,-122.406,2200,6122
315000.0,3,1.75,1970,8200,1.0,0,0,3,7,700,1964,0,98168,47.4731,-122.327,1890,8348
350000.0,4,2.75,2990,11210,1.0,0,1,4,8,1110,1977,0,98023,47.3357,-122.336,2790,9858
2575000.0,4,3.5,3280,3800,2.0,0,0,3,11,400,2011,0,98112,47.6299,-122.28,2050,3800
680000.0,3,2.25,2270,23900,1.0,0,0,3,9,450,1975,0,98177,47.7506,-122.372,2520,28300
375000.0,2,1.0,790,5120,1.0,0,0,3,6,0,1950,0,98136,47.557,-122.395,1250,5120
605000.0,3,1.75,2330,6000,1.5,0,0,4,7,700,1940,0,98126,47.5765,-122.378,1600,4000
241500.0,3,1.0,1400,10425,1.0,0,0,4,7,0,1968,0,98003,47.2738,-122.301,1440,10425
587100.0,3,2.25,1670,6414,1.0,0,0,4,8,0,1961,0,98117,47.6921,-122.386,2130,7035
525000.0,4,2.5,2310,5573,2.0,0,0,4,9,0,2003,0,98056,47.5197,-122.2,2310,6189
586000.0,4,2.25,1930,8338,1.0,0,0,3,8,0,1968,0,98125,47.7026,-122.285,2280,7616
310000.0,2,1.0,720,5750,1.0,0,0,2,6,0,1943,0,98136,47.5535,-122.393,980,6125
720000.0,5,2.75,2860,5379,2.0,0,0,3,9,0,2005,0,98052,47.7082,-122.104,2980,6018
430000.0,4,2.25,1790,7203,1.0,0,0,4,7,680,1973,0,98155,47.7709,-122.294,2270,9000
575000.0,3,2.5,2610,7301,2.0,0,0,3,8,0,2004,0,98072,47.7614,-122.139,2460,7181
808000.0,4,2.5,3480,6262,2.0,0,0,3,9,0,2003,0,98053,47.6857,-122.045,3490,6629
532500.0,2,1.0,820,3000,1.0,0,0,4,7,0,1924,0,98103,47.6842,-122.348,1490,3000
625000.0,3,1.75,1600,9135,1.0,0,0,5,7,0,1955,0,98006,47.5724,-122.179,1580,9800
401500.0,3,2.5,1509,1114,3.0,0,0,3,8,0,2014,0,98133,47.7048,-122.34,1509,2431
445000.0,4,1.0,1460,4600,1.0,0,2,3,6,680,1946,0,98126,47.566,-122.38,1560,4600
227000.0,4,1.0,1200,7200,1.5,0,0,3,6,0,1944,0,98178,47.4951,-122.248,1070,6050
1550000.0,5,3.25,3370,17458,1.0,0,2,5,10,1370,1982,0,98040,47.5591,-122.229,4240,15202
479000.0,3,1.0,1480,10094,1.0,0,0,4,7,0,1956,0,98007,47.5942,-122.136,1430,10083
330000.0,3,1.0,910,10240,1.0,0,0,4,6,0,1969,0,98053,47.6729,-122.064,1140,10720
196000.0,3,1.0,1090,7400,1.0,0,0,4,7,0,1962,0,98092,47.2923,-122.19,1140,8165
740000.0,5,3.5,2720,11454,2.0,0,0,3,9,890,1988,0,98052,47.6466,-122.119,2920,11310
559000.0,2,3.0,1650,960,3.0,0,0,3,8,300,2015,0,98103,47.6611,-122.346,1650,3000
525000.0,4,2.5,2520,7731,2.0,0,0,3,9,0,1994,0,98155,47.7709,-122.297,2000,7704
716000.0,3,3.0,1660,1849,3.0,0,0,3,9,0,2013,0,98103,47.6649,-122.353,1660,3300
287500.0,4,2.25,2250,12000,2.0,0,0,3,8,0,1985,0,98032,47.3715,-122.274,2140,11871
905000.0,4,3.25,3440,7661,2.0,0,0,3,11,0,2006,0,98029,47.5429,-121.995,3580,6478
1500000.0,5,3.5,4370,12240,2.0,0,0,3,11,1100,1990,0,98004,47.582,-122.199,2980,12800
518000.0,3,2.5,1680,2096,2.0,0,0,3,8,300,2008,0,98117,47.6904,-122.37,1360,2096
225000.0,3,1.0,1080,16000,1.0,0,0,3,6,0,1952,0,98001,47.2873,-122.251,1610,10007
602000.0,5,1.75,3290,11900,1.5,0,0,3,8,0,1973,0,98052,47.6626,-122.141,2210,8549
316500.0,3,1.75,1600,14250,1.0,0,0,3,7,530,1979,0,98023,47.3272,-122.355,2140,14960
495000.0,3,1.5,2240,13288,1.0,0,0,3,7,0,1953,0,98033,47.6762,-122.17,2150,9900
429900.0,4,3.25,3760,4675,2.0,0,0,3,8,1020,2007,0,98038,47.3862,-122.048,3280,4033
700000.0,4,1.75,1950,7139,1.0,1,4,3,7,800,1957,0,98178,47.5121,-122.248,1600,13122
375000.0,3,3.25,1280,1730,2.0,0,0,3,8,190,2005,0,98177,47.7032,-122.36,1280,2121
1078000.0,4,2.75,3160,42733,2.0,0,0,3,9,0,1995,0,98053,47.6367,-121.958,1890,24000
212500.0,2,2.0,1030,21712,1.0,0,0,4,6,0,1938,0,98168,47.4905,-122.331,1790,9199
765000.0,3,1.75,2120,5000,2.0,0,0,3,7,140,1920,2010,98103,47.6666,-122.331,2020,5000
375000.0,2,1.0,710,4618,1.0,0,1,3,5,0,1925,0,98199,47.64,-122.394,1810,4988
255000.0,3,1.5,1240,8528,1.0,0,0,4,7,0,1967,0,98058,47.4478,-122.157,1570,8064
590000.0,4,2.5,2010,7972,2.0,0,0,4,8,0,1989,0,98029,47.5782,-122.018,2100,8511
220000.0,3,1.75,1650,8850,1.0,0,0,3,7,0,1959,0,98188,47.4331,-122.291,1400,8800
1135000.0,4,2.5,3370,10602,2.0,0,0,3,10,0,1999,0,98007,47.6591,-122.147,2950,9949
382500.0,3,2.0,1150,6249,1.0,0,0,3,7,0,1952,2006,98155,47.7489,-122.284,2470,7751
565000.0,3,2.25,1520,1221,3.0,0,0,3,8,0,2013,0,98107,47.674,-122.377,1550,4750
455850.0,3,2.25,1820,6000,1.0,0,0,4,7,700,1964,0,98108,47.5684,-122.3,1970,6232
1700000.0,4,3.5,4070,336283,2.0,0,0,3,11,0,2006,0,98027,47.478,-122.038,3020,44613
368500.0,2,1.75,2510,19141,2.0,0,0,3,9,0,1977,0,98092,47.3103,-122.199,2400,13030
492000.0,2,1.0,880,2970,1.0,0,0,3,7,0,1927,0,98103,47.6868,-122.349,1370,3060
339950.0,4,2.5,2260,6086,2.0,0,0,3,8,0,1999,0,98030,47.3642,-122.174,2260,6218
1045000.0,4,2.75,2950,4560,2.0,0,0,5,7,1140,1912,0,98103,47.6525,-122.333,2000,4560
402500.0,3,1.0,990,10752,1.5,0,0,4,7,0,1929,0,98133,47.7648,-122.35,1820,7600
260000.0,4,1.0,1740,8100,1.0,0,0,4,7,720,1962,0,98058,47.467,-122.185,1600,8949
490000.0,4,2.0,1650,6480,2.0,0,0,5,7,0,1947,0,98125,47.7117,-122.286,1650,6350
360000.0,4,2.0,1850,8827,1.0,0,0,3,7,0,1969,0,98155,47.7406,-122.313,1310,6901
550000.0,3,2.0,1970,4166,2.0,0,3,5,8,700,1929,0,98126,47.5717,-122.375,2390,4166
350000.0,3,1.0,940,7811,1.0,0,0,3,6,0,1959,0,98008,47.6195,-122.118,1180,7490
620000.0,5,3.0,2540,11422,1.0,0,0,3,8,1270,1962,2014,98006,47.5459,-122.176,2090,10741
810000.0,4,2.75,2820,5000,1.5,0,0,3,8,650,1927,0,98199,47.6376,-122.394,1740,5000
622500.0,2,1.75,1510,851,3.0,0,0,3,8,90,2013,0,98107,47.6536,-122.358,1300,1338
610000.0,3,2.5,2910,12283,2.0,0,2,3,10,0,1993,0,98058,47.4602,-122.152,2680,22499
353000.0,4,2.5,2300,4249,2.0,0,0,3,8,0,2006,0,98038,47.3516,-122.0,2390,4385
756100.0,4,2.0,2000,8317,1.5,0,0,4,8,0,1917,0,98126,47.5394,-122.379,1390,6001
421000.0,3,1.75,1100,8662,1.0,0,0,5,7,0,1964,0,98056,47.5368,-122.173,1100,9240
383000.0,3,1.75,1500,13430,1.0,0,0,3,7,0,1977,0,98072,47.7527,-122.082,1500,13430
479950.0,2,2.0,1510,6516,1.0,0,0,3,8,0,2005,0,98053,47.7076,-122.013,1640,6009
1228000.0,4,2.5,5730,44947,2.0,0,4,3,11,1450,1991,0,98074,47.6052,-122.064,3310,17628
504200.0,2,1.5,1200,1687,3.0,0,0,3,8,0,2008,0,98103,47.6491,-122.334,1240,1296
1289990.0,5,4.0,4360,8030,2.0,0,0,3,10,0,2015,0,98075,47.5923,-121.973,3570,6185
210000.0,2,1.75,1440,5680,1.0,0,0,4,8,0,1978,0,98198,47.3825,-122.319,1320,3547
745000.0,4,3.25,3490,7024,2.0,0,0,3,10,0,2006,0,98075,47.5834,-121.972,3450,6866
500000.0,2,1.5,2070,5432,2.0,0,0,3,7,700,1951,0,98108,47.5571,-122.299,2070,5505
427000.0,3,2.5,2620,108464,2.0,0,0,4,8,0,1990,0,98038,47.4583,-122.036,3190,105850
800000.0,2,1.0,1050,8750,1.0,0,0,4,7,0,1951,0,98004,47.6294,-122.215,3360,20115
710000.0,4,2.75,2460,3600,2.0,0,0,3,8,820,1907,2007,98122,47.6093,-122.297,1890,3600
374000.0,2,1.5,1260,1575,2.0,0,0,3,7,0,2001,0,98144,47.5914,-122.295,1220,1740
1901000.0,3,2.5,2660,13367,2.0,0,2,3,10,0,1992,0,98004,47.6501,-122.217,2660,13367
409950.0,5,2.25,1790,10300,1.0,0,0,3,7,520,1961,0,98155,47.7718,-122.292,1790,10300
839000.0,5,4.0,4280,11307,2.0,0,0,3,10,1570,1996,0,98027,47.5503,-122.081,3080,11307
515805.0,5,2.75,2710,4136,2.0,0,0,3,8,0,2014,0,98059,47.4786,-122.123,2590,4136
490000.0,2,1.0,950,3060,1.0,0,0,3,6,140,1925,0,98105,47.6698,-122.323,1510,3780
300000.0,3,1.0,910,7700,1.0,0,0,4,7,0,1971,0,98034,47.7303,-122.238,1250,7700
343000.0,2,1.0,1110,9920,1.0,0,0,5,6,410,1942,0,98056,47.5454,-122.192,2830,10091
253400.0,3,2.0,1400,8640,1.0,0,0,5,7,0,1968,0,98003,47.3182,-122.319,1270,9375
572000.0,3,2.75,2200,3885,2.0,0,0,3,8,0,2002,0,98074,47.6171,-122.028,2710,6000
229999.0,4,2.0,1670,5200,1.0,0,0,4,7,640,1977,0,98042,47.3652,-122.09,1500,5200
595000.0,4,3.25,3730,4560,2.0,0,0,3,9,970,2015,0,98103,47.6725,-122.33,1800,4560
371000.0,4,1.0,1960,94525,1.5,0,0,3,6,0,1979,0,98027,47.5418,-121.962,2430,188564
289950.0,2,1.0,760,6000,1.0,0,0,4,6,0,1950,0,98133,47.7168,-122.34,950,6000
390000.0,3,2.5,1610,10292,1.0,0,0,4,7,420,1969,0,98056,47.5349,-122.174,1940,8700
299950.0,4,1.75,1560,31299,1.0,0,0,4,7,0,1965,0,98092,47.3384,-122.164,2460,44907
640000.0,4,2.5,2500,7417,2.0,0,0,3,9,0,1991,0,98074,47.6251,-122.026,2770,8188
195000.0,2,1.0,860,10400,1.0,0,0,4,6,0,1983,0,98042,47.3682,-122.096,1390,9086
540000.0,2,2.0,1640,3021,1.0,0,2,3,7,800,1959,0,98107,47.666,-122.358,1780,4500
445000.0,4,2.75,2160,7200,1.0,0,0,4,7,940,1976,0,98034,47.7177,-122.224,1790,7614
427000.0,3,1.75,2000,7111,1.0,0,0,4,7,640,1956,0,98177,47.7676,-122.373,1830,9000
657500.0,3,2.0,2320,10960,1.0,0,0,3,7,810,1956,0,98005,47.6157,-122.174,2160,10960
316000.0,4,2.5,2320,7379,2.0,0,0,3,8,0,1987,0,98003,47.3432,-122.316,2230,7614
263000.0,3,1.5,1300,7885,1.0,0,0,3,7,0,1968,0,98055,47.4556,-122.209,1840,7600
649950.0,4,2.5,2350,63162,2.0,0,0,4,8,0,1994,0,98077,47.7545,-122.047,2370,63162
690000.0,3,3.25,1540,1428,3.0,0,0,3,9,0,2013,0,98103,47.6648,-122.353,1660,3300
295000.0,3,1.5,1670,10800,1.0,0,0,4,8,0,1956,0,98022,47.2004,-122.003,1670,9169
544950.0,3,1.75,1830,7371,1.0,0,0,3,7,0,1957,0,98008,47.6059,-122.121,1600,7700
717000.0,4,2.5,2780,7985,2.0,0,0,4,10,0,1992,0,98029,47.5608,-122.016,2650,8094
288790.0,4,2.0,1350,942,3.0,0,0,3,7,0,2008,0,98027,47.5401,-122.026,1390,942
670000.0,3,2.5,1680,2000,3.0,0,0,3,9,0,1909,1998,98105,47.6604,-122.29,1950,5000
475000.0,4,3.5,3400,234352,2.0,0,0,3,8,900,1991,0,98070,47.4335,-122.449,1300,39639
616500.0,4,2.25,1880,3000,2.0,0,0,3,8,120,1909,1977,98103,47.6864,-122.349,1880,3000
400950.0,4,2.5,2578,4554,2.0,0,0,3,9,0,2014,0,98092,47.2603,-122.194,2647,4554
2150000.0,4,5.5,5060,10320,2.0,0,0,3,11,0,2008,0,98004,47.6245,-122.21,3010,10080
571900.0,4,1.75,1710,8947,1.0,0,0,4,7,0,1956,0,98007,47.5947,-122.135,1360,10133
395000.0,3,1.0,1460,5000,1.0,0,0,4,7,0,1934,1960,98115,47.6837,-122.32,1790,4000
439990.0,3,2.5,2340,5171,2.0,0,0,3,8,0,2013,0,98045,47.4832,-121.772,2790,5684
730000.0,4,2.5,2750,10351,2.0,0,0,3,10,0,1998,0,98075,47.5894,-121.98,3370,10351
397000.0,3,1.75,1640,11730,1.0,0,0,5,7,0,1967,0,98034,47.7351,-122.189,1640,7770
811000.0,2,2.5,2510,17986,2.0,0,0,3,9,0,1943,2014,98052,47.6832,-122.164,2440,8039
566000.0,4,2.25,2170,7737,2.0,0,0,3,8,0,1987,0,98074,47.637,-122.029,1850,8869
603000.0,4,2.25,2370,11310,1.0,0,0,3,8,820,1968,0,98155,47.7684,-122.289,1890,8621
305000.0,3,1.5,1210,5240,1.0,0,0,4,7,600,1983,0,98106,47.5524,-122.356,1560,5240
1518630.0,4,4.25,3650,5328,1.5,0,0,3,9,1320,1907,2014,98119,47.638,-122.362,1710,3600
226500.0,3,2.0,1560,7000,1.0,0,0,4,7,0,1968,0,98001,47.3355,-122.284,1560,7200
959900.0,4,3.75,3550,15151,2.0,0,0,3,11,0,2004,0,98075,47.5888,-121.971,4340,15151
274900.0,4,2.5,1970,6600,2.0,0,0,3,7,0,1987,0,98030,47.3491,-122.168,1970,7682
240000.0,3,1.0,1270,12733,1.0,0,0,3,7,0,1955,0,98188,47.445,-122.276,1660,11536
232000.0,3,1.5,1390,11340,1.0,0,0,4,7,0,1963,0,98031,47.3984,-122.186,1740,11340
400000.0,3,1.0,1350,3090,1.5,0,0,5,6,0,1914,0,98103,47.682,-122.348,1350,3090
364000.0,4,1.75,2010,8625,1.0,0,0,4,7,670,1957,0,98133,47.7496,-122.355,1500,8400
335750.0,3,3.0,2400,7260,1.0,0,0,3,7,960,1955,0,98178,47.5045,-122.251,1060,7200
338000.0,3,1.5,2400,8215,1.0,0,0,3,7,1200,1961,0,98146,47.5001,-122.338,1460,8217
1375000.0,5,4.0,3760,22763,1.0,0,3,4,11,1850,1969,0,98040,47.5333,-122.22,3730,11201
517000.0,4,1.0,1650,8250,1.0,0,0,3,7,0,1966,0,98008,47.6366,-122.118,2240,9776
1020000.0,5,3.5,4180,17841,2.0,0,2,3,10,1020,1990,0,98075,47.5618,-122.037,3260,12608
661000.0,2,1.0,1260,5800,1.0,0,0,4,7,0,1939,0,98199,47.6501,-122.409,1830,5800
699999.0,3,0.75,1240,4000,1.0,0,0,4,7,0,1968,0,98112,47.6239,-122.297,1460,4000
295000.0,2,1.5,988,1080,3.0,0,0,3,7,0,2007,0,98125,47.7123,-122.301,1128,1080
759000.0,3,2.25,2950,78843,1.5,0,0,3,9,0,2006,0,98075,47.5917,-122.068,3880,78843
430000.0,4,1.5,1560,6534,1.0,0,0,4,7,0,1962,0,98007,47.6012,-122.152,1560,6969
580000.0,3,2.5,1910,11550,1.5,0,0,3,8,0,2003,0,98074,47.6213,-122.064,2230,11550
795000.0,5,3.5,3330,3705,2.0,0,0,3,9,720,2008,0,98006,47.5567,-122.124,2810,3971
115000.0,2,1.0,940,6000,1.0,0,0,3,6,0,1943,0,98146,47.4907,-122.336,1310,6000
384000.0,3,2.5,1700,4000,2.0,0,0,3,7,0,2003,0,98065,47.5327,-121.871,1700,4417
885000.0,4,2.5,2830,5000,2.0,0,0,3,9,0,1995,0,98105,47.6597,-122.29,1950,5000
525000.0,4,2.25,1890,8549,1.0,0,0,3,8,0,1967,0,98008,47.6328,-122.117,1940,7210
355000.0,4,2.5,2150,3600,2.0,0,0,3,7,0,2010,0,98038,47.3658,-122.019,2220,3915
480000.0,3,1.0,1150,4945,1.0,0,2,3,7,0,1943,0,98126,47.5663,-122.379,1390,4945
388000.0,4,2.5,2560,5800,2.0,0,0,3,9,0,2005,0,98038,47.3474,-122.025,3040,5800
130000.0,2,1.0,790,7500,1.0,0,0,3,7,0,1951,0,98198,47.4007,-122.294,1560,7794
580000.0,5,2.0,2700,10875,1.0,0,0,4,7,1160,1962,0,98007,47.6163,-122.138,2040,7464
339990.0,3,2.5,2570,4600,2.0,0,0,3,8,0,2014,0,98092,47.2582,-122.196,2570,5000
461000.0,4,1.0,1260,8505,1.5,0,0,5,7,0,1951,0,98177,47.7181,-122.371,1480,8100
738000.0,3,3.0,2630,4896,2.0,0,0,3,9,0,2006,0,98052,47.6932,-122.133,2880,4972
350000.0,3,1.0,1010,8551,1.0,0,0,5,7,0,1953,0,98155,47.7351,-122.295,1310,8504
599000.0,5,2.5,2950,72309,2.0,0,0,3,8,0,2006,0,98058,47.4186,-122.079,1480,56192
606500.0,3,2.5,2170,5500,2.0,0,0,3,8,0,2000,0,98075,47.5975,-122.018,2170,5862
484000.0,3,2.25,1620,1425,3.0,0,0,3,8,80,2009,0,98027,47.5405,-122.026,1620,1237
1120280.0,4,4.0,2530,1774,3.0,0,2,3,9,430,2013,0,98119,47.6362,-122.369,2160,2400
430000.0,3,1.0,980,7200,1.0,0,0,4,7,0,1950,0,98116,47.5718,-122.395,1180,6572
736000.0,3,2.25,2470,11603,2.0,0,2,3,8,930,1988,0,98052,47.6569,-122.123,2850,11250
1050000.0,6,4.0,5310,12741,2.0,0,2,3,10,1710,1967,0,98040,47.5696,-122.213,4190,12632
842500.0,4,2.5,2160,5298,2.5,0,0,4,9,0,1902,0,98122,47.6106,-122.31,1720,2283
885000.0,4,3.5,3310,6000,2.0,0,2,3,8,1110,2010,0,98136,47.5511,-122.391,1420,6000
334000.0,3,2.25,2000,7225,2.0,0,0,4,7,0,1985,0,98030,47.349,-122.167,1950,7464
862000.0,4,2.5,3190,14565,2.0,0,0,3,11,0,1990,0,98077,47.713,-122.072,3420,20475
1750000.0,5,3.25,5790,12739,2.0,0,3,3,10,1360,2014,0,98006,47.538,-122.114,5790,13928
760000.0,3,2.5,2280,12746,1.0,0,0,4,8,790,1973,0,98005,47.6362,-122.175,2100,12746
90000.0,1,1.0,780,4000,1.0,0,0,3,5,0,1905,0,98108,47.5424,-122.321,1150,4000
665000.0,3,2.25,2580,6000,2.0,0,0,3,8,800,1925,0,98144,47.5778,-122.289,2300,5995
210000.0,3,2.0,1440,7210,1.0,0,0,3,8,0,1983,0,98092,47.3128,-122.184,1700,7245
629500.0,3,2.0,2020,10584,1.0,0,0,3,10,0,1994,0,98075,47.5851,-122.028,3030,9870
555000.0,5,3.0,3640,6930,2.0,0,0,3,8,0,2004,0,98038,47.3521,-122.012,3740,7182
647000.0,4,2.5,3040,6887,2.0,0,0,3,8,0,1999,0,98074,47.6073,-122.015,2790,7196
356000.0,3,1.0,920,3863,1.0,0,0,3,6,0,1970,0,98118,47.5524,-122.27,1080,5150
249900.0,2,2.0,1470,2541,2.0,0,0,3,6,0,2005,0,98038,47.3502,-122.02,1310,2721
200000.0,2,1.0,830,8000,1.0,0,0,3,6,0,1954,0,98198,47.4215,-122.318,1300,8000
430000.0,4,2.75,1820,5400,1.0,0,0,4,7,600,1988,0,98056,47.5204,-122.205,1630,5400
630000.0,3,2.5,2320,32772,2.0,0,0,3,9,0,1992,0,98053,47.6304,-121.988,2610,33305
488000.0,3,2.5,1940,5660,2.0,0,0,3,8,0,2001,0,98072,47.7511,-122.17,2110,4581
599995.0,3,1.0,1620,3000,1.5,0,0,5,7,0,1928,0,98103,47.6888,-122.347,1420,3060
297000.0,2,1.75,1280,37373,1.0,0,0,4,7,0,1996,0,98022,47.2631,-122.019,2180,48351
455000.0,4,2.5,2090,4400,2.0,0,0,3,8,0,2011,0,98118,47.5403,-122.286,2090,3430
315000.0,3,2.5,1570,2865,2.0,0,0,3,7,0,2003,0,98118,47.5412,-122.288,1610,2582
489200.0,3,2.75,1850,9600,1.5,0,0,5,7,0,1965,0,98034,47.7259,-122.226,1250,10500
508000.0,3,1.75,1800,8462,1.0,0,0,3,8,360,1978,0,98052,47.6623,-122.141,2210,8436
729000.0,3,1.0,1580,3840,2.0,0,0,3,8,0,1908,0,98102,47.6192,-122.319,1680,2624
440000.0,4,2.5,2160,7826,1.0,0,0,4,7,770,1976,0,98155,47.7754,-122.276,2190,9900
655275.0,3,1.75,2050,11856,1.0,0,0,3,7,590,1962,0,98006,47.5735,-122.162,2670,11856
375000.0,4,2.0,2270,18450,1.0,0,0,3,7,0,1961,0,98001,47.3264,-122.262,2150,18450
539000.0,4,2.5,2340,19850,2.0,0,0,3,9,0,1993,0,98155,47.7672,-122.306,1930,15439
417000.0,2,1.75,1090,4590,1.0,0,0,4,7,300,1915,0,98105,47.6677,-122.324,1390,4080
240000.0,4,1.75,2020,10332,1.0,0,0,3,7,1010,1954,0,98168,47.5059,-122.303,2240,8379
1085000.0,3,1.5,2560,4000,1.5,0,0,5,8,900,1927,0,98112,47.6384,-122.279,2560,4000
1115000.0,4,2.5,3180,31931,1.0,0,0,4,10,790,1978,0,98007,47.6388,-122.149,3180,35007
159000.0,3,1.0,1320,6534,1.0,0,0,3,7,0,1952,0,98055,47.4806,-122.223,2140,7405
935000.0,2,2.5,1780,2067,2.0,0,0,5,9,0,1974,0,98004,47.6132,-122.21,2320,2067
525000.0,4,2.75,2470,7200,1.0,0,0,5,7,1120,1940,0,98108,47.5631,-122.317,1500,6000
199950.0,2,1.0,700,5200,1.0,0,0,5,5,0,1952,0,98056,47.4924,-122.174,970,5200
385000.0,5,1.5,1750,9780,1.5,0,0,4,7,0,1961,0,98028,47.7755,-122.235,1750,10295
369000.0,2,2.5,980,895,2.0,0,0,3,8,310,2009,0,98116,47.5874,-122.386,980,899
400000.0,2,1.0,910,4000,1.0,0,0,3,7,0,1918,0,98136,47.5427,-122.388,1060,1346
969990.0,4,2.5,4150,8436,2.0,0,0,3,10,0,2014,0,98075,47.5802,-122.039,4070,8438
1800000.0,5,5.0,4490,10279,2.0,0,0,3,10,560,2013,0,98004,47.5974,-122.202,2490,10279
438924.0,3,1.5,1050,4590,1.0,0,0,3,7,200,1949,0,98115,47.6943,-122.29,1770,5400
390000.0,3,2.0,1510,10827,2.0,0,0,3,7,0,1984,0,98052,47.654,-122.127,1900,10908
809000.0,4,1.5,1840,4337,2.0,0,0,4,8,0,1917,0,98112,47.6312,-122.307,2250,4337
639000.0,4,2.0,1840,5419,1.0,0,0,4,7,920,1942,0,98199,47.6483,-122.404,1800,5419
598500.0,3,2.25,2520,12000,1.0,0,0,3,10,0,1978,0,98074,47.6381,-122.062,2510,12000
405000.0,3,2.5,1430,10200,1.0,0,0,3,7,0,1960,0,98033,47.7012,-122.166,1470,10350
3100000.0,3,3.0,3920,13085,2.0,1,4,4,11,0,1996,0,98040,47.5716,-122.204,3450,13287
435000.0,3,2.5,3380,7074,2.0,0,0,3,8,1180,1999,0,98019,47.7462,-121.978,2060,6548
535000.0,2,1.0,1520,3360,1.0,0,0,4,7,690,1927,0,98117,47.6815,-122.382,1470,3774
353500.0,4,2.25,1760,9602,2.0,0,0,3,7,0,1987,0,98058,47.4248,-122.158,1860,9656
240000.0,2,1.0,1320,24319,1.0,0,0,3,7,0,1966,0,98027,47.4741,-122.015,1430,98445
669950.0,4,2.5,2670,11877,2.0,0,0,3,9,0,1996,0,98074,47.6327,-122.036,2430,11333
342500.0,2,1.5,1320,826,2.0,0,0,3,8,220,2008,0,98144,47.5879,-122.304,1340,1213
419950.0,4,1.0,1530,7920,1.0,0,0,3,7,500,1955,0,98166,47.4544,-122.36,1690,7920
500000.0,4,2.25,2490,23478,2.0,0,0,3,8,0,1981,0,98072,47.7547,-122.094,2030,12611
450000.0,3,2.5,2530,8116,2.0,0,0,3,8,0,2001,0,98011,47.7597,-122.167,2280,8791
370000.0,2,1.0,820,6550,1.0,0,0,3,7,0,1949,2012,98126,47.5478,-122.381,1640,6550
395000.0,4,2.5,2130,11733,1.0,0,0,5,7,800,1969,0,98059,47.512,-122.16,1800,9131
156000.0,3,1.0,770,9750,1.0,0,0,3,6,0,1941,0,98188,47.4509,-122.275,1560,10707
682000.0,4,2.5,3600,203425,2.0,0,0,3,9,200,1979,0,98077,47.7597,-122.018,3150,202989
350000.0,3,2.25,2010,4400,1.5,0,0,3,7,0,1986,0,98055,47.4735,-122.189,1720,4187
302000.0,4,1.75,1530,17664,1.5,0,0,3,7,0,1968,0,98058,47.4549,-122.155,1530,11625
412000.0,2,1.5,1240,3873,1.0,0,0,4,6,380,1909,0,98116,47.5752,-122.388,1240,4336
529950.0,2,2.5,1500,1174,2.0,0,0,3,8,360,2014,0,98107,47.6689,-122.363,1550,1519
1300000.0,6,4.5,3902,3880,3.0,0,4,4,9,1120,1977,0,98116,47.5837,-122.399,1100,3870
255000.0,3,1.5,1420,7480,1.0,0,0,4,7,0,1963,0,98058,47.4651,-122.184,1720,7700
485000.0,4,2.75,2720,51396,2.0,0,0,4,8,0,1977,0,98059,47.4777,-122.1,1960,51366
595000.0,4,1.5,1350,8113,1.0,0,0,4,7,0,1959,0,98004,47.5807,-122.196,1930,8113
356250.0,3,2.5,2060,5115,2.0,0,0,3,9,0,2014,0,98092,47.3261,-122.163,2648,4500
349950.0,4,2.5,2000,5006,2.0,0,0,3,7,0,2005,0,98058,47.466,-122.147,2410,4889
675000.0,4,3.5,3190,6875,2.0,0,2,3,8,1070,1999,0,98034,47.7082,-122.221,2550,6875
1020000.0,6,2.25,2550,5000,2.0,0,0,4,7,0,1907,0,98117,47.6785,-122.396,1480,5000
325000.0,4,2.5,1830,7762,2.0,0,0,3,8,0,1993,0,98003,47.267,-122.31,2109,8966
199900.0,5,1.75,1798,11232,1.0,0,0,3,7,0,1967,0,98001,47.3266,-122.291,1300,15582
890000.0,4,2.75,3220,15467,2.0,0,0,3,11,0,1994,0,98077,47.7128,-122.083,3670,16641
300000.0,3,1.0,1010,10168,1.0,0,0,3,6,0,1979,0,98014,47.6453,-121.912,1180,10318
625000.0,3,2.5,2120,10021,1.0,0,0,4,8,890,1976,0,98006,47.5621,-122.135,2690,10183
592500.0,2,2.0,1340,5350,1.5,0,0,3,8,0,1941,0,98199,47.6384,-122.403,2210,5350
170000.0,2,1.0,1280,21750,1.5,0,0,5,6,0,1912,0,98001,47.3096,-122.241,1520,21750
750000.0,3,2.5,2790,21043,2.0,0,0,3,9,0,1993,0,98053,47.673,-122.03,2900,34589
589000.0,4,1.75,1920,4862,1.0,0,0,5,7,860,1919,0,98116,47.5747,-122.384,1840,4862
256000.0,3,1.0,1290,4720,1.0,0,0,3,6,500,1948,0,98106,47.5186,-122.358,1110,4720
485000.0,4,3.0,2340,7048,1.0,0,0,4,8,1000,1979,0,98034,47.7306,-122.227,1440,8088
245000.0,3,2.25,1700,8100,1.0,0,0,3,7,500,1980,0,98038,47.3601,-122.046,1700,8100
137900.0,3,1.75,1160,5082,1.0,0,0,3,6,580,1942,0,98178,47.503,-122.262,1730,6000
435000.0,6,2.5,2270,11970,1.0,0,0,3,7,800,1964,0,98011,47.7722,-122.204,2270,10640
317500.0,2,1.0,1000,5120,1.0,0,0,3,6,0,1902,0,98122,47.6088,-122.307,1940,4300
303000.0,2,1.5,1000,1075,2.0,0,0,3,7,160,2007,0,98144,47.5708,-122.288,1000,1083
625000.0,3,1.5,1230,3060,1.0,0,0,3,7,320,1927,0,98103,47.667,-122.333,1260,4488
295000.0,2,1.0,1170,10621,1.0,0,0,3,7,0,1963,0,98045,47.497,-121.78,1340,9832
430000.0,4,2.5,3000,9460,2.0,0,0,3,9,0,2001,0,98031,47.3959,-122.211,3000,8450
219500.0,1,1.0,820,1060,1.0,0,0,3,8,60,2007,0,98126,47.5473,-122.371,1770,1924
290000.0,2,1.0,1020,6380,1.0,0,0,3,7,0,1930,1973,98115,47.6971,-122.317,1380,6380
260000.0,4,2.5,2000,37045,2.0,0,0,3,8,0,1989,0,98042,47.3398,-122.071,2390,36868
329000.0,2,1.0,940,7700,1.0,0,0,4,6,0,1916,0,98133,47.7067,-122.354,1290,7375
375000.0,4,2.5,2040,109336,1.5,0,0,4,8,0,1973,0,98038,47.4193,-121.958,2370,133729
395000.0,2,2.0,1960,4018,1.0,0,0,5,7,980,1950,0,98108,47.5629,-122.32,1240,4641
400000.0,2,1.0,980,2130,1.0,0,0,4,6,120,1918,0,98117,47.6769,-122.366,980,2800
212000.0,4,2.0,1880,7500,1.0,0,0,5,6,900,1946,0,98178,47.495,-122.266,1670,14350
95000.0,1,0.75,760,5746,1.0,0,0,4,5,0,1915,0,98002,47.3046,-122.215,970,6696
350000.0,3,1.75,1260,1111,2.0,0,0,3,8,0,2003,0,98029,47.5476,-122.005,1410,1630
549000.0,2,1.0,1140,5400,1.0,0,0,5,7,0,1908,0,98112,47.6205,-122.294,1520,4800
488000.0,3,1.0,1600,3200,1.5,0,0,3,7,0,1909,0,98103,47.653,-122.331,1860,3420
781500.0,4,2.5,3440,6332,2.0,0,0,3,10,0,2001,0,98059,47.5347,-122.155,3310,6528
1650000.0,3,2.75,2690,8890,2.0,1,4,4,10,0,1975,1991,98006,47.5487,-122.197,2940,8890
219000.0,3,2.0,1090,7350,1.0,0,0,4,7,0,1990,0,98042,47.3687,-122.085,1490,7741
394950.0,2,1.0,1131,1304,3.0,0,0,3,7,0,2011,0,98115,47.6912,-122.313,1131,1992
630000.0,5,2.0,1900,5000,1.0,0,2,3,8,180,1957,0,98107,47.6735,-122.362,1770,5000
306500.0,2,1.0,1390,19988,1.0,0,2,4,7,0,1949,0,98198,47.3985,-122.321,2580,10490
738000.0,5,3.5,2790,16952,2.0,0,2,3,10,820,1991,0,98166,47.4384,-122.347,2980,17281
655000.0,4,2.5,2630,4000,3.0,0,0,3,8,0,2002,0,98117,47.6915,-122.381,1640,4000
425000.0,3,1.5,1660,5665,1.0,0,0,5,7,740,1918,0,98118,47.5391,-122.274,1530,5665
376000.0,3,2.0,1340,1384,3.0,0,0,3,8,0,2008,0,98103,47.6973,-122.35,1110,1384
920000.0,4,3.0,3130,12381,2.0,0,0,3,9,0,1995,0,98006,47.5599,-122.118,3250,10049
237950.0,2,1.75,1460,7926,1.0,0,0,4,7,0,1987,0,98042,47.3665,-122.092,1680,8206
305000.0,3,2.25,1646,9519,2.0,0,0,3,7,0,1994,0,98038,47.3646,-122.036,1975,8889
485000.0,3,2.5,1680,7385,2.0,0,0,3,8,0,1988,0,98074,47.6194,-122.041,1970,7470
466800.0,3,2.5,1480,14250,2.0,0,0,3,7,0,1996,0,98033,47.6595,-122.186,1660,14250
425000.0,3,2.5,1480,1386,3.0,0,0,3,8,0,2005,0,98029,47.5468,-121.998,1470,1593
305000.0,3,2.0,1830,10873,1.0,0,0,3,8,0,1989,0,98023,47.3066,-122.394,2490,8976
400000.0,4,2.5,3140,12792,2.0,0,0,4,9,0,1977,0,98042,47.3863,-122.156,2510,12792
150000.0,2,1.0,1100,7200,1.0,0,0,4,6,0,1944,0,98058,47.4752,-122.172,1390,7200
500000.0,3,1.0,940,10360,1.0,0,0,4,7,0,1964,0,98033,47.688,-122.19,2019,10360
585000.0,4,1.75,2430,7559,1.0,0,0,4,8,850,1981,0,98052,47.7206,-122.11,1980,8750
1160000.0,4,2.5,4240,43995,2.0,0,0,3,10,0,1989,0,98075,47.6008,-122.044,3720,59522
257700.0,4,2.25,1600,6202,2.0,0,0,4,7,0,1986,0,98038,47.3784,-122.046,1530,6298
640000.0,3,1.5,1960,4080,1.5,0,0,3,7,0,1915,0,98115,47.6768,-122.31,1880,4080
595000.0,5,2.75,3740,6750,1.0,0,0,4,8,1760,1978,0,98028,47.7679,-122.261,2620,7920
530000.0,3,2.5,1365,1090,3.0,0,0,3,7,50,2003,0,98115,47.6776,-122.324,1360,1124
799000.0,4,2.75,3340,5677,2.0,0,0,3,9,0,2011,0,98052,47.709,-122.118,3240,5643
441500.0,3,1.75,1510,7700,1.0,0,0,3,7,0,1968,0,98034,47.7283,-122.194,1440,7416
780000.0,3,2.25,2130,11782,1.0,0,0,4,8,540,1977,0,98040,47.5423,-122.215,2700,11782
800000.0,4,2.5,2990,16809,2.0,0,0,3,11,0,1990,0,98077,47.7123,-122.073,3340,18752
380000.0,3,1.0,920,3532,1.0,0,0,3,6,0,1910,0,98118,47.5539,-122.268,1250,4000
590000.0,3,2.25,2490,8800,2.0,0,0,4,8,0,1975,0,98006,47.5666,-122.132,2690,10000
1050000.0,4,2.5,2920,7200,1.0,0,3,3,8,1450,1921,2006,98144,47.5947,-122.288,3210,6825
766000.0,3,2.5,2270,9822,2.0,0,0,3,9,0,1988,0,98052,47.6685,-122.137,2790,8089
462608.0,3,2.5,2010,2778,2.0,0,0,3,8,620,2014,0,98029,47.5528,-121.999,1540,1689
805000.0,3,2.75,2600,5875,1.5,0,2,5,8,1000,1929,0,98116,47.5773,-122.406,2260,5492
630000.0,4,2.5,2540,4727,2.0,0,0,3,9,0,1999,0,98034,47.7034,-122.236,3640,5129
2920000.0,4,4.75,4575,24085,2.5,0,2,5,10,670,1926,0,98112,47.6263,-122.284,3900,9687
390000.0,3,2.5,2480,53250,2.0,0,0,3,9,0,1990,0,98042,47.3323,-122.079,2510,36549
300000.0,3,1.75,1350,7370,1.0,0,0,4,6,0,1912,0,98118,47.5336,-122.278,1440,6000
610000.0,4,2.25,2200,7200,1.0,0,2,4,8,980,1958,0,98144,47.5818,-122.296,1940,6000
570000.0,4,3.0,1490,6766,1.5,0,1,5,7,0,1915,0,98136,47.5446,-122.382,1990,6526
529950.0,3,1.0,1240,5000,1.5,0,0,5,7,0,1909,0,98107,47.6755,-122.367,1240,4900
315000.0,3,1.75,1480,6800,1.0,0,0,4,7,0,1968,0,98055,47.4633,-122.188,1500,7900
241400.0,3,2.0,1420,9828,1.0,0,0,4,7,0,1990,0,98010,47.3287,-122.011,1550,7227
540000.0,7,5.75,3700,7647,2.0,0,1,3,8,0,1948,1984,98155,47.7393,-122.289,2510,7479
670000.0,3,1.0,1600,16868,1.0,0,1,3,7,610,1946,0,98040,47.5872,-122.241,2600,12735
669000.0,2,2.5,1640,1953,2.0,0,0,3,10,0,2014,0,98118,47.5639,-122.292,1820,2653
510000.0,3,2.0,1680,8080,1.0,0,0,3,8,0,1987,0,98074,47.6168,-122.045,1800,7503
432000.0,3,2.75,2200,14925,1.0,0,0,3,6,1100,1982,0,98053,47.6606,-122.059,1520,14212
600000.0,3,1.75,1580,7416,1.0,0,0,3,7,430,1967,0,98005,47.6056,-122.173,1730,7416
260000.0,4,2.5,1790,4358,2.0,0,0,3,7,0,1993,0,98031,47.3994,-122.204,1790,4305
295000.0,4,3.0,2120,7650,2.0,0,0,3,8,0,1964,0,98007,47.6214,-122.14,2260,7885
689888.0,4,2.25,1930,3500,1.5,0,0,5,8,390,1916,0,98122,47.6167,-122.29,1800,5000
400000.0,4,2.0,1420,9301,1.0,0,0,4,7,0,1963,0,98008,47.6325,-122.121,1530,8075
350000.0,4,2.25,2390,13002,2.0,0,0,3,8,0,1987,0,98023,47.3111,-122.35,2450,11200
330000.0,2,1.0,880,4000,1.0,0,0,3,6,100,1937,0,98117,47.6931,-122.379,950,4000
388000.0,3,1.75,1350,2325,3.0,0,0,3,7,0,1999,0,98103,47.6965,-122.35,1520,1652
320600.0,3,2.0,1220,7620,1.0,0,0,3,6,500,1947,2014,98166,47.4564,-122.352,1640,7620
248000.0,4,2.25,2320,8760,1.0,0,0,4,8,1160,1966,0,98032,47.3627,-122.285,1970,8690
425000.0,2,1.0,770,5040,1.0,0,0,3,5,0,1930,0,98144,47.5964,-122.299,1330,2580
494000.0,3,3.5,1570,1486,2.5,0,0,3,8,240,2000,0,98199,47.652,-122.384,1610,1486
611000.0,4,2.5,2460,4200,2.0,0,0,3,8,0,1998,0,98074,47.6031,-122.021,2330,4200
710000.0,2,1.5,1640,4080,1.5,0,0,5,7,100,1916,0,98105,47.6624,-122.325,1880,4080
450000.0,3,2.5,1800,4357,2.0,0,0,3,8,0,2013,0,98065,47.5337,-121.841,1800,3663
420200.0,3,1.75,1320,7280,1.0,0,0,3,7,0,1968,0,98034,47.7229,-122.18,1370,7800
599000.0,5,2.75,2820,4608,1.0,0,0,3,7,1370,1967,0,98117,47.6886,-122.361,1620,3840
370000.0,2,1.0,860,6050,1.0,0,0,3,7,0,1952,0,98116,47.5697,-122.4,1130,6050
350000.0,2,1.0,720,5820,1.0,0,1,5,6,0,1950,0,98028,47.7598,-122.255,952,5820
687500.0,4,1.75,2330,5000,1.5,0,0,4,7,820,1929,0,98117,47.6823,-122.368,1460,5000
260000.0,3,2.5,1427,4337,2.0,0,0,3,7,0,2009,0,98042,47.3857,-122.162,1443,4347
253000.0,3,2.5,2020,6564,1.0,0,0,3,7,710,1994,0,98042,47.3545,-122.158,1710,5151
418200.0,3,2.5,2260,74297,2.0,0,0,3,9,0,1992,0,98022,47.2704,-122.013,3110,98000
894400.0,3,2.5,3100,45738,2.0,0,0,3,10,0,1991,0,98053,47.6854,-122.048,3340,45738
392000.0,5,2.5,2340,5670,2.0,0,0,3,7,0,2009,0,98059,47.4913,-122.152,2190,4869
410000.0,3,1.0,1330,5000,1.0,0,0,3,7,210,1957,0,98125,47.7211,-122.308,1920,7790
518380.0,4,2.5,2810,4500,2.0,0,0,3,9,0,2014,0,98038,47.3552,-122.023,2980,5046
210500.0,2,1.75,2040,8600,1.0,0,0,4,6,610,1985,0,98003,47.2755,-122.308,1310,7859
899000.0,4,2.5,3720,30649,2.0,0,0,3,10,0,1988,0,98053,47.6651,-122.056,3220,29434
2450000.0,7,4.25,4670,23115,2.0,0,2,3,11,0,1992,0,98039,47.6183,-122.227,3240,13912
276000.0,2,1.0,870,2676,1.0,0,0,3,7,50,2004,0,98144,47.5702,-122.287,1500,1719
365000.0,3,1.75,2080,7800,1.0,0,0,5,7,860,1955,0,98166,47.4536,-122.355,1770,7860
333000.0,4,2.0,1580,7800,2.0,0,0,2,6,0,1906,0,98144,47.5848,-122.302,1190,4440
1100000.0,4,3.75,5070,60123,2.0,0,0,3,11,0,2000,0,98053,47.6567,-122.004,4920,101930
780000.0,5,3.5,3190,4247,2.0,0,0,3,8,760,2013,0,98052,47.7016,-122.103,2580,3989
660000.0,3,2.25,1700,12615,1.0,0,0,4,7,400,1990,0,98033,47.6965,-122.197,1950,13163
329000.0,3,1.0,1200,5650,1.5,0,0,3,7,0,1928,0,98178,47.5065,-122.249,1610,5650
1095000.0,4,2.75,3330,9143,2.0,0,0,4,10,0,1995,0,98033,47.6821,-122.19,2390,9143
250000.0,2,1.0,950,11835,1.0,0,0,3,5,0,1932,0,98028,47.7494,-122.237,1690,12586
440000.0,2,1.5,1330,15873,1.0,0,0,3,7,430,1984,0,98074,47.6359,-122.033,1610,12043
242500.0,3,1.5,1200,9720,1.0,0,0,4,7,0,1965,0,98042,47.4225,-122.153,1380,10284
239000.0,2,1.0,1210,9375,1.0,0,1,4,7,0,1952,0,98198,47.3865,-122.322,1680,8400
353000.0,2,1.0,1100,7500,1.0,0,0,3,7,0,1951,0,98125,47.7235,-122.326,1920,7149
300000.0,2,1.0,960,8153,1.0,0,0,3,6,0,1947,0,98155,47.7341,-122.3,1160,8199
631000.0,3,2.25,1670,1396,2.0,0,0,3,9,420,2015,0,98115,47.6814,-122.288,1610,5191
320000.0,4,2.5,2223,5780,2.0,0,0,3,8,0,2010,0,98042,47.3586,-122.157,1690,7766
205000.0,4,1.0,1030,6621,1.0,0,0,4,6,0,1955,0,98055,47.4857,-122.221,1420,6631
337000.0,3,2.0,1690,9087,1.0,0,0,3,8,0,1997,0,98042,47.3724,-122.108,2090,8100
688100.0,4,2.5,2370,10513,2.0,0,0,4,8,0,1987,0,98052,47.6915,-122.099,2110,9540
675000.0,3,2.5,2540,7680,2.0,0,1,4,9,0,1940,2001,98177,47.7175,-122.364,2490,7680
199950.0,2,1.75,870,18537,1.0,0,0,4,6,0,1946,0,98001,47.275,-122.278,1300,22800
425000.0,2,1.0,2110,4920,1.5,0,0,3,7,650,1911,0,98103,47.6872,-122.339,1390,4732
185000.0,5,1.0,1590,6700,1.5,0,0,3,6,500,1942,0,98146,47.5075,-122.35,1370,8040
507200.0,3,3.5,1630,1329,2.0,0,0,3,9,270,2000,0,98122,47.6159,-122.306,1580,1319
466500.0,3,1.0,1430,3840,1.0,0,0,3,7,480,1945,0,98117,47.6847,-122.381,1430,3840
335000.0,4,2.5,2370,6000,2.0,0,0,3,8,0,2001,0,98030,47.3732,-122.179,2190,6070
436000.0,2,1.0,790,6600,1.0,0,0,3,6,0,1949,0,98122,47.6149,-122.293,1520,4400
545000.0,5,4.0,1680,7268,1.0,0,0,3,8,310,2008,0,98106,47.5571,-122.356,2040,8259
299500.0,3,1.75,1880,11700,1.0,0,0,4,7,0,1968,0,98092,47.3213,-122.187,2230,35200
650000.0,4,2.75,1910,16532,1.0,0,0,4,7,490,1940,0,98117,47.6952,-122.39,2300,8250
770000.0,3,2.5,2650,40705,2.0,0,0,3,9,0,1994,0,98053,47.668,-122.063,2550,42625
670000.0,5,3.0,2520,13001,2.0,0,1,3,8,510,1973,0,98008,47.6385,-122.114,2170,8215
258000.0,2,1.0,750,7000,1.0,0,0,3,6,0,1932,0,98024,47.5655,-121.89,1100,8777
1425000.0,5,3.0,2840,6240,2.0,0,0,5,9,400,1905,0,98112,47.6285,-122.309,2940,6000
1305000.0,4,3.5,3440,5000,2.0,0,0,3,11,880,2006,0,98199,47.6672,-122.409,3090,10241
238000.0,3,2.5,1650,2807,2.0,0,0,3,7,0,2004,0,98055,47.4328,-122.196,1460,1875
415000.0,4,1.75,2230,9625,1.0,0,4,3,8,1050,1955,0,98178,47.508,-122.244,2300,8211
690000.0,4,2.5,2670,13463,2.0,0,0,4,9,0,1989,0,98029,47.5627,-122.018,2560,10982
290000.0,2,2.0,1590,9375,1.0,0,0,3,7,680,1983,0,98055,47.4585,-122.205,1560,8524
399000.0,3,3.0,2240,10479,2.0,0,0,4,7,530,1950,0,98106,47.5529,-122.356,1530,5244
540000.0,3,2.5,1720,11656,2.0,0,0,3,8,0,1987,1999,98052,47.6791,-122.113,1890,10336
285000.0,4,3.0,1900,7194,2.0,0,0,4,7,0,1988,0,98042,47.3768,-122.117,1690,7194
352000.0,3,0.75,1240,7200,1.0,0,0,3,7,0,1947,0,98133,47.7298,-122.342,1210,7200
350000.0,2,1.0,740,7680,1.0,0,0,4,6,0,1922,0,98126,47.5245,-122.371,1080,7680
560000.0,3,2.5,1960,6058,2.0,0,0,3,8,0,2002,0,98053,47.6319,-122.007,2480,6656
295000.0,3,2.5,1570,6932,2.0,0,0,3,7,0,1993,0,98038,47.3902,-122.049,1570,6271
332500.0,3,2.0,1600,7995,1.0,0,0,3,7,0,1950,1984,98118,47.5177,-122.257,2440,6900
2225000.0,3,3.0,3450,16740,1.0,0,4,4,9,1490,1949,1993,98177,47.7067,-122.38,3220,12528
550000.0,3,2.5,2360,4080,2.0,0,0,3,7,0,2003,0,98053,47.6825,-122.038,2290,4080
373000.0,4,1.75,1590,7920,2.0,0,0,4,7,0,1960,0,98133,47.7456,-122.336,1720,7998
245000.0,2,1.0,820,7475,1.0,0,0,3,6,0,1945,0,98133,47.7321,-122.341,1030,5720
807100.0,4,2.5,2680,4499,2.0,0,0,3,9,0,1999,0,98006,47.565,-122.125,2920,4500
272000.0,3,2.5,1790,6371,2.0,0,0,3,8,0,1998,0,98092,47.3291,-122.168,1850,6371
900000.0,4,2.5,3620,42580,2.0,0,0,3,10,0,1984,0,98052,47.7204,-122.115,2950,33167
630000.0,5,3.5,4060,8309,2.0,0,0,3,9,1100,2001,0,98028,47.757,-122.228,1730,11711
655000.0,3,1.0,1370,5250,1.0,0,0,3,7,300,1939,0,98109,47.6421,-122.348,2410,4200
942000.0,4,2.75,3160,37200,2.0,0,3,3,8,850,1939,0,98125,47.7214,-122.285,3130,20000
454000.0,4,2.5,3040,12522,2.0,0,0,3,7,0,2000,0,98019,47.7247,-121.959,2490,9742
365000.0,3,2.0,2140,26600,1.0,0,0,4,7,0,1983,0,98031,47.4066,-122.169,2310,8783
540000.0,4,2.0,2190,8402,2.0,0,0,4,6,0,1928,0,98033,47.6944,-122.175,2210,7802
526000.0,3,1.75,1680,3420,1.0,0,0,3,7,720,1992,0,98115,47.6854,-122.291,1680,4080
350000.0,3,1.75,1980,273556,1.0,0,0,3,6,940,1956,1999,98042,47.4012,-122.11,2180,217799
589500.0,4,1.5,1440,3200,1.0,0,1,4,7,480,1960,0,98136,47.5269,-122.383,1650,6400
225000.0,2,1.0,940,15000,1.0,0,0,3,7,0,1960,0,98055,47.4312,-122.195,1450,15000
540000.0,3,2.5,2400,5817,2.0,0,0,3,8,0,1998,0,98065,47.5371,-121.87,2420,5817
979000.0,3,2.5,2690,4047,3.0,0,0,3,10,0,2014,0,98117,47.6797,-122.385,2040,5000
265000.0,3,1.5,1780,10196,1.0,0,0,4,7,510,1967,0,98001,47.3375,-122.291,1320,7875
459500.0,3,1.75,1470,4950,1.0,0,0,3,7,440,1984,0,98133,47.7325,-122.337,1100,5250
449950.0,3,1.75,1470,7590,1.0,0,0,3,7,0,1988,0,98117,47.6964,-122.362,1700,5080
549000.0,4,2.5,2910,6338,2.0,0,0,3,8,0,2008,0,98059,47.4804,-122.126,2500,5877
1238000.0,4,3.5,4670,6000,2.0,0,3,3,11,850,2007,0,98027,47.5414,-121.994,4310,6000
295000.0,2,1.0,820,288367,1.0,0,0,3,6,0,1930,1986,98042,47.4196,-122.165,1580,8154
724950.0,4,1.75,1960,4340,1.0,0,0,5,8,980,1912,0,98117,47.6847,-122.37,1630,4360
614000.0,4,2.75,2760,8160,1.5,0,2,4,8,980,1940,0,98177,47.7248,-122.365,2720,8160
725000.0,3,2.5,3410,41022,2.0,0,0,3,11,0,1990,0,98042,47.3228,-122.08,2150,21429
899000.0,3,2.5,1950,3730,2.0,0,0,3,9,0,1996,0,98033,47.6731,-122.199,2080,4000
599990.0,3,2.25,2680,9162,1.0,0,0,3,8,1110,1978,0,98027,47.5683,-122.091,2480,8261
832500.0,4,4.0,3430,35102,2.0,0,0,4,10,1040,1986,0,98075,47.5822,-121.987,3240,35020
541900.0,3,2.5,1880,3054,2.0,0,0,3,8,0,1988,0,98007,47.6091,-122.147,1840,3815
963000.0,4,3.5,3280,6603,2.0,0,0,3,10,0,2007,0,98027,47.5642,-122.126,3280,7333
319950.0,3,3.25,1510,1245,3.0,0,0,3,7,0,2007,0,98133,47.7293,-122.343,1510,1245
580000.0,4,2.25,2570,36465,2.0,0,0,4,8,0,1980,0,98053,47.6555,-122.042,2390,41454
458000.0,3,4.0,1390,1569,2.0,0,0,3,9,240,2006,0,98105,47.671,-122.269,1620,1855
839990.0,4,2.75,3660,5637,2.0,0,0,3,9,0,2014,0,98053,47.6845,-122.017,3625,5639
260000.0,4,2.5,2110,8990,2.0,0,0,3,8,0,1977,0,98058,47.4457,-122.127,2040,8800
980000.0,4,2.5,3780,10962,2.0,0,0,3,10,0,1990,0,98033,47.6533,-122.183,3310,11651
649000.0,2,1.75,2260,280962,2.0,0,2,3,9,370,2005,0,98014,47.6359,-121.94,2860,219542
579950.0,3,3.5,1420,1217,2.0,0,0,3,8,240,2003,0,98115,47.6827,-122.324,1494,1264
475000.0,3,3.0,2540,18900,1.0,0,0,3,7,960,1978,0,98072,47.754,-122.144,2270,16000
425000.0,2,1.0,970,2970,1.0,0,0,3,7,0,1910,0,98102,47.6233,-122.319,1670,3000
662000.0,3,1.75,2500,36947,1.0,0,0,3,9,0,1984,0,98052,47.6917,-122.084,2590,28837
678500.0,3,2.75,1210,3600,1.5,0,2,5,7,0,1910,0,98103,47.6798,-122.354,1630,3910
439950.0,3,2.0,1230,1613,2.0,0,0,3,8,220,2003,0,98107,47.6661,-122.37,1610,1873
450000.0,4,1.75,1980,7350,1.0,0,0,3,7,550,1973,0,98034,47.7088,-122.202,1870,7920
840000.0,3,3.0,3570,6250,2.0,0,2,3,10,860,1985,0,98116,47.5624,-122.399,2550,7596
690000.0,4,1.5,1970,4590,2.5,0,0,3,7,0,1909,0,98103,47.666,-122.332,1900,4590
329950.0,4,2.5,2300,9690,2.0,0,0,3,8,0,2006,0,98023,47.2793,-122.352,1200,9085
375000.0,4,2.5,2210,9427,2.0,0,0,3,7,0,1999,0,98148,47.4323,-122.327,1770,8770
550000.0,3,2.5,2010,2261,2.0,0,0,3,8,620,2014,0,98029,47.5514,-121.998,1690,1899
380000.0,4,2.5,2130,4467,2.0,0,0,3,8,0,2014,0,98146,47.5108,-122.363,1830,8160
282000.0,3,2.5,1610,6000,2.0,0,0,4,7,0,1993,0,98038,47.349,-122.036,1570,6000
698000.0,4,2.25,2200,11250,1.5,0,0,5,7,900,1920,0,98033,47.6845,-122.201,2320,10814
560000.0,3,2.5,1960,12476,2.0,0,0,4,8,0,1989,0,98056,47.5315,-122.172,2450,12177
350000.0,2,1.5,1150,7552,1.0,0,1,3,7,0,1944,0,98125,47.7298,-122.286,1910,8145
673000.0,4,2.25,2580,2875,2.0,0,0,3,9,0,2015,0,98116,47.5674,-122.392,1290,5750
530000.0,3,1.0,1370,4040,1.5,0,0,3,7,0,1906,0,98103,47.6867,-122.354,1220,3030
460000.0,2,2.5,1880,40575,1.0,0,0,3,9,0,1987,0,98024,47.5614,-121.899,1930,32935
470000.0,2,1.0,1220,4000,1.5,0,0,4,6,0,1908,0,98103,47.6801,-122.354,1580,4000
390000.0,4,1.75,2180,7560,1.0,0,0,4,7,620,1962,0,98133,47.757,-122.336,1810,7352
275000.0,4,2.75,2060,7350,1.0,0,0,3,7,850,1978,0,98001,47.3424,-122.275,1940,7420
496600.0,3,2.5,1910,5562,2.0,0,0,3,8,0,1988,0,98029,47.5738,-122.017,1940,4647
645000.0,3,1.0,2270,4182,1.0,0,0,4,7,1100,1946,0,98115,47.688,-122.32,1860,4080
170500.0,3,1.0,1640,13939,1.0,0,0,3,7,600,1960,0,98198,47.3947,-122.313,2080,13000
402000.0,5,2.75,2160,7200,1.5,0,0,3,7,940,1955,0,98118,47.5576,-122.273,1900,7200
350000.0,3,2.25,1190,1022,3.0,0,0,3,8,0,1998,0,98103,47.6972,-122.349,1210,1171
299000.0,2,1.5,830,1276,2.0,0,0,3,7,0,2005,0,98122,47.6175,-122.297,1540,1484
252000.0,3,2.25,1670,7881,1.0,0,0,4,7,480,1977,0,98031,47.4105,-122.18,1870,7820
625000.0,3,1.0,1800,4800,1.0,0,2,4,9,900,1927,0,98126,47.5672,-122.372,1400,4800
163000.0,3,1.75,1290,4811,1.0,0,0,3,7,0,1996,0,98032,47.3912,-122.234,1310,4811
220000.0,3,2.25,1400,7205,1.0,0,0,3,7,260,1985,0,98030,47.349,-122.166,1970,7252
800000.0,4,2.5,4940,10037,1.0,0,4,3,9,1490,1953,0,98178,47.5095,-122.247,2430,9272
443000.0,5,1.75,1650,3000,1.5,0,0,3,8,0,1902,0,98144,47.5955,-122.306,1740,4000
290000.0,3,1.0,1150,8145,1.0,0,0,4,6,160,1932,0,98155,47.7471,-122.317,1200,8145
279000.0,2,1.0,1020,47044,1.0,0,0,5,7,0,1904,1958,98042,47.4206,-122.155,1930,12139
350000.0,4,1.75,2310,9002,1.0,0,0,3,7,530,1970,0,98034,47.731,-122.166,2090,8814
400000.0,3,2.25,1180,14258,2.0,0,0,3,7,0,1987,0,98034,47.7112,-122.238,1860,10390
438000.0,2,2.25,1950,29347,1.0,0,0,3,8,600,1953,0,98133,47.739,-122.351,2125,7751
1550000.0,2,2.25,2950,15593,1.0,0,0,4,8,1390,1942,1986,98039,47.6209,-122.236,2060,19855
190000.0,5,2.0,1750,10284,1.0,0,0,4,5,0,1943,0,98056,47.5094,-122.182,1560,9010
590000.0,4,2.5,2940,29013,2.0,0,0,3,10,0,1992,0,98077,47.7635,-122.044,3010,34071
333000.0,3,2.5,1520,3041,2.0,0,0,3,7,0,2009,0,98059,47.4874,-122.152,1820,3229
1715000.0,4,2.5,3070,7207,2.0,0,0,4,10,400,1927,0,98112,47.6325,-122.29,3190,7523
418395.0,4,2.5,2906,5893,2.0,0,0,3,9,0,2014,0,98092,47.2599,-122.192,2680,4950
379000.0,3,2.5,1740,30886,2.0,0,0,3,8,0,1992,0,98045,47.46,-121.707,1740,39133
599000.0,3,2.75,1960,2500,1.5,0,0,5,7,550,1926,0,98103,47.6744,-122.353,2040,5000
251100.0,4,2.5,1790,5257,2.0,0,0,3,7,0,1996,0,98030,47.3849,-122.204,1680,5320
840000.0,2,2.5,1680,975,3.0,0,0,3,9,0,2009,0,98119,47.6321,-122.361,1680,977
840000.0,4,2.75,2600,2750,1.5,0,0,3,7,980,1936,0,98119,47.6413,-122.357,1960,3705
180000.0,3,1.75,1330,16000,1.0,0,0,3,7,0,1978,0,98001,47.28,-122.257,1330,14374
875000.0,3,2.75,2280,4280,1.0,0,0,5,7,1000,1917,0,98103,47.6685,-122.335,1650,4280
353750.0,4,2.0,1710,7490,2.0,0,0,3,7,390,1956,0,98166,47.4544,-122.357,1880,7704
308500.0,2,1.0,850,6174,1.0,0,0,4,7,0,1950,0,98155,47.7352,-122.328,1100,6174
496500.0,3,2.5,2260,3640,2.0,0,0,3,8,0,1994,0,98072,47.7356,-122.157,2350,3710
369950.0,3,2.0,1270,1320,3.0,0,0,3,8,0,2006,0,98103,47.6937,-122.342,1370,1320
905000.0,5,3.5,3500,10155,2.0,0,0,3,10,930,1996,0,98006,47.5415,-122.133,2940,10753
220000.0,3,2.0,1410,7998,1.0,0,0,4,7,0,1940,0,98178,47.4968,-122.277,1780,8278
289000.0,2,1.0,1010,7740,1.0,0,0,3,6,120,1924,0,98106,47.5323,-122.355,1030,6000
782000.0,4,2.5,3510,24604,2.0,0,0,3,10,0,1997,0,98053,47.6772,-122.056,3530,26673
397000.0,4,1.75,2020,6000,1.0,0,0,3,7,400,1959,0,98144,47.577,-122.302,1870,4000
1250000.0,4,3.25,3160,5000,2.0,0,0,5,9,800,1965,0,98105,47.6597,-122.274,2220,4000
940000.0,3,1.5,1790,4800,1.5,0,0,3,8,0,1912,0,98119,47.6332,-122.362,1780,3600
872500.0,4,2.0,1990,6000,1.0,0,0,3,9,730,1956,2015,98199,47.6515,-122.397,1770,6000
585000.0,5,2.0,2560,14467,1.0,0,0,3,8,1280,1960,0,98006,47.5547,-122.178,2200,10267
700000.0,3,2.5,2230,4006,2.0,0,0,3,8,0,2014,0,98133,47.73,-122.335,2230,4180
229000.0,3,2.0,1540,6000,1.0,0,0,4,6,0,1953,0,98155,47.7372,-122.307,1490,8213
218000.0,3,1.0,1020,7874,1.0,0,0,3,7,0,1956,0,98106,47.5175,-122.346,1290,7320
1125000.0,4,3.25,3890,422096,1.5,0,0,3,9,740,2001,0,98038,47.4125,-121.982,2180,229996
895000.0,4,3.0,3240,5562,2.0,0,0,3,10,0,2013,0,98075,47.5919,-121.975,3380,5562
540000.0,3,2.5,1280,1889,3.0,0,0,3,8,0,2009,0,98105,47.6619,-122.324,1450,1889
623000.0,3,2.75,2390,21804,1.0,0,0,3,8,940,1973,0,98034,47.7339,-122.183,2390,10136
453000.0,3,1.0,2160,11484,1.5,0,0,4,7,0,1968,0,98034,47.7277,-122.185,2270,10080
550000.0,4,2.75,2230,9460,1.0,0,0,5,7,750,1960,0,98027,47.5246,-122.044,1760,10878
335000.0,3,2.75,2850,8039,1.0,0,0,4,8,1310,1989,0,98031,47.4141,-122.204,2240,7727
414000.0,2,1.0,800,5000,1.0,0,0,3,6,0,1938,0,98055,47.4914,-122.204,1220,5000
249000.0,3,1.75,1400,5648,1.5,0,0,5,6,0,1917,0,98056,47.5133,-122.196,2320,9420
452000.0,5,2.5,5067,13315,1.0,0,2,3,9,1913,1968,0,98003,47.3391,-122.325,2860,13957
370500.0,4,2.5,1790,6120,2.0,0,0,3,7,0,2005,0,98059,47.4829,-122.128,1950,5660
294450.0,4,2.25,1400,7341,1.0,0,0,3,7,100,1961,0,98155,47.7565,-122.305,2090,7410
750500.0,4,2.5,2860,9159,1.0,0,0,4,8,1330,1989,0,98033,47.6923,-122.2,2070,8680
425000.0,3,1.75,1510,44000,1.0,0,0,3,7,270,1989,0,98045,47.4851,-121.716,2290,36242
196500.0,3,2.0,1310,7000,1.0,0,0,4,7,0,1979,0,98023,47.303,-122.383,1390,7500
245000.0,4,2.5,1700,4268,2.0,0,0,3,7,0,2000,0,98001,47.3303,-122.268,1700,4488
475000.0,4,2.5,3060,10043,1.0,0,0,4,8,1360,1968,0,98133,47.7387,-122.337,1630,8296
570000.0,3,2.5,1530,3296,2.0,0,0,3,8,0,1998,0,98007,47.6181,-122.138,1530,4099
419000.0,3,2.25,1760,16418,1.0,0,0,3,7,570,1990,0,98053,47.6525,-121.985,2260,20747
345000.0,3,2.25,2730,9388,1.0,0,0,3,7,1340,1975,0,98030,47.3785,-122.185,2255,5701
1100000.0,4,3.5,4270,40097,1.0,0,0,4,12,0,1993,0,98077,47.7354,-122.078,3510,36149
242000.0,5,2.25,2340,7494,1.0,0,0,3,7,1170,1951,0,98188,47.448,-122.28,1650,10125
399500.0,4,1.5,1660,6617,1.0,0,0,5,7,0,1947,0,98155,47.739,-122.323,950,7440
257000.0,3,2.25,1810,12000,2.0,0,0,3,7,0,1992,0,98003,47.3476,-122.3,1720,9916
330000.0,3,1.75,2020,11050,1.0,0,0,4,8,700,1969,0,98059,47.4706,-122.119,1940,11050
240000.0,3,2.25,1460,5818,1.0,0,0,3,7,320,1986,0,98023,47.3113,-122.358,1490,6031
465000.0,5,1.5,1750,12491,1.0,0,0,3,6,360,1961,0,98033,47.6995,-122.174,1560,12473
435000.0,3,2.5,1600,2375,2.0,0,0,3,7,0,2005,0,98029,47.5531,-121.996,1830,2375
1200000.0,4,3.5,4560,16643,1.0,0,3,3,12,2330,1995,0,98006,47.5521,-122.115,4060,15177
335000.0,3,1.5,1140,15890,1.0,0,0,3,7,300,1985,0,98045,47.4752,-121.757,1200,15247
1738000.0,4,2.25,2920,6513,2.0,0,0,4,9,660,1937,0,98112,47.638,-122.29,4510,9248
306500.0,2,1.0,840,892,2.0,0,0,3,7,0,2006,0,98136,47.5396,-122.387,1030,1007
455000.0,3,2.25,1870,7403,1.0,0,0,3,7,0,1950,0,98125,47.7171,-122.32,1630,7440
144000.0,3,1.0,980,6800,1.0,0,0,3,6,0,1946,0,98058,47.4411,-122.186,1140,9975
550120.0,5,2.5,2620,8050,1.0,0,0,3,8,1100,1975,0,98052,47.6919,-122.115,2030,7676
320000.0,4,2.75,2150,9163,1.0,0,0,3,8,810,1992,0,98003,47.266,-122.307,2260,7750
640000.0,5,2.5,3220,4759,2.0,0,0,3,8,0,2003,0,98075,47.5957,-122.032,2550,4759
700000.0,3,1.75,1910,4800,1.0,0,0,3,7,830,1959,0,98103,47.6844,-122.332,1750,4800
565000.0,4,1.5,2190,8296,2.0,0,0,3,7,0,1935,1963,98136,47.5158,-122.385,1160,8160
312500.0,2,1.5,1070,1200,2.0,0,0,3,7,0,1999,0,98103,47.697,-122.347,1070,1200
667000.0,5,2.25,2560,10360,1.0,0,0,4,8,690,1966,0,98008,47.5819,-122.126,2070,7875
336000.0,3,2.5,1260,1211,3.0,0,0,3,8,0,2004,0,98103,47.6969,-122.343,1270,1211
527900.0,3,2.5,2490,5928,2.0,0,2,3,8,0,1998,0,98065,47.5385,-121.87,2420,6381
770000.0,4,1.0,1480,3750,1.5,0,0,4,7,0,1912,0,98103,47.6737,-122.354,1570,3750
490000.0,3,1.0,1420,11040,1.0,0,0,4,7,0,1961,0,98007,47.5969,-122.14,1530,8208
349900.0,3,2.5,2200,7278,2.0,0,0,3,8,0,1990,0,98058,47.4624,-122.132,2190,8580
510000.0,4,3.25,1980,9988,1.0,0,0,3,8,640,1980,0,98052,47.6883,-122.111,1980,8972
503500.0,3,2.5,1810,1750,2.0,0,0,3,7,460,1997,0,98199,47.6513,-122.386,1640,1563
325000.0,2,2.25,1230,1078,2.0,0,0,3,7,70,2008,0,98027,47.5324,-122.073,1240,817
658588.0,3,2.25,2560,41346,2.0,0,0,3,10,0,1986,0,98027,47.4871,-122.065,3040,35395
1780000.0,4,3.25,4890,13402,2.0,0,0,3,13,0,2004,0,98059,47.5303,-122.131,5790,13539
380000.0,4,2.5,2320,10079,2.0,0,0,3,7,0,1994,0,98038,47.3828,-122.026,2010,7438
366000.0,3,2.5,1790,4065,2.0,0,0,3,8,0,2009,0,98019,47.7344,-121.965,2480,4252
365650.0,4,2.25,2380,7700,2.0,0,0,4,8,0,1977,0,98055,47.4391,-122.194,2100,7700
318000.0,3,1.0,1010,7200,1.0,0,0,5,6,0,1948,0,98155,47.7601,-122.307,1590,7663
315000.0,3,1.75,1660,8160,1.0,0,0,4,7,0,1951,0,98166,47.4608,-122.358,1490,8100
615000.0,3,1.75,2220,7224,1.0,0,2,3,8,180,1975,0,98177,47.774,-122.384,2540,9990
250000.0,4,1.0,1550,7296,1.5,0,0,3,6,0,1957,0,98106,47.5184,-122.366,1370,7680
220650.0,2,1.75,1460,10500,1.0,0,0,3,7,0,1980,0,98045,47.4461,-121.768,1340,9600
400000.0,2,1.0,920,5120,1.0,0,0,5,7,0,1952,0,98136,47.5569,-122.394,1190,5120
495000.0,3,3.5,1650,1577,2.0,0,0,3,7,550,2012,0,98109,47.6302,-122.344,1580,1280
849000.0,5,3.25,2450,6534,2.0,0,0,3,8,680,1951,2014,98115,47.688,-122.281,1620,6534
359000.0,3,3.0,1320,1071,2.0,0,0,3,7,240,2003,0,98144,47.5942,-122.296,1780,7715
210000.0,2,1.0,1040,4590,1.0,0,0,3,7,0,1954,0,98146,47.5078,-122.337,1040,6120
569950.0,5,2.75,2510,28185,1.0,0,0,4,7,910,1963,0,98155,47.7719,-122.282,2910,14880
400000.0,3,2.25,1500,2692,2.0,0,0,3,7,0,1986,0,98034,47.7159,-122.203,1470,2418
465000.0,3,2.25,1450,1540,2.0,0,0,3,8,270,2005,0,98107,47.6685,-122.365,1450,1540
445000.0,4,3.25,3450,5000,2.0,0,0,3,8,0,2008,0,98178,47.4925,-122.273,1420,5000
289000.0,3,2.25,1670,6600,2.0,0,0,4,7,0,1990,0,98042,47.3604,-122.089,1670,6801
492650.0,4,1.75,2120,9786,1.0,0,0,3,8,480,1967,0,98177,47.7753,-122.365,2310,8787
309000.0,3,1.0,1092,7500,1.5,0,0,3,6,0,1918,0,98106,47.5321,-122.354,930,4000
822500.0,5,3.5,2320,4960,2.0,0,0,5,7,600,1926,0,98103,47.6763,-122.352,1700,4960
400000.0,3,2.5,1460,1319,3.0,0,0,3,8,0,2002,0,98103,47.698,-122.349,1430,1530
935000.0,4,4.5,5670,84267,2.0,0,2,3,11,0,2008,0,98010,47.323,-122.044,4100,83729
253779.0,4,2.0,2030,9600,1.5,0,0,3,6,600,1947,0,98188,47.4459,-122.272,1820,14600
263000.0,3,1.75,1570,7775,2.0,0,0,3,7,0,1982,0,98031,47.3876,-122.216,1580,8622
200000.0,4,1.0,1070,7467,1.5,0,0,3,7,0,1944,0,98178,47.4942,-122.235,1160,7467
315000.0,3,2.25,1530,7906,1.0,0,0,3,7,380,1980,0,98058,47.4418,-122.136,1460,7875
175000.0,3,1.75,1910,17003,1.5,0,0,4,8,0,1963,0,98001,47.3095,-122.283,1820,14806
230000.0,3,1.0,1640,7187,1.0,0,0,3,7,0,1966,0,98058,47.455,-122.182,1340,8346
350000.0,3,2.5,1380,1590,2.0,0,0,3,9,220,2012,0,98126,47.5444,-122.375,1380,1590
390000.0,2,1.0,1080,4725,1.5,0,0,3,7,0,1944,0,98126,47.5275,-122.381,1520,4961
408000.0,3,1.75,1600,313672,1.0,0,0,4,7,0,1960,0,98058,47.4129,-122.08,1780,90860
655000.0,3,2.5,2320,4721,2.0,0,0,3,8,0,2004,0,98075,47.591,-122.017,2250,4356
749700.0,3,1.75,2280,77972,1.0,0,0,3,8,820,1977,0,98059,47.4804,-122.151,2460,14430
230005.0,2,1.0,1030,6000,1.0,0,0,2,7,200,1951,0,98118,47.5291,-122.268,1770,5000
260000.0,3,1.75,1440,12888,1.0,0,2,3,7,350,1958,0,98168,47.471,-122.262,1710,12888
337500.0,3,2.25,1530,6600,1.0,0,0,4,7,290,1968,0,98055,47.462,-122.188,1500,7700
356000.0,3,1.0,940,2366,1.0,0,0,3,6,0,1916,0,98107,47.6744,-122.383,1500,5000
460000.0,3,2.0,1200,7320,1.0,0,0,3,7,0,1955,0,98115,47.6986,-122.286,1750,8220
469775.0,2,1.75,1530,7020,1.0,0,0,3,7,500,1942,0,98199,47.6465,-122.395,2090,6600
371000.0,3,1.75,1570,15330,1.0,0,0,3,7,490,1956,0,98166,47.4608,-122.34,1250,13330
1325000.0,4,2.5,4010,37076,2.0,0,0,4,12,0,1990,0,98052,47.7139,-122.106,4280,35326
585000.0,3,1.5,1670,5000,1.5,0,0,4,7,0,1912,0,98117,47.678,-122.36,1750,5000
417000.0,3,2.5,2000,4500,2.0,0,0,3,7,0,2010,0,98059,47.4937,-122.149,2230,4501
289950.0,3,2.5,2070,6145,2.0,0,0,3,7,0,2003,0,98092,47.3357,-122.172,2070,5297
282510.0,4,1.0,1450,32234,1.5,0,0,4,6,0,1932,0,98030,47.3818,-122.21,1530,10125
445000.0,3,2.5,2470,4565,2.0,0,0,3,7,0,2005,0,98056,47.514,-122.189,2470,5064
405000.0,5,2.75,2400,4900,2.0,0,0,3,8,0,2011,0,98038,47.355,-122.057,2110,5696
290000.0,2,1.0,930,7740,1.0,0,0,3,6,0,1924,0,98125,47.7091,-122.292,1250,7740
420000.0,3,2.0,1640,9972,1.0,0,0,4,7,0,1977,0,98075,47.5812,-122.002,1680,10165
424950.0,4,3.25,3266,5398,2.0,0,0,3,8,0,2014,0,98023,47.2975,-122.35,3087,5152
239000.0,4,2.0,1370,8837,1.5,0,0,3,7,0,1955,0,98188,47.4386,-122.285,1360,9000
525000.0,3,1.75,1970,8000,1.0,0,0,4,8,0,1968,0,98052,47.6324,-122.1,1910,8000
269800.0,4,2.75,1830,3420,2.0,0,0,3,8,0,2012,0,98198,47.366,-122.308,1813,3420
340000.0,5,1.0,1120,9022,1.5,0,0,4,7,0,1962,0,98034,47.7296,-122.24,1310,7500
530000.0,3,3.0,2450,211266,1.5,0,3,3,8,0,2004,0,98022,47.2215,-122.067,2300,263492
465000.0,4,2.25,2100,7350,2.0,0,0,3,8,0,1979,0,98033,47.7019,-122.171,1780,7350
620000.0,4,2.25,2210,10039,1.0,0,0,4,8,500,1967,0,98052,47.634,-122.101,2070,10965
700000.0,4,2.5,2590,4498,2.0,0,0,3,9,0,2004,0,98052,47.7047,-122.128,2660,5238
500000.0,3,2.25,2210,7916,2.0,0,0,3,8,0,1978,0,98133,47.7175,-122.339,1450,7955
251000.0,4,2.0,1650,5974,1.0,0,0,5,7,790,1972,0,98178,47.5008,-122.257,1940,6001
520000.0,3,2.0,1410,2700,2.0,0,0,4,7,0,1902,0,98122,47.6029,-122.302,1750,4000
1218000.0,4,2.75,3670,15400,2.0,0,3,4,10,0,1986,0,98006,47.5581,-122.156,3370,13300
1595000.0,4,4.25,4645,7757,2.0,0,0,3,10,790,2006,0,98112,47.6248,-122.29,2150,6970
525000.0,5,2.75,2440,8000,1.0,0,0,4,7,1200,1972,0,98034,47.7283,-122.17,1780,8391
299950.0,3,2.5,1320,3150,2.0,0,0,3,7,0,2005,0,98118,47.5328,-122.282,1390,1725
490000.0,2,1.5,1590,4500,1.0,0,0,4,7,670,1946,0,98116,47.5831,-122.392,1900,4450
535000.0,4,2.5,2240,6920,1.0,0,0,5,8,860,1974,0,98146,47.5011,-122.375,1540,7000
285950.0,2,1.0,710,7120,1.0,0,0,5,6,0,1942,0,98146,47.5122,-122.374,1100,7020
575000.0,5,2.5,2760,4000,1.5,0,0,3,8,1030,1926,2014,98122,47.6074,-122.299,1680,4000
715000.0,6,2.75,3400,5000,2.0,0,2,3,8,540,1977,0,98107,47.6728,-122.362,1800,5000
497000.0,4,2.25,2250,3463,2.0,0,0,4,8,0,1968,0,98052,47.6324,-122.106,1850,2811
590000.0,3,2.0,3030,9374,1.0,0,1,4,7,930,1959,0,98136,47.5289,-122.391,1990,6012
157340.0,2,1.0,900,23000,1.0,0,0,2,7,0,1953,0,98042,47.3576,-122.156,1460,8265
764000.0,4,2.5,2790,7938,2.0,0,0,3,9,0,1997,0,98074,47.6223,-122.026,2780,7779
310000.0,3,2.5,2242,5744,2.0,0,0,3,8,0,2012,0,98092,47.2597,-122.199,2009,5712
309212.0,3,1.75,1150,9600,1.0,0,0,3,7,0,1979,0,98045,47.4434,-121.774,1520,9976
157000.0,3,1.5,1170,11530,1.0,0,0,3,7,0,1960,0,98198,47.4211,-122.29,1550,8605
335900.0,2,1.0,1120,7440,1.0,0,0,4,7,0,1939,0,98155,47.7405,-122.323,1170,7440
846000.0,4,3.25,2720,4000,2.0,0,1,3,10,650,2014,0,98118,47.5554,-122.267,1450,4000
228000.0,2,1.0,1800,9236,1.0,0,0,3,7,0,1954,0,98030,47.3792,-122.198,1730,5701
233703.0,3,2.25,1650,3788,2.0,0,0,3,7,0,1985,0,98031,47.3908,-122.167,1510,3994
295000.0,3,1.5,1220,3286,2.0,0,0,3,7,0,1982,0,98033,47.7168,-122.189,1220,2640
295000.0,4,2.0,1650,7200,1.0,0,0,3,7,0,1964,0,98133,47.7543,-122.344,1410,7200
450000.0,3,3.25,1770,1863,2.0,0,0,3,8,340,2003,0,98029,47.5478,-122.005,1410,1375
265000.0,3,2.5,1720,6271,2.0,0,0,3,7,0,1993,0,98038,47.3898,-122.049,1570,6587
575000.0,3,1.75,1580,11750,1.0,0,0,4,7,400,1951,0,98118,47.5368,-122.265,2150,11750
360000.0,3,1.5,1360,6000,1.0,0,0,3,6,500,1911,0,98103,47.6846,-122.345,1560,3000
510000.0,4,1.0,1060,7200,1.0,0,1,3,6,180,1925,0,98118,47.5591,-122.268,1910,7200
361550.0,3,1.75,1160,257875,1.0,0,0,2,7,0,1980,0,98059,47.4655,-122.072,1420,15450
275000.0,3,3.0,1590,7750,1.0,0,0,3,7,530,1997,0,98038,47.3624,-122.045,1680,7500
357500.0,3,1.0,1070,10125,1.0,0,0,3,7,0,1961,0,98033,47.7012,-122.167,1540,10200
349900.0,3,2.5,1580,2765,2.0,0,0,3,8,0,2011,0,98126,47.5444,-122.369,1580,1820
220000.0,2,1.0,580,7500,1.0,0,0,3,5,0,1943,0,98178,47.4852,-122.251,1700,11250
1200000.0,5,2.5,2860,4000,2.0,0,0,4,8,700,1910,0,98102,47.6225,-122.318,1340,1224
380000.0,3,2.5,1980,17342,2.0,1,4,3,10,400,1984,0,98166,47.4551,-122.373,2060,17313
440000.0,4,2.5,2250,7526,2.0,0,0,3,8,0,1989,0,98059,47.5123,-122.15,1980,7526
223000.0,3,1.75,1340,7473,1.0,0,0,4,7,0,1973,0,98002,47.3087,-122.206,1510,8240
325000.0,4,2.25,2130,8499,1.0,0,0,4,7,530,1975,0,98030,47.3657,-122.21,1890,11368
1234000.0,4,3.0,2660,4600,1.5,0,0,3,8,840,1906,2002,98112,47.6258,-122.305,2350,4600
408474.0,3,2.5,1800,2731,2.0,0,0,3,8,0,2014,0,98065,47.5342,-121.841,1800,3265
294000.0,2,2.5,1380,889,2.0,0,0,3,7,240,2012,0,98126,47.5441,-122.369,1580,1397
452000.0,2,1.0,1220,6000,1.0,0,0,3,6,340,1938,0,98118,47.5647,-122.27,1220,6840
554820.0,4,2.0,3510,12905,1.0,0,2,3,8,1300,1965,1982,98166,47.4466,-122.36,2530,16143
235000.0,3,1.0,1060,7473,1.0,0,0,3,7,0,1959,0,98198,47.3699,-122.309,1320,7912
765000.0,4,2.25,2030,2222,2.0,0,0,3,9,420,2015,0,98117,47.679,-122.375,1420,2222
622200.0,3,1.75,1720,7200,1.0,0,0,3,7,300,1959,0,98125,47.7062,-122.304,1380,8000
349950.0,4,2.5,2632,4117,2.0,0,0,3,8,0,2013,0,98001,47.3428,-122.278,2040,5195
725000.0,4,2.75,2630,7505,2.0,0,0,3,8,0,1994,0,98052,47.6846,-122.163,2670,7506
415000.0,2,1.0,1460,4200,1.0,0,0,4,6,580,1914,0,98117,47.6774,-122.361,1540,4200
475000.0,3,1.75,2270,13000,1.0,0,0,5,8,0,1968,0,98058,47.4474,-122.144,2440,10000
225000.0,3,1.0,1120,8407,1.0,0,0,5,6,0,1987,0,98022,47.2051,-122.006,1250,8658
536000.0,4,2.5,2520,4831,2.0,0,0,3,8,0,2009,0,98072,47.7711,-122.168,2430,3937
450000.0,2,1.0,1200,4000,1.0,0,0,3,7,130,1940,0,98126,47.5766,-122.378,1770,4000
855000.0,5,1.5,1930,4500,1.5,0,0,3,8,0,1929,0,98112,47.6401,-122.303,2083,4500
205000.0,3,2.0,1800,11419,1.0,0,0,3,8,0,1989,0,98092,47.2623,-122.217,2220,11406
209000.0,3,2.0,1230,1340,2.0,0,0,3,7,210,2003,0,98106,47.526,-122.361,1260,1312
350000.0,3,3.25,1460,1592,2.0,0,0,3,8,330,2006,0,98126,47.5481,-122.374,1560,1701
335000.0,3,2.5,2588,5701,2.0,0,0,3,8,0,2008,0,98042,47.3449,-122.151,2389,5702
324000.0,2,1.0,820,8370,1.0,0,0,4,7,0,1941,0,98177,47.7256,-122.361,1410,8370
325000.0,3,1.75,1780,11096,1.0,0,0,3,7,570,1979,0,98074,47.617,-122.051,1780,10640
439000.0,4,2.25,2240,8300,2.0,0,0,3,8,0,1978,0,98011,47.7746,-122.197,2340,8500
475000.0,4,2.25,1800,7200,1.0,0,0,3,7,570,1979,0,98177,47.7717,-122.376,2260,7498
340000.0,4,2.5,2380,9362,2.0,0,0,3,8,0,2000,0,98023,47.3148,-122.349,2190,9840
600000.0,5,3.5,3580,21343,1.5,0,0,4,8,1440,1937,0,98155,47.7646,-122.302,2430,21343
718000.0,4,2.75,2930,4408,1.0,0,0,5,8,1270,1939,0,98144,47.5841,-122.295,2200,4000
275000.0,3,2.5,1710,7230,2.0,0,0,3,7,0,1996,0,98003,47.2778,-122.298,1720,6537
1040000.0,4,3.5,3900,8391,2.0,0,0,3,10,0,2006,0,98033,47.6979,-122.205,3820,12268
235000.0,4,1.75,1920,9350,1.0,0,0,4,7,920,1977,0,98002,47.292,-122.195,1910,8400
412000.0,3,1.75,1950,52256,1.0,0,0,4,8,0,1985,0,98042,47.3133,-122.078,2450,51836
405000.0,3,2.0,1240,14404,1.0,0,0,3,7,0,1988,0,98053,47.6614,-122.06,1350,9990
515000.0,3,2.0,1560,1020,3.0,0,0,3,8,0,2014,0,98122,47.605,-122.304,1560,1728
950000.0,3,2.5,3480,7800,1.0,0,0,4,7,1730,1941,1998,98177,47.7047,-122.378,3010,9918
645000.0,2,2.25,2770,11884,1.0,0,3,4,8,1200,1969,0,98070,47.5098,-122.474,2310,17097
375000.0,3,2.5,2320,5760,1.0,0,0,3,7,840,1987,0,98178,47.504,-122.248,1660,5762
485000.0,4,1.75,1260,3880,1.0,0,0,5,7,400,1918,0,98117,47.687,-122.391,1000,3880
632000.0,5,3.0,3520,36558,2.0,0,0,4,8,1420,1985,0,98027,47.4658,-122.007,3000,36558
760000.0,4,2.5,2960,28005,2.0,0,0,3,10,0,1989,0,98072,47.7477,-122.117,3510,35248
1200000.0,4,2.5,3180,13118,2.0,0,0,4,11,0,1986,0,98040,47.5382,-122.23,3070,12861
625000.0,4,2.75,2140,4000,1.0,0,0,3,7,950,1951,0,98115,47.6792,-122.287,2140,4770
549000.0,2,1.0,1510,11165,1.5,0,0,4,7,0,1921,0,98133,47.7212,-122.331,2210,8851
359950.0,4,3.25,2290,4785,2.0,0,0,3,9,0,2007,0,98038,47.3833,-122.037,2290,4785
268643.0,4,2.25,1810,9240,2.0,0,0,3,7,0,1961,0,98055,47.4362,-122.187,1660,9240
160000.0,3,1.75,1370,8006,2.0,0,0,3,7,0,1990,0,98001,47.258,-122.252,1530,8006
372000.0,4,2.5,2070,8658,2.0,0,0,3,8,0,1999,0,98178,47.5072,-122.257,2010,7215
492000.0,2,1.0,950,6000,1.0,0,0,3,7,0,1942,0,98115,47.6897,-122.294,1440,6000
729000.0,4,2.5,2450,27081,2.0,0,0,3,8,0,1985,0,98052,47.7177,-122.104,2630,12025
550000.0,4,2.25,1650,7200,1.0,0,0,3,8,0,1967,0,98008,47.6384,-122.116,2180,7950
290000.0,2,1.0,840,3844,1.0,0,0,4,6,0,1919,0,98133,47.7048,-122.347,1040,3844
732600.0,4,2.5,2130,7300,1.0,0,0,4,7,900,1963,0,98005,47.605,-122.167,2130,7560
845000.0,3,2.0,2540,4750,1.5,0,0,5,9,700,1930,0,98117,47.6838,-122.4,2190,4750
310000.0,1,1.0,670,4920,1.0,0,0,3,5,0,1920,0,98126,47.5342,-122.373,1050,4920
299950.0,3,1.75,1790,7650,1.0,0,3,3,9,0,1978,0,98023,47.3213,-122.385,2540,7600
762500.0,4,2.75,2610,8760,1.0,0,0,4,8,850,1978,0,98040,47.5875,-122.229,2550,10376
349000.0,3,1.75,1740,7682,1.0,0,0,3,8,410,1978,0,98058,47.4451,-122.126,2010,8820
404000.0,3,1.0,1420,8160,1.0,0,0,3,7,450,1947,0,98125,47.7164,-122.306,1340,8160
445000.0,5,1.75,2460,6846,1.5,0,0,5,7,1120,1911,0,98108,47.5445,-122.321,1410,4800
539950.0,4,2.5,2960,37430,2.0,0,0,3,9,0,1990,0,98038,47.3988,-122.023,2800,36384
335000.0,3,1.75,1260,17000,1.0,0,0,3,7,0,1994,0,98146,47.5114,-122.361,1540,7213
818000.0,4,2.25,2460,8001,2.0,0,0,4,8,0,1984,0,98006,47.548,-122.154,2460,9126
635000.0,4,2.5,2500,10215,2.0,0,0,3,9,0,1998,0,98075,47.5912,-121.986,2890,10240
519000.0,3,1.75,2000,5680,1.0,0,0,4,7,920,1903,0,98117,47.6805,-122.366,1230,4535
387500.0,6,2.0,2400,7684,1.0,0,0,3,6,1200,1932,2005,98028,47.7705,-122.269,1290,9800
1330000.0,4,3.5,3440,9776,2.0,0,0,3,10,0,2006,0,98040,47.5374,-122.216,2400,11000
475000.0,4,2.75,2200,16288,1.0,0,0,3,7,910,1980,0,98059,47.4793,-122.122,2650,6620
345000.0,3,2.25,2020,9000,2.0,0,0,3,7,0,1979,0,98045,47.4487,-121.775,1460,9680
708000.0,2,1.0,1120,5250,1.0,0,0,3,7,170,1938,0,98199,47.6496,-122.392,1510,5250
298950.0,5,2.25,2300,11505,1.0,0,0,3,8,1000,1963,0,98030,47.3812,-122.223,2350,11505
330000.0,4,2.5,3504,6000,2.0,0,0,3,7,0,2006,0,98001,47.3012,-122.285,2790,5231
198500.0,2,1.0,1050,9600,1.0,0,0,4,6,0,1959,0,98023,47.3274,-122.346,990,8880
385200.0,4,1.0,1550,7740,1.5,0,0,3,6,0,1954,0,98126,47.5222,-122.375,1220,7740
634000.0,3,1.75,2570,13000,2.0,0,0,4,7,0,1962,0,98177,47.7705,-122.371,2570,8521
297500.0,4,2.5,1910,5000,2.0,0,0,3,7,0,2005,0,98038,47.3608,-122.036,2020,5000
119900.0,2,1.0,700,3180,1.0,0,0,3,6,220,1951,0,98178,47.4976,-122.262,1760,6360
835000.0,5,4.0,3600,14720,1.0,0,2,5,8,1800,1960,0,98034,47.7022,-122.227,3600,15358
640000.0,4,1.75,2060,9828,1.0,0,0,4,8,0,1960,0,98005,47.5867,-122.174,2260,9996
290000.0,4,2.5,1850,5674,2.0,0,0,3,7,0,1993,0,98042,47.3536,-122.142,1750,6875
180000.0,3,1.0,1000,18513,1.0,0,0,3,6,0,1940,0,98146,47.5118,-122.348,1280,8113
212000.0,1,1.0,620,7620,1.0,0,0,3,6,0,1926,0,98166,47.4697,-122.349,1160,7620
450000.0,3,1.75,3150,9258,1.0,0,1,3,8,780,1970,0,98027,47.5571,-122.08,2740,10274
427800.0,3,1.75,1340,13241,1.0,0,2,3,7,0,1985,0,98034,47.7268,-122.213,2090,9704
364000.0,4,1.0,1210,7740,1.5,0,0,3,7,0,1922,0,98126,47.5216,-122.374,1100,7740
325000.0,4,1.5,1470,70800,1.0,0,0,3,7,0,1976,0,98010,47.3458,-121.948,1810,72337
299000.0,4,2.25,2050,26000,2.0,0,0,4,8,0,1977,0,98042,47.3423,-122.063,2330,31100
689900.0,4,3.25,2740,7266,2.0,0,0,3,9,680,2003,0,98027,47.5346,-122.066,3030,6546
436472.0,4,2.5,2692,8392,2.0,0,0,3,9,0,2014,0,98030,47.3519,-122.197,2574,14446
445000.0,2,1.0,930,3150,1.0,0,0,5,6,0,1918,0,98115,47.6783,-122.298,1900,5000
270000.0,3,2.25,1750,8400,1.0,0,0,3,7,400,1965,0,98188,47.4571,-122.272,2020,9110
845950.0,5,2.75,4450,9600,2.0,0,0,3,9,800,2014,0,98011,47.7336,-122.21,4000,9750
400000.0,4,2.25,1970,8941,2.0,0,0,3,7,0,1973,0,98034,47.7223,-122.172,1880,7793
475000.0,4,2.0,2100,13468,1.0,0,0,5,7,1050,1962,0,98125,47.7139,-122.292,1470,8675
486000.0,4,3.0,2260,7336,2.0,0,0,4,7,0,1977,0,98034,47.7297,-122.219,2200,7724
1206500.0,3,2.75,3150,5520,1.5,0,0,4,8,1020,1925,0,98112,47.6345,-122.302,3160,6200
189000.0,2,1.0,1200,9850,1.0,0,0,4,7,0,1921,0,98002,47.3089,-122.21,1060,5095
590000.0,3,2.5,1710,2875,2.0,0,0,3,8,0,2006,0,98116,47.5787,-122.392,1640,5750
221000.0,3,1.0,910,8789,1.0,0,0,3,7,0,1966,0,98148,47.4345,-122.326,1160,8789
467500.0,4,2.5,3160,7210,1.0,0,0,4,7,1280,1969,0,98034,47.7368,-122.183,2070,7560
385000.0,3,1.75,1220,1450,1.0,0,0,3,6,600,1905,0,98119,47.6361,-122.368,1660,2960
280005.0,3,1.5,1130,7200,1.0,0,0,3,7,0,1954,0,98178,47.5041,-122.253,1130,7200
465000.0,2,1.5,1220,1120,2.5,0,0,3,8,110,2008,0,98199,47.6374,-122.388,2010,3175
685000.0,4,2.0,2290,6000,1.5,0,3,5,7,0,1900,0,98115,47.6807,-122.318,2000,3150
2095000.0,5,3.75,5340,10655,2.5,0,3,4,10,1600,1912,0,98144,47.5795,-122.285,3910,9418
540400.0,4,1.75,1680,6758,1.0,0,0,3,8,0,1974,0,98008,47.641,-122.113,1910,7000
419900.0,4,2.5,2750,5767,2.0,0,0,3,9,0,2005,0,98038,47.3595,-122.038,2800,5376
335000.0,3,1.0,1120,9075,1.0,0,0,3,7,0,1977,0,98077,47.7551,-122.072,1120,9705
279000.0,3,1.75,1430,39160,1.0,0,0,3,7,530,1925,1987,98065,47.5513,-121.801,1430,40860
339900.0,3,1.0,1200,9087,1.0,0,0,5,7,0,1969,0,98056,47.5234,-122.177,1250,11826
475000.0,3,2.5,2680,87117,1.0,0,0,3,7,1340,1989,0,98024,47.5646,-121.935,2580,87117
185000.0,3,1.0,1240,9198,1.5,0,0,4,7,0,1959,0,98032,47.37,-122.297,1170,8970
265500.0,3,1.0,1860,9225,1.0,0,0,3,7,0,1957,0,98198,47.3904,-122.3,1740,12204
565000.0,4,2.5,2280,4602,2.0,0,0,3,8,0,2003,0,98075,47.5895,-122.019,2280,4193
144975.0,2,1.0,900,7500,1.0,0,0,3,5,0,1940,0,98198,47.4177,-122.319,1350,7500
225000.0,3,1.75,1580,8820,1.0,0,0,4,7,0,1967,0,98003,47.317,-122.325,1280,8500
269500.0,2,1.0,1140,74052,1.0,0,0,4,6,0,1968,0,98022,47.2093,-121.962,1730,43560
230000.0,3,1.75,1010,9600,1.0,0,0,5,7,0,1969,0,98042,47.3828,-122.09,1320,9600
305000.0,4,2.5,2280,3800,2.0,0,0,3,7,0,2006,0,98038,47.3586,-122.036,2630,4045
815000.0,4,2.25,2000,3800,2.0,0,0,3,8,0,2001,0,98115,47.6852,-122.311,1610,3800
909000.0,4,2.5,3680,11648,2.0,0,0,3,10,0,1986,0,98006,47.5604,-122.107,2830,11251
450000.0,4,1.5,1860,7808,1.0,0,0,3,7,780,1953,0,98125,47.7314,-122.3,1530,7884
260000.0,4,2.5,2360,9647,1.0,0,2,3,8,830,1964,0,98003,47.3367,-122.332,2580,9680
1400000.0,5,4.0,4700,22326,2.0,0,0,3,11,0,2002,0,98006,47.5417,-122.111,4730,27110
445000.0,4,1.75,2100,4400,1.5,0,0,5,7,380,1924,0,98118,47.5299,-122.266,1850,4400
619990.0,4,2.75,2630,4501,2.0,0,0,3,8,0,2015,0,98028,47.7748,-122.244,2380,4599
425000.0,3,1.0,1280,3200,1.5,0,0,3,7,0,1903,0,98122,47.6029,-122.307,1320,1676
530000.0,4,2.5,2050,6360,2.0,0,0,3,8,0,1988,0,98029,47.5641,-122.011,2070,7541
411000.0,4,2.75,2150,9915,1.0,0,0,5,8,910,1976,0,98056,47.5378,-122.17,1980,9325
394000.0,2,2.0,1750,2731,2.0,0,0,3,8,0,2012,0,98065,47.5169,-121.878,1650,2731
580000.0,3,2.75,2650,9752,1.0,0,0,3,9,0,1989,0,98028,47.768,-122.259,3030,9910
509007.0,3,1.75,1800,7620,1.0,0,0,3,8,450,1951,0,98177,47.7165,-122.361,1770,7620
1462500.0,5,3.25,3840,4800,3.0,0,3,3,10,1090,2008,0,98144,47.5929,-122.29,2060,4800
502700.0,4,3.5,2710,14016,2.0,0,0,4,8,0,1968,0,98155,47.7601,-122.286,1590,27903
210490.0,3,1.0,990,8528,1.0,0,0,3,6,0,1966,0,98023,47.3066,-122.371,1228,8840
930000.0,4,2.5,2200,4000,2.0,0,0,5,8,770,1908,0,98119,47.6402,-122.37,2100,4000
375900.0,6,1.5,2550,33740,1.0,0,0,4,8,800,1958,0,98023,47.3222,-122.362,2010,28200
150000.0,2,1.0,840,12750,1.0,0,0,3,6,0,1925,0,98055,47.484,-122.211,1480,6969
1150000.0,3,2.5,4190,9624,2.0,0,0,3,10,0,1999,0,98006,47.5642,-122.127,3650,8321
705000.0,2,2.5,2300,6400,1.0,0,0,3,8,0,2007,0,98053,47.7196,-122.02,2300,6400
258000.0,3,1.75,2270,9000,1.0,0,0,4,8,940,1978,0,98023,47.3077,-122.381,2090,8400
578000.0,4,2.5,3140,9225,1.0,0,2,5,9,1370,1966,0,98055,47.4904,-122.226,2460,9600
635500.0,3,2.0,1660,3600,1.0,0,0,3,7,660,1939,2006,98103,47.6789,-122.351,1700,4356
1565000.0,5,4.5,5220,67319,2.0,0,0,3,11,0,2001,0,98072,47.7666,-122.128,4190,40609
315000.0,3,2.5,1480,1590,2.0,0,0,3,8,330,2010,0,98106,47.5302,-122.362,1480,5761
332000.0,3,2.25,2120,14915,1.0,0,0,3,9,400,1979,0,98001,47.3524,-122.285,2320,13100
725000.0,6,3.0,3110,5000,1.5,0,0,5,7,1300,1921,0,98103,47.6631,-122.348,1600,4000
980000.0,5,4.0,3460,5400,2.0,0,0,3,10,630,2012,0,98056,47.5201,-122.204,1890,5400
289950.0,3,2.5,2099,4275,2.0,0,0,3,7,0,2010,0,98002,47.3521,-122.211,2099,4275
1350000.0,4,3.5,3600,5217,2.0,0,0,3,9,880,1947,2014,98112,47.6189,-122.286,2270,5217
505000.0,3,1.0,1020,5410,1.0,0,0,4,7,140,1928,0,98115,47.6924,-122.31,1580,5376
370000.0,3,1.0,1060,7419,1.0,0,2,4,6,0,1906,0,98177,47.7712,-122.392,2190,5953
330000.0,2,2.5,1240,1546,2.0,0,0,3,7,0,2007,0,98108,47.5634,-122.298,1520,2468
495000.0,2,2.25,1460,1623,2.0,0,0,3,8,200,2005,0,98115,47.6764,-122.301,1460,1137
272925.0,2,1.0,1280,5728,1.5,0,0,5,6,0,1941,0,98028,47.7477,-122.232,2480,9775
625000.0,3,2.0,1730,12219,1.0,0,0,4,7,0,1986,0,98004,47.5825,-122.189,2470,13594
308950.0,3,2.5,1600,6250,2.0,0,0,3,7,0,1995,0,98038,47.3675,-122.02,1760,6110
260000.0,3,2.0,1810,7209,1.0,0,0,4,7,570,1978,0,98032,47.3656,-122.278,1750,7209
1070000.0,3,3.0,2940,4622,2.0,0,0,4,9,710,1988,0,98105,47.6641,-122.293,1580,4000
594950.0,5,2.5,3280,6553,2.0,0,0,3,9,0,2012,0,98045,47.475,-121.737,3360,7242
704300.0,4,1.5,1790,4080,1.5,0,0,5,7,0,1928,0,98144,47.5749,-122.291,1710,4080
652450.0,3,2.25,2230,11835,1.0,0,0,5,8,600,1974,0,98006,47.563,-122.178,2190,10384
255000.0,4,2.5,1660,6724,2.0,0,0,3,7,0,2009,0,98001,47.259,-122.256,1544,6054
780000.0,3,1.0,1660,4400,1.5,0,0,3,8,200,1911,0,98112,47.6362,-122.302,1660,4400
1945000.0,4,4.0,4690,6900,2.0,0,0,3,11,1210,2001,0,98004,47.6165,-122.216,2800,11240
266000.0,3,2.5,1805,3402,2.0,0,0,3,7,0,2009,0,98002,47.3521,-122.212,2095,3402
395000.0,2,2.25,1620,1841,2.0,0,0,3,8,80,2004,0,98029,47.5483,-122.004,1530,1831
618250.0,4,3.25,2520,3360,1.5,0,0,4,8,970,1931,0,98115,47.6801,-122.315,1730,3360
130000.0,2,1.0,840,6654,1.0,0,0,3,7,0,1951,0,98133,47.7319,-122.335,1350,5831
235000.0,3,1.0,1050,7670,1.5,0,0,5,7,0,1955,0,98022,47.2046,-121.996,1220,7670
756450.0,4,2.0,3210,8400,1.5,0,0,5,7,1170,1914,0,98136,47.5322,-122.391,2540,6458
370000.0,3,1.0,800,2296,1.0,0,0,4,6,0,1908,0,98103,47.6546,-122.356,1480,1472
465000.0,3,2.25,1970,11088,1.0,0,0,4,8,790,1967,0,98155,47.7651,-122.277,1970,10470
740000.0,3,2.5,2710,18480,2.0,0,2,3,10,710,1978,0,98034,47.7256,-122.259,2710,18077
370000.0,3,2.5,1780,4050,2.0,0,0,3,7,0,2001,0,98155,47.7346,-122.308,1571,4976
1400000.0,3,3.25,3020,6073,2.0,0,0,4,9,0,1954,0,98112,47.6332,-122.29,3020,7700
1250000.0,3,3.0,3460,5353,2.0,0,0,3,10,610,2007,0,98116,47.5858,-122.393,2460,6325
275000.0,2,1.75,2090,11317,1.0,0,0,5,7,1000,1931,0,98188,47.4594,-122.279,1940,11317
813500.0,4,2.0,2530,15520,1.0,0,0,5,8,310,1964,0,98005,47.613,-122.167,2500,13300
440000.0,3,1.75,2000,9900,1.0,0,2,4,8,520,1957,0,98166,47.4436,-122.339,2310,10200
1003000.0,5,2.5,3150,50094,2.0,0,0,4,9,0,1969,0,98005,47.6387,-122.177,3600,48787
406000.0,3,1.0,960,5264,1.0,0,0,3,7,0,1953,0,98115,47.6805,-122.301,1140,5150
459950.0,5,2.75,3078,6371,2.0,0,0,3,9,0,2014,0,98042,47.3587,-122.163,1979,19030
738000.0,3,2.5,2620,9112,2.0,0,0,3,9,0,1995,0,98052,47.6972,-122.116,2620,9067
907687.0,4,2.5,3560,6786,2.0,0,0,3,9,630,2014,0,98075,47.5756,-122.071,3560,5886
787500.0,2,2.5,2390,6928,2.0,0,3,4,8,580,1949,1982,98146,47.5101,-122.391,2390,12852
440000.0,6,3.0,2510,5310,1.0,0,0,4,7,1050,1944,0,98108,47.5533,-122.304,1390,5407
978000.0,4,2.75,2620,13777,1.5,0,2,4,9,900,1926,0,98144,47.58,-122.285,3530,9287
250000.0,2,2.0,1130,5500,1.0,0,0,4,6,0,1941,0,98030,47.3839,-122.225,1320,6600
327000.0,4,1.0,1620,6000,1.5,0,0,5,7,0,1905,0,98055,47.4763,-122.206,1310,6000
719000.0,5,2.0,3110,6131,1.0,0,0,5,7,1550,1940,0,98118,47.5615,-122.279,1720,6600
397000.0,5,1.0,1170,6757,1.0,0,0,4,6,370,1944,0,98125,47.7332,-122.304,1590,6794
930000.0,3,2.5,3290,6830,2.0,0,0,3,10,0,2000,0,98052,47.6702,-122.142,3200,6227
724500.0,3,3.25,3240,4185,2.0,0,0,3,8,470,2011,0,98075,47.5794,-122.03,2660,4692
394000.0,4,2.5,3000,9793,2.0,0,0,3,7,0,2002,0,98038,47.3655,-122.028,1890,7557
560000.0,4,2.5,2280,9874,2.0,0,0,3,9,0,1989,0,98034,47.7099,-122.229,2670,9782
145000.0,3,1.0,1010,11880,1.0,0,0,3,7,0,1960,0,98030,47.3762,-122.219,1150,9435
345000.0,3,2.5,1620,5992,2.0,0,0,3,7,0,2001,0,98019,47.736,-121.965,1620,4644
805000.0,4,2.5,3450,33460,2.0,0,0,3,9,0,1997,0,98077,47.7673,-122.1,2820,35250
507000.0,3,2.25,2210,11585,1.0,0,0,4,7,700,1958,0,98155,47.7574,-122.279,1870,14092
485000.0,3,2.25,1570,8111,2.0,0,0,3,8,0,1984,0,98074,47.6324,-122.028,1990,7875
109500.0,2,1.0,800,10625,1.0,0,0,3,6,0,1942,0,98168,47.496,-122.317,1130,10625
425000.0,4,1.0,1260,7645,1.5,0,0,3,6,0,1925,0,98146,47.5044,-122.35,1170,7649
457500.0,3,2.25,1430,2003,2.0,0,0,3,8,450,1996,0,98144,47.5908,-122.292,2210,4000
968933.0,4,3.5,4120,7304,2.0,0,0,3,11,1050,2006,0,98033,47.681,-122.167,2470,9600
620000.0,4,2.5,1910,7683,2.0,0,0,3,8,0,1987,0,98027,47.5644,-122.092,1980,8485
500000.0,2,1.5,1760,12000,1.0,0,0,4,7,0,1964,0,98052,47.6288,-122.109,2200,12088
309000.0,3,1.0,1820,8142,1.0,0,0,3,7,780,1961,0,98168,47.505,-122.316,1820,8142
930000.0,3,3.25,2950,4446,2.0,0,0,3,9,500,2001,0,98116,47.5852,-122.391,1930,4255
235000.0,3,1.75,1950,8712,1.0,0,0,3,7,0,1960,0,98055,47.4391,-122.189,1820,11520
479950.0,2,2.25,1360,1336,3.0,0,0,3,8,0,2008,0,98107,47.6714,-122.392,1280,1295
204000.0,3,1.0,980,8000,1.0,0,0,4,6,0,1954,0,98198,47.42,-122.317,1240,8000
810000.0,3,2.5,3140,10983,2.0,0,0,3,10,0,1991,0,98075,47.5595,-122.04,3140,10983
250000.0,3,1.0,1460,10914,1.0,0,0,4,7,0,1959,0,98058,47.4511,-122.173,1490,8314
390000.0,3,2.5,2350,5100,2.0,0,0,3,8,0,2003,0,98038,47.3512,-122.008,2350,5363
375000.0,2,1.0,1010,4050,1.0,0,0,3,7,0,1950,0,98116,47.5838,-122.382,2310,5000
460000.0,3,1.75,1520,7700,1.0,0,0,3,7,700,1969,0,98034,47.7226,-122.219,1420,7674
815000.0,3,2.5,2590,21494,2.0,0,0,4,8,0,1991,0,98074,47.6139,-122.061,2590,10720
500000.0,3,2.5,1210,1200,3.0,0,0,3,8,0,2008,0,98103,47.6543,-122.345,1210,1200
399950.0,3,2.5,2570,10431,2.0,0,0,3,9,0,1989,0,98031,47.4188,-122.213,2590,10078
480000.0,3,2.5,2980,7338,2.0,0,0,3,8,0,2006,0,98055,47.437,-122.207,3010,5267
332500.0,3,1.0,1030,8164,1.0,0,0,4,7,0,1950,0,98133,47.7353,-122.334,1340,8164
575000.0,3,2.0,2150,3880,1.0,0,0,3,8,1070,1951,0,98117,47.6814,-122.392,2130,4000
276000.0,2,2.0,1480,6075,1.0,0,0,5,7,740,1919,0,98118,47.5317,-122.276,1230,6053
900000.0,3,3.0,2990,30869,2.0,0,0,3,10,0,1951,2003,98155,47.7602,-122.278,1750,15802
325000.0,3,2.5,1580,4698,2.0,0,0,3,7,0,1998,0,98038,47.3539,-122.025,2070,4698
550000.0,2,1.0,950,4080,1.0,0,0,4,7,0,1924,0,98117,47.6765,-122.384,1120,4080
299900.0,3,1.0,1110,8593,1.0,0,0,3,7,0,1979,0,98155,47.7595,-122.309,1780,8593
1184000.0,4,2.5,3200,7500,1.5,0,1,5,8,1340,1948,0,98115,47.6826,-122.274,2500,6500
410000.0,3,2.5,1830,2839,2.0,0,0,3,8,0,1999,0,98074,47.6022,-122.021,1830,3011
205000.0,3,1.5,1820,8585,1.0,0,0,4,7,0,1962,0,98055,47.4479,-122.213,1740,10088
435000.0,3,1.0,1050,5500,1.0,0,0,3,6,120,1920,0,98126,47.5402,-122.38,1410,5834
460000.0,3,1.75,1550,4708,1.0,0,0,4,7,690,1949,0,98115,47.6759,-122.286,1880,5600
425000.0,2,1.0,1670,6212,1.0,0,0,4,7,0,1947,0,98125,47.7152,-122.282,1670,7272
240000.0,3,2.25,1410,7290,1.0,0,0,3,7,470,1980,0,98118,47.5396,-122.274,1550,7375
1268890.0,5,3.25,4410,35192,2.0,0,2,3,12,530,1990,0,98072,47.7522,-122.13,4410,59677
970000.0,4,2.75,3980,9209,2.0,0,0,3,11,0,2002,0,98074,47.6286,-122.064,3800,9333
549000.0,4,1.75,1290,3060,2.0,0,0,4,7,0,1906,0,98103,47.6798,-122.348,1510,4080
236000.0,4,2.5,1630,3060,2.0,0,0,3,7,0,2003,0,98146,47.5072,-122.336,1270,4590
220000.0,3,1.0,1050,6300,1.0,0,0,3,6,0,1942,0,98146,47.5128,-122.374,740,6300
295000.0,4,1.0,980,3000,1.5,0,0,4,7,0,1914,0,98144,47.5892,-122.312,1525,3000
245000.0,3,1.75,1670,11452,1.0,0,2,3,8,0,1992,0,98022,47.1913,-122.015,1820,11152
400000.0,2,1.0,1270,7440,1.0,0,0,4,7,360,1949,0,98126,47.5285,-122.372,1040,7500
241250.0,3,1.75,1350,7588,1.0,0,0,3,7,0,1993,0,98010,47.3123,-122.023,1470,7341
250000.0,4,1.5,1220,4900,1.0,0,0,3,6,0,1942,0,98118,47.5292,-122.269,1410,3000
919000.0,4,2.5,3620,17133,1.0,0,4,3,10,1400,1993,0,98075,47.5604,-122.027,3530,17026
727000.0,3,2.25,2180,4200,1.5,0,0,5,8,660,1939,0,98112,47.6412,-122.302,1850,4200
400000.0,4,2.0,1350,7255,1.0,0,0,4,7,0,1959,0,98125,47.7287,-122.31,1050,7288
216300.0,3,2.5,1650,5000,2.0,0,0,3,8,0,1985,0,98023,47.3206,-122.394,1720,5000
1100000.0,3,2.75,2640,4050,1.5,0,0,5,8,890,1926,0,98112,47.6332,-122.281,1920,3600
353000.0,4,1.75,1780,9794,1.0,0,0,3,7,0,1967,0,98077,47.7419,-122.073,1160,9750
300000.0,4,3.0,1984,4419,2.0,0,0,3,7,0,2010,0,98002,47.3514,-122.213,2440,4418
281700.0,3,1.0,1570,8316,1.0,0,0,3,7,500,1962,0,98031,47.3943,-122.198,2030,8295
520000.0,3,2.25,2030,16200,2.0,0,0,3,8,0,1984,0,98027,47.5162,-122.057,2660,17958
645000.0,3,1.75,2340,6750,1.5,0,0,5,7,720,1914,0,98103,47.6956,-122.335,1410,3388
226740.0,3,1.5,1410,8800,1.0,0,0,4,7,0,1965,0,98092,47.2927,-122.183,2180,10108
600000.0,4,2.25,2840,31720,1.0,0,0,3,8,1060,1958,0,98177,47.7505,-122.375,2290,29577
710000.0,4,2.5,2870,11304,2.0,0,0,3,9,0,1980,0,98006,47.5547,-122.154,2690,9940
279000.0,2,1.0,670,6300,1.0,0,0,5,6,0,1942,0,98126,47.5161,-122.374,760,6300
959750.0,4,3.0,3060,50002,1.0,0,2,4,8,600,1957,0,98008,47.6205,-122.096,2740,16181
562500.0,4,2.5,2440,7322,2.0,0,0,3,9,0,1991,0,98056,47.5357,-122.179,2590,9927
215000.0,4,2.25,1500,5393,2.0,0,0,3,7,0,1999,0,98001,47.3378,-122.262,1500,5952
265000.0,3,1.0,1400,9460,1.0,0,0,3,7,340,1961,0,98168,47.5119,-122.321,1570,7700
329950.0,4,1.75,1740,7208,1.5,0,0,3,8,0,1976,0,98058,47.4483,-122.13,1680,7350
240000.0,2,1.75,1330,7200,1.0,0,0,3,7,0,1993,0,98188,47.4467,-122.281,1450,11682
705000.0,4,3.0,3150,9318,2.0,0,0,3,9,0,2001,0,98075,47.5959,-122.018,3150,9318
402101.0,2,0.75,1020,1350,2.0,0,0,3,7,0,2009,0,98144,47.5944,-122.299,1020,2007
449000.0,4,2.0,1560,5220,1.0,0,0,3,7,0,1959,0,98115,47.6905,-122.305,1300,5220
254000.0,3,1.0,1270,16800,1.0,0,0,4,7,0,1957,0,98188,47.4599,-122.276,1700,10200
220000.0,4,2.5,2130,9100,1.0,0,0,3,8,840,1978,0,98030,47.3815,-122.169,1770,7700
380000.0,3,2.5,1880,6047,2.0,0,0,3,8,0,1993,0,98038,47.3722,-122.044,2120,7188
814000.0,4,2.5,2840,8820,1.0,0,2,5,8,1420,1952,0,98118,47.5542,-122.265,2310,8750
335000.0,3,1.5,1900,7584,1.0,0,0,5,7,0,1962,0,98056,47.5091,-122.19,1410,7584
403000.0,3,1.75,1270,10790,1.0,0,0,3,7,0,1956,0,98033,47.6647,-122.177,1270,10790
490000.0,3,1.0,920,4800,1.0,0,0,4,6,140,1926,0,98117,47.6937,-122.362,1370,4800
720000.0,2,1.0,1370,9460,1.0,0,0,3,6,0,1950,0,98004,47.6238,-122.191,1690,9930
320000.0,5,2.5,3020,21441,1.0,0,0,4,8,1510,1978,0,98042,47.3392,-122.131,1610,16445
1839900.0,4,3.25,4140,11007,2.0,0,0,3,10,0,2013,0,98040,47.5707,-122.217,2150,9663
273500.0,4,1.0,1360,6000,1.0,0,0,4,6,340,1944,0,98168,47.4783,-122.285,1230,6000
826000.0,4,2.5,3060,7140,2.0,0,0,3,9,0,2006,0,98027,47.5393,-121.998,3240,6218
490000.0,4,2.25,1960,10275,2.0,0,0,3,7,0,1965,0,98052,47.6887,-122.124,1560,10275
229000.0,3,1.0,1370,56628,1.0,0,0,3,7,0,1942,0,98003,47.3058,-122.306,1768,8702
445000.0,4,2.0,1470,8395,1.0,0,0,4,7,0,1965,0,98008,47.631,-122.117,1760,7976
414950.0,3,2.5,1570,1551,3.0,0,0,3,8,0,2008,0,98103,47.6961,-122.341,1570,1705
260000.0,4,2.5,1960,5238,2.0,0,0,3,7,0,2003,0,98038,47.3483,-122.052,1800,5894
253000.0,3,1.0,1580,8240,1.0,0,0,4,7,540,1978,0,98030,47.3542,-122.181,1480,9200
767250.0,4,3.0,2170,2500,2.0,0,0,3,8,460,1997,0,98115,47.6742,-122.303,2170,4080
267000.0,3,2.25,2510,9900,1.0,0,0,3,8,900,1978,0,98023,47.2988,-122.374,1940,8510
549950.0,3,2.5,2380,2500,3.0,0,3,3,9,0,1988,0,98126,47.5734,-122.375,2270,5000
625000.0,3,1.5,1600,4128,1.5,0,0,3,8,350,1906,0,98122,47.6122,-122.297,1540,3976
810000.0,4,3.25,4140,46173,2.0,0,0,3,9,0,2007,0,98011,47.7647,-122.213,2060,43103
342000.0,3,3.0,1260,1634,3.0,0,0,3,8,0,1998,0,98103,47.697,-122.349,1260,1135
469000.0,3,3.25,1390,1278,2.0,0,0,3,8,250,2005,0,98107,47.6735,-122.375,1390,1256
705000.0,5,3.5,3250,4800,2.0,0,0,3,9,840,2010,0,98106,47.5618,-122.362,1330,4920
270000.0,3,2.25,1470,16728,1.0,0,0,4,7,120,1959,0,98168,47.4968,-122.302,1540,9000
1050000.0,4,3.25,4020,11588,2.0,0,0,3,11,0,2000,0,98059,47.5217,-122.155,3190,8066
595000.0,3,2.5,2660,10637,2.0,0,0,3,9,0,1991,0,98011,47.7383,-122.22,2590,8637
395000.0,3,1.5,1280,15028,1.0,0,0,3,7,0,1982,0,98074,47.6304,-122.035,1470,13698
355000.0,3,2.5,2400,9701,1.0,0,0,3,9,0,1990,0,98023,47.3081,-122.392,2400,8258
330000.0,4,2.25,2430,7490,2.0,0,0,3,8,0,1983,0,98058,47.4406,-122.139,2070,7469
1443920.0,4,3.0,3720,5000,2.5,0,0,5,9,1000,1905,0,98102,47.6282,-122.322,2610,5000
417500.0,3,1.0,1160,7491,1.0,0,0,4,6,0,1917,0,98177,47.7024,-122.359,1800,2267
680000.0,3,2.25,1820,8316,1.0,0,0,5,7,500,1960,0,98005,47.5849,-122.169,1780,8400
564000.0,4,1.0,1170,4590,1.5,0,0,4,7,0,1925,0,98115,47.6804,-122.311,1430,4080
585000.0,4,2.5,1860,8117,1.0,0,0,4,8,400,1966,0,98008,47.6228,-122.104,2040,8199
238000.0,3,1.5,1370,7439,1.0,0,0,4,6,0,1963,0,98055,47.4499,-122.189,2350,3370
304000.0,4,2.0,1310,8454,1.0,0,0,4,7,0,1953,0,98155,47.7572,-122.318,1320,8274
700000.0,9,3.0,3680,4400,2.0,0,0,3,7,850,1908,0,98102,47.6374,-122.324,1960,2450
230000.0,2,1.0,1280,4635,1.0,0,0,3,6,440,1917,0,98118,47.5532,-122.28,1660,6180
775000.0,4,3.5,4130,77832,2.0,0,2,3,10,0,2011,0,98042,47.3229,-122.045,4130,87476
864000.0,4,1.75,2260,6600,1.0,0,0,5,8,1040,1948,0,98115,47.6753,-122.278,2240,6600
225000.0,3,1.5,1390,12500,1.0,0,0,4,6,0,1976,0,98014,47.6496,-121.908,1390,9000
614285.0,5,2.75,2730,6401,2.0,0,0,3,8,0,2015,0,98072,47.7685,-122.16,2520,6126
167000.0,3,1.5,1280,5547,2.0,0,0,4,6,0,1985,0,98002,47.3344,-122.215,1150,4500
200000.0,4,1.0,1350,11507,1.0,0,0,3,7,0,1966,0,98055,47.4269,-122.197,1320,25675
604950.0,3,2.5,2110,5608,1.0,0,0,3,8,770,2013,0,98033,47.6743,-122.184,2040,9363
599500.0,4,2.25,2020,10260,2.0,0,0,4,7,0,1984,0,98052,47.6801,-122.114,2020,10311
930000.0,3,3.25,2640,4080,2.0,0,0,3,9,800,1912,2000,98105,47.6636,-122.326,1990,4080
824000.0,2,1.0,1210,8400,1.0,0,0,3,8,430,2000,0,98199,47.6503,-122.393,1860,6000
280000.0,2,1.75,1960,30144,1.0,0,0,3,7,980,1957,0,98031,47.4234,-122.212,1960,10140
480000.0,2,2.0,1350,4220,1.0,0,0,3,8,0,2004,0,98053,47.718,-122.034,1350,4409
214000.0,3,1.0,1200,8316,1.0,0,0,4,6,0,1953,0,98002,47.3221,-122.215,1200,8316
1135250.0,5,4.0,7320,217800,2.0,0,0,3,11,0,1992,0,98058,47.4473,-122.086,3270,34500
738000.0,3,1.75,1520,5500,1.5,0,0,5,7,0,1936,0,98116,47.5839,-122.383,2310,5500
434900.0,3,2.0,1520,5040,2.0,0,0,3,7,0,1977,2006,98177,47.777,-122.362,1860,8710
484000.0,1,0.0,690,23244,1.0,0,0,4,7,0,1948,0,98053,47.6429,-121.955,1690,19290
615000.0,3,2.5,1910,3427,2.0,0,0,3,8,0,2001,0,98052,47.6324,-122.11,2240,3720
345000.0,3,1.75,1380,10529,1.0,0,0,3,7,0,1967,0,98034,47.7119,-122.233,1670,5694
400000.0,2,2.0,2010,3797,1.5,0,0,3,7,560,1922,2004,98108,47.5596,-122.315,1660,4650
225000.0,5,1.5,1790,11656,2.0,0,0,3,7,0,1963,0,98198,47.3961,-122.308,2040,9790
716000.0,4,2.25,2480,9780,1.0,0,0,4,8,580,1975,0,98052,47.6388,-122.099,2640,9780
990000.0,3,3.25,2460,4182,2.0,0,0,5,8,360,1910,0,98115,47.6782,-122.311,2370,4284
689000.0,2,1.75,2330,10143,1.0,0,2,4,7,1110,1953,0,98146,47.4899,-122.359,2560,9750
825000.0,3,3.5,2670,3000,2.0,0,0,3,9,800,2014,0,98117,47.6813,-122.372,1750,5000
750000.0,3,1.75,2240,10578,2.0,0,0,5,8,690,1923,0,98115,47.6954,-122.292,1570,10578
525000.0,4,2.75,2530,11549,1.0,0,0,3,7,830,1942,0,98033,47.6557,-122.197,2530,10000
997000.0,4,3.5,3430,13609,2.0,0,0,3,11,0,2001,0,98059,47.5196,-122.151,3880,11614
635000.0,6,2.5,3880,5700,2.0,0,0,3,7,0,2003,0,98053,47.6816,-122.038,2620,5070
325000.0,2,1.0,810,6827,1.0,0,0,3,6,0,1944,0,98106,47.5495,-122.357,990,6827
785000.0,3,2.75,2310,5200,1.0,0,0,4,7,790,1940,0,98199,47.6357,-122.397,2310,5200
210000.0,3,1.0,1080,21043,1.0,0,0,3,6,0,1942,0,98106,47.5515,-122.357,1380,7620
355000.0,3,2.25,1370,1524,3.0,0,0,3,8,0,2005,0,98103,47.6982,-122.347,1370,1418
660000.0,3,2.5,2450,4332,2.0,0,0,3,8,0,2010,0,98053,47.6942,-122.016,2450,4154
323000.0,4,2.75,2230,50094,1.0,0,2,4,7,900,1977,0,98092,47.2576,-122.099,2230,40770
459000.0,3,2.0,1480,800,2.0,0,0,3,8,480,2014,0,98136,47.5492,-122.387,1480,886
549900.0,5,3.0,3800,42316,1.5,0,0,4,9,0,1984,0,98042,47.3488,-122.095,2580,35775
413900.0,4,2.25,1770,5236,2.0,0,0,3,7,0,2007,0,98056,47.5137,-122.189,2470,5064
738515.0,5,2.75,3360,9200,2.0,0,0,3,9,0,2014,0,98011,47.7754,-122.173,3360,9713
402000.0,3,2.5,1520,3425,2.0,0,0,3,7,0,1986,0,98052,47.6801,-122.161,1640,3425
183500.0,3,1.0,1040,8892,1.0,0,0,4,6,240,1958,0,98023,47.3273,-122.349,820,9000
252500.0,3,1.0,1030,6127,1.0,0,0,3,7,150,1947,0,98125,47.7192,-122.32,1610,6127
352000.0,4,1.5,1440,8680,1.5,0,0,3,7,0,1922,0,98178,47.502,-122.228,1440,9000
591000.0,3,2.0,1460,3600,2.0,0,0,3,7,0,1902,0,98122,47.6123,-122.314,1590,1210
210000.0,2,0.75,840,49658,1.0,0,0,2,6,0,1948,0,98168,47.4727,-122.292,1240,11000
437000.0,3,1.75,1310,9282,1.0,0,0,4,7,0,1976,0,98052,47.6844,-122.111,1310,8748
635250.0,3,2.25,2210,22040,1.0,0,0,5,8,700,1976,0,98004,47.5904,-122.194,2470,14258
540000.0,3,2.5,1670,5146,2.0,0,0,3,8,0,1991,0,98029,47.5707,-121.999,1940,5146
270000.0,3,2.5,1690,7165,2.0,0,0,4,7,0,1992,0,98038,47.3498,-122.058,1410,8590
250000.0,4,2.0,2130,8400,1.0,0,0,3,7,780,1962,0,98031,47.4133,-122.209,1550,8596
450000.0,3,2.5,2910,17172,2.0,0,0,3,10,0,1989,0,98003,47.2789,-122.331,2910,20048
172500.0,3,1.0,1040,7500,1.0,0,0,4,6,0,1954,0,98198,47.4206,-122.316,1270,8000
317950.0,3,2.5,1980,4500,2.0,0,0,3,7,0,2012,0,98042,47.3671,-122.113,2200,4500
802000.0,2,2.5,2210,6327,1.0,0,0,3,8,0,2003,0,98053,47.7114,-122.03,2170,6327
599000.0,4,2.5,2790,230868,2.0,0,0,3,8,0,1989,0,98077,47.7647,-122.019,1590,217800
199900.0,4,1.75,1790,12000,1.0,0,0,5,6,0,1944,0,98001,47.2664,-122.256,1550,9840
250750.0,5,1.75,2140,12058,1.0,0,0,4,8,0,1951,0,98002,47.3167,-122.214,1640,10125
698000.0,3,2.5,2580,4636,2.0,0,0,3,9,0,2006,0,98074,47.6201,-122.025,2480,4500
515000.0,4,2.5,2800,21370,2.0,0,0,3,8,0,2003,0,98028,47.776,-122.246,1880,9336
732000.0,3,3.75,2670,6517,2.5,0,4,4,8,650,1977,0,98126,47.5702,-122.38,2010,6073
294900.0,3,2.5,1860,5025,2.0,0,0,3,8,0,2010,0,98038,47.3557,-122.059,2000,5550
399950.0,3,2.5,1230,922,2.0,0,0,3,8,150,2009,0,98199,47.6518,-122.384,1230,1237
425000.0,3,2.5,1950,4345,2.0,0,0,3,7,0,2007,0,98065,47.5202,-121.873,2260,4345
475000.0,3,1.0,1600,7161,1.0,0,0,3,8,0,1953,0,98118,47.5507,-122.261,1760,8280
335000.0,3,3.0,2031,7702,2.0,0,0,3,9,0,1988,0,98023,47.3058,-122.348,2390,7700
439500.0,4,1.0,1360,5500,1.5,0,0,3,7,0,1950,0,98115,47.6878,-122.285,1530,5790
349950.0,2,1.0,1050,6317,1.5,0,0,4,7,0,1913,0,98019,47.7364,-121.981,1600,9616
525000.0,4,2.25,1580,7307,1.0,0,0,3,8,420,1973,0,98027,47.569,-122.086,2020,7458
829000.0,3,2.75,2690,10443,1.0,0,0,3,9,0,2007,0,98053,47.7185,-122.024,1440,4185
1325000.0,3,2.5,3590,8400,1.0,0,0,3,9,640,1958,2007,98005,47.595,-122.173,1620,7875
290000.0,3,1.75,1710,10950,1.0,0,0,3,7,650,1967,0,98045,47.4678,-121.745,1180,10950
421500.0,3,1.5,990,4500,1.0,0,0,5,7,0,1948,0,98122,47.6051,-122.298,1490,4000
474950.0,5,2.5,2080,8347,1.0,0,0,4,7,620,1975,0,98034,47.7334,-122.168,1840,7713
1555000.0,5,2.5,2870,16238,2.0,0,0,4,8,0,1962,0,98039,47.6308,-122.238,2870,16238
395000.0,2,1.0,700,7457,1.0,0,0,3,6,0,1943,0,98108,47.5348,-122.295,1500,7130
455000.0,3,2.5,1600,7829,2.0,0,0,3,7,0,1987,0,98034,47.7288,-122.227,1580,9104
550000.0,4,1.75,2150,9000,1.0,0,0,4,7,1040,1966,0,98052,47.6812,-122.113,2040,9000
345000.0,3,2.5,1360,1489,2.0,0,0,3,8,0,2007,0,98126,47.549,-122.372,1360,1688
959000.0,3,2.5,2830,3750,3.0,0,0,3,10,0,2014,0,98117,47.6799,-122.385,1780,5000
290000.0,3,1.0,1470,8200,1.0,0,0,3,7,430,1953,0,98155,47.7347,-122.302,1420,8200
850000.0,6,3.5,2820,5400,1.0,0,0,3,8,1200,1958,0,98117,47.6791,-122.374,1560,2276
695000.0,4,3.5,3530,7202,2.0,0,0,3,9,870,2000,0,98177,47.7339,-122.36,2810,8100
495000.0,4,3.5,2490,18042,2.0,0,0,3,8,0,2003,0,98070,47.4161,-122.441,1960,21107
194000.0,3,1.75,1260,10488,1.0,0,0,2,7,150,1952,0,98106,47.5417,-122.357,1540,9120
379950.0,4,2.5,2680,4500,2.0,0,0,3,8,0,2011,0,98038,47.3561,-122.056,2010,4500
330000.0,3,1.0,1070,10563,1.0,0,0,3,7,0,1969,0,98072,47.7687,-122.166,1840,9638
350000.0,5,1.75,2330,14322,1.0,0,0,4,7,1150,1968,0,98059,47.4768,-122.155,1690,10010
257500.0,3,1.75,1530,14087,1.0,0,0,3,7,460,1979,0,98042,47.3146,-122.043,1770,13660
530000.0,3,2.25,2160,8114,1.0,0,0,3,8,700,1960,0,98133,47.7176,-122.35,2160,8000
334200.0,3,1.75,1410,45302,1.0,0,0,3,7,0,1980,0,98019,47.7077,-121.914,2240,49222
305000.0,3,1.0,1150,9048,1.0,0,0,2,7,0,1922,0,98033,47.6755,-122.177,1550,8207
675000.0,4,2.0,1890,5188,1.5,0,0,4,7,220,1940,0,98105,47.6633,-122.287,1800,4848
128000.0,3,1.0,1400,9690,1.0,0,0,3,7,0,1969,0,98023,47.3201,-122.398,1280,9600
300000.0,3,1.75,1450,7620,1.0,0,0,4,7,400,1955,0,98166,47.4569,-122.354,1380,7620
324360.0,3,2.5,2000,9669,2.0,0,0,4,8,0,1992,0,98022,47.1964,-122.009,1930,9202
595000.0,3,1.75,2060,3600,1.5,0,0,3,7,880,1905,1985,98119,47.6389,-122.371,1730,2475
245000.0,3,2.25,1350,6775,1.0,0,0,3,7,420,1981,0,98032,47.3593,-122.289,1460,7210
597000.0,2,1.75,2470,4600,1.0,0,3,4,7,1330,1916,0,98126,47.5599,-122.378,1790,5175
2200000.0,4,3.75,3790,7200,2.0,0,0,3,10,1260,1931,0,98112,47.6264,-122.289,3250,7200
340000.0,4,2.5,2810,6481,2.0,0,0,3,9,0,1998,0,98092,47.333,-122.172,2660,6958
515000.0,2,1.0,970,3300,1.0,0,0,4,7,0,1916,0,98103,47.6609,-122.343,1060,3600
1175000.0,4,2.0,2590,7220,2.0,0,2,4,10,0,1930,0,98199,47.647,-122.41,2530,6380
873000.0,3,2.25,2720,54450,2.0,0,0,3,11,0,1997,0,98027,47.5473,-122.092,3170,60548
282000.0,4,2.0,1890,6302,2.0,0,0,3,7,0,1997,0,98030,47.3846,-122.205,1690,5369
356500.0,4,2.5,2570,11473,2.0,0,0,3,8,0,2008,0,98003,47.2809,-122.296,2430,5997
360000.0,4,2.5,1840,9611,2.0,0,0,3,7,0,1996,0,98178,47.4964,-122.251,1830,8505
218000.0,4,1.0,1640,10455,1.0,0,0,3,7,690,1963,0,98023,47.2974,-122.366,1360,9750
525000.0,3,2.25,2040,435600,2.0,0,2,4,7,0,1983,0,98022,47.2328,-121.945,2020,223027
275000.0,3,2.5,1730,5799,2.0,0,0,4,7,0,1987,0,98030,47.3499,-122.177,1710,6490
1850000.0,4,3.25,4160,10335,2.0,0,0,3,10,0,2014,0,98004,47.6235,-122.192,1840,10333
684680.0,4,2.25,2370,9360,2.0,0,0,4,8,0,1979,0,98052,47.6518,-122.123,2370,9720
416000.0,4,1.75,1980,7840,1.0,0,0,4,7,990,1961,0,98008,47.6226,-122.115,1520,8400
215000.0,3,1.75,1210,8075,1.0,0,0,4,6,0,1983,0,98001,47.2666,-122.254,1310,8025
450000.0,3,1.0,1100,4600,1.0,0,0,3,7,0,1917,0,98116,47.5686,-122.385,1200,5175
1250000.0,3,3.0,3760,8500,2.5,0,3,4,10,700,1910,0,98116,47.5815,-122.398,2610,5500
330000.0,3,1.0,1160,7912,1.0,0,0,4,7,0,1956,0,98125,47.7336,-122.306,1190,7482
827500.0,3,2.5,1810,7200,1.0,0,0,5,7,500,1960,0,98033,47.6885,-122.211,2050,7200
546000.0,2,1.0,1200,12856,1.0,0,0,4,6,0,1948,0,98027,47.5321,-122.034,1740,6098
1750000.0,4,3.25,3460,7749,2.0,0,1,3,10,440,1950,1998,98115,47.6849,-122.273,3030,8680
315000.0,3,1.75,1680,7250,1.0,0,0,3,7,750,1952,0,98133,47.7201,-122.35,1340,7250
336950.0,3,1.75,2310,7680,1.0,0,0,4,8,900,1978,0,98032,47.3743,-122.285,2080,7680
265000.0,6,2.5,2000,7650,1.5,0,0,4,7,210,1960,0,98032,47.3841,-122.288,1710,7650
535000.0,3,2.5,1720,4006,2.0,0,0,3,8,0,1994,0,98029,47.569,-122.007,1780,3974
805000.0,5,3.0,2350,6480,2.0,0,3,4,7,700,1924,1962,98118,47.558,-122.266,1840,7200
640000.0,4,1.75,2020,16120,1.0,0,0,3,7,0,1969,0,98010,47.3413,-122.048,1940,16350
304500.0,3,2.25,1790,6930,1.0,0,0,3,7,400,1974,0,98003,47.3536,-122.317,1810,7420
475000.0,4,2.5,2320,10046,2.0,0,0,3,7,0,2006,0,98065,47.5406,-121.887,2320,5253
416286.0,3,2.5,1408,989,3.0,0,0,3,8,0,2005,0,98115,47.6856,-122.315,1408,1342
207000.0,3,1.0,1080,10200,1.0,0,0,4,7,0,1962,0,98023,47.3215,-122.351,1230,10400
445500.0,3,1.75,1880,9360,1.0,0,0,4,7,940,1941,0,98125,47.7131,-122.283,1390,7200
600000.0,4,2.5,2070,8127,1.5,0,0,3,9,480,1924,2003,98125,47.7316,-122.289,2050,8131
198000.0,3,1.0,860,5185,1.0,0,0,4,6,0,1968,0,98042,47.3634,-122.086,1120,5494
275000.0,3,1.5,1240,9125,1.0,0,0,4,7,0,1967,0,98058,47.4469,-122.155,1670,9125
250000.0,2,1.5,1160,1086,2.0,0,0,3,7,270,2006,0,98155,47.768,-122.315,1160,1086
1170000.0,5,2.75,3090,12031,1.0,0,0,5,9,1490,1968,0,98040,47.5342,-122.226,2280,10800
499990.0,3,1.75,1630,8400,1.0,0,0,4,7,570,1955,0,98007,47.5983,-122.149,1630,7245
464950.0,3,1.5,1200,890,2.0,0,0,3,8,170,2008,0,98109,47.6384,-122.342,1230,2120
390000.0,4,1.75,1910,77574,1.0,0,0,4,8,0,1971,0,98042,47.3932,-122.12,2130,37026
182700.0,3,2.25,1740,6650,1.0,0,0,3,7,500,1978,0,98023,47.2979,-122.379,1740,7000
650000.0,4,2.5,2630,28298,2.0,0,0,3,8,0,1996,0,98053,47.6314,-121.968,2840,26071
304000.0,2,1.5,950,676,2.0,0,0,3,7,100,2003,0,98144,47.6005,-122.306,950,1280
599000.0,5,3.25,2590,6180,1.0,0,0,3,7,1260,1960,0,98118,47.551,-122.272,1560,6180
640000.0,3,1.75,1680,8100,1.0,0,2,3,8,0,1950,0,98177,47.7212,-122.364,1880,7750
352000.0,3,1.75,1260,7200,1.0,0,0,3,7,0,1971,0,98034,47.7189,-122.178,1460,7200
300000.0,2,1.0,1220,75794,1.0,0,0,4,7,0,1963,0,98038,47.4219,-122.007,2010,98010
630000.0,3,1.75,1710,8767,1.0,0,0,4,8,0,1986,0,98033,47.6945,-122.188,2050,9200
405000.0,3,1.75,2390,6000,1.0,0,0,3,6,1150,1908,0,98118,47.5362,-122.268,2020,6000
296000.0,4,2.5,1780,3600,2.0,0,0,3,7,0,2006,0,98038,47.3665,-122.017,2020,3802
175000.0,1,1.0,620,8685,1.0,0,0,4,5,0,1976,0,98198,47.4095,-122.29,1300,12150
307000.0,3,1.0,1150,6000,1.5,0,0,3,7,0,1927,0,98045,47.4963,-121.787,1210,7700
315000.0,3,2.25,2200,8750,1.0,0,0,4,7,1080,1964,0,98166,47.476,-122.337,1460,10139
265000.0,2,1.0,820,8423,1.0,0,2,3,6,0,1957,0,98055,47.4741,-122.2,1960,9140
405000.0,3,1.0,1330,15678,1.0,0,0,3,7,430,1984,0,98074,47.6355,-122.037,1330,12696
365000.0,3,1.5,1640,8301,1.0,0,0,3,7,350,1958,0,98155,47.7443,-122.327,1640,8955
358000.0,4,2.75,2580,11900,1.0,0,0,4,7,960,1967,0,98058,47.4475,-122.159,1570,9375
607000.0,4,2.0,1490,4054,1.5,0,0,5,7,0,1926,0,98115,47.6744,-122.301,1510,3889
386900.0,3,1.0,1330,10500,1.0,0,0,3,7,370,1963,0,98034,47.7204,-122.196,1460,11550
620000.0,5,2.5,2540,3832,2.0,0,0,5,8,780,1929,0,98117,47.6848,-122.398,2000,5289
850000.0,4,2.5,2900,9972,2.0,0,0,3,9,0,1993,0,98006,47.5536,-122.121,2901,8567
566000.0,4,1.75,1900,10297,1.0,0,0,4,8,0,1966,0,98005,47.5944,-122.155,2220,9612
535800.0,4,2.5,1900,5790,2.0,0,0,3,8,0,1994,0,98029,47.5691,-121.996,2030,5790
310000.0,2,2.5,1090,923,2.0,0,0,3,7,0,2004,0,98027,47.5347,-122.071,1410,1326
1795000.0,5,2.75,2880,20274,1.0,0,3,4,9,1220,1959,0,98004,47.6267,-122.222,3750,20220
320000.0,4,1.75,1760,11180,1.0,0,0,4,8,0,1968,0,98059,47.4715,-122.118,1730,11180
330000.0,4,2.0,1590,9100,1.0,0,0,3,7,550,1967,2014,98058,47.4465,-122.156,1670,9100
559630.0,4,2.5,3370,4934,2.0,0,0,3,9,0,2014,0,98038,47.3562,-122.022,2980,5046
319950.0,4,1.75,2310,8045,1.0,0,0,4,7,660,1976,0,98058,47.4569,-122.165,1790,8086
230000.0,3,1.75,1260,10164,1.0,0,0,4,6,0,1964,0,98059,47.4752,-122.133,1190,10640
1000000.0,4,2.75,3090,16538,3.0,0,0,4,8,500,1919,1987,98116,47.5803,-122.403,1500,5130
315000.0,2,1.0,840,5087,1.0,0,0,3,7,0,1925,0,98118,47.5557,-122.278,1590,5087
306000.0,2,1.0,780,13500,1.0,0,0,4,7,0,1946,1989,98077,47.7383,-122.074,2200,67518
297950.0,3,2.0,1390,5127,1.0,0,0,3,8,0,1990,0,98055,47.4504,-122.206,1960,5019
555000.0,3,3.0,2920,23085,1.5,0,2,3,7,1380,1908,0,98136,47.5159,-122.395,2270,18180
403500.0,3,1.0,1830,8004,1.0,0,0,3,8,630,1960,0,98125,47.7259,-122.297,1860,7971
493000.0,6,1.75,2120,3801,1.5,0,0,4,7,900,1925,0,98115,47.6832,-122.311,1850,4181
430000.0,2,1.5,1320,1194,3.0,0,0,3,7,0,2001,0,98107,47.6704,-122.39,1320,1250
370000.0,3,1.75,1580,7000,1.0,0,0,3,7,400,1976,0,98034,47.7209,-122.168,1640,7500
546000.0,3,2.5,1530,3464,2.0,0,0,3,8,0,1998,0,98007,47.6179,-122.141,1530,3446
595000.0,2,1.75,1280,8500,1.0,0,0,3,7,0,1953,2010,98033,47.6553,-122.19,1950,10356
585000.0,3,1.5,2230,6000,1.0,0,1,3,8,970,1968,0,98136,47.5373,-122.395,2120,7200
1050000.0,4,1.0,1330,9729,1.0,0,0,3,6,0,1952,0,98004,47.6223,-122.208,2920,10353
385000.0,3,1.75,1800,18000,1.0,0,0,3,8,600,1968,0,98058,47.4406,-122.146,1800,18000
535000.0,4,2.0,1970,3515,1.0,0,0,5,8,940,1969,0,98115,47.6873,-122.314,1650,4275
315000.0,3,1.75,1410,15134,1.0,0,0,3,7,0,1980,0,98014,47.6931,-121.921,1770,15337
980000.0,4,1.75,2120,4000,1.5,0,0,4,8,200,1929,0,98105,47.6601,-122.275,2300,4000
189950.0,4,2.0,1910,4225,1.0,0,0,4,6,1000,1919,0,98001,47.3084,-122.234,1060,4800
359500.0,4,2.75,2140,10316,2.0,0,0,3,8,0,1993,0,98001,47.3537,-122.274,1920,11337
445000.0,2,1.0,930,7740,1.0,0,0,1,5,0,1932,0,98148,47.4611,-122.324,1620,8584
418000.0,3,1.75,1670,12075,1.0,0,0,3,7,300,1958,0,98155,47.7681,-122.307,1800,12123
770000.0,3,1.75,1720,5000,1.0,0,0,3,9,0,1954,2014,98122,47.6157,-122.29,2120,4188
331000.0,3,1.75,1080,1306,1.0,0,0,3,7,500,1954,2003,98199,47.6601,-122.4,1440,2225
565000.0,3,1.0,1610,4108,1.5,0,0,5,7,0,1928,0,98126,47.5704,-122.376,1680,4467
415000.0,4,2.5,2210,213008,1.0,0,0,4,7,1000,1975,0,98038,47.4039,-121.98,2270,52707
315000.0,3,2.5,1660,10763,2.0,0,0,3,7,0,1994,0,98038,47.3812,-122.029,2010,7983
940000.0,4,2.75,2080,4000,1.5,0,0,3,8,0,1912,2000,98107,47.6737,-122.358,1730,5000
473000.0,2,1.0,940,4000,1.0,0,0,3,6,220,1942,0,98199,47.6488,-122.385,1180,6000
680000.0,3,1.75,1660,5750,1.0,0,0,4,7,580,1909,0,98116,47.5843,-122.385,2060,5560
505000.0,2,1.0,1240,57000,1.0,0,0,3,7,0,1962,0,98075,47.597,-122.059,3050,25545
329950.0,3,1.75,2080,5969,1.0,0,2,3,7,1000,1971,0,98108,47.5474,-122.295,2090,5500
295000.0,3,1.75,1060,8100,2.0,0,0,4,7,0,1983,0,98038,47.3617,-122.047,1410,8100
535000.0,2,1.0,1030,4841,1.0,0,0,3,7,110,1939,0,98103,47.686,-122.341,1530,4944
229000.0,3,1.0,1010,12705,1.0,0,0,4,7,0,1959,0,98003,47.3348,-122.303,1490,10200
2195000.0,5,3.25,5210,35765,2.5,0,4,5,10,270,1911,0,98136,47.5463,-122.397,2590,10250
258750.0,4,2.0,2300,8400,1.0,0,0,4,6,1150,1962,0,98003,47.3282,-122.332,1230,8400
395300.0,3,1.5,1120,7000,1.0,0,0,3,7,0,1955,0,98007,47.5987,-122.146,1470,7950
264950.0,3,1.5,1400,10853,1.0,0,0,4,7,0,1964,0,98055,47.4433,-122.194,1620,10849
487000.0,2,1.5,1160,1118,2.0,0,0,3,8,140,2007,0,98117,47.6754,-122.375,1210,1118
850000.0,3,3.5,3070,7050,1.0,0,3,3,8,1500,1928,1996,98125,47.7076,-122.276,2350,5881
950000.0,3,1.0,1720,9830,1.0,0,0,4,7,0,1946,0,98040,47.5905,-122.245,3200,8923
490000.0,3,2.5,2040,9622,2.0,0,0,3,8,0,1995,0,98045,47.4833,-121.8,2390,9868
542000.0,4,1.0,1540,5000,1.5,0,0,4,7,450,1922,0,98115,47.6754,-122.294,1590,5000
590300.0,3,1.5,1470,7200,2.0,0,0,4,7,0,1907,0,98118,47.5602,-122.28,1530,7200
560000.0,4,2.25,2550,7800,1.0,0,0,3,8,970,1968,0,98052,47.6283,-122.095,2420,8050
695000.0,3,3.75,2380,3600,1.5,0,0,3,7,690,1927,0,98112,47.6374,-122.307,1990,3520
263500.0,3,1.75,1330,9917,1.0,0,0,3,7,290,1981,0,98058,47.4478,-122.161,1330,9081
1600000.0,3,2.5,2850,19593,1.5,1,4,3,10,1060,1978,0,98008,47.5894,-122.111,2850,18782
365000.0,3,1.75,1830,17349,1.0,0,0,3,8,600,1977,0,98072,47.7427,-122.109,1840,11694
507500.0,3,1.75,1990,9594,1.0,0,0,3,8,800,1977,0,98052,47.6617,-122.137,1930,9765
420000.0,6,3.0,2290,6344,2.0,0,0,3,7,0,1980,0,98126,47.565,-122.37,1360,3202
455000.0,3,1.5,1250,8004,1.0,0,0,3,7,0,1965,0,98008,47.6285,-122.117,1450,7931
828950.0,4,3.5,3930,5680,2.0,0,1,3,9,1110,2013,0,98027,47.5528,-122.076,3700,5816
990000.0,3,1.75,1810,24586,1.0,0,4,4,9,880,1983,0,98040,47.5314,-122.222,3540,14200
450000.0,2,1.5,1450,2550,1.0,0,0,3,7,630,1984,0,98103,47.6911,-122.348,1450,5100
225000.0,3,2.5,2170,11745,1.0,0,0,4,7,760,1967,0,98058,47.4342,-122.17,1860,8643
1565000.0,4,3.5,5370,323215,2.0,0,0,3,10,0,2002,0,98075,47.6003,-122.076,3780,9891
850000.0,5,3.5,3450,28324,1.0,0,0,5,8,1100,1972,0,98033,47.6991,-122.196,2640,14978
365500.0,2,1.0,1140,15624,1.0,0,0,4,6,0,1909,0,98177,47.7673,-122.367,2110,15493
300000.0,3,2.5,2080,9827,2.0,0,0,3,8,0,1989,0,98023,47.3058,-122.394,2660,9861
239000.0,2,2.0,1470,2052,1.5,0,0,3,7,0,1986,0,98003,47.3086,-122.328,1470,2052
952000.0,2,1.75,3490,88909,1.0,0,3,3,10,1170,1980,0,98006,47.5462,-122.112,3490,40185
425000.0,2,1.0,1430,13300,1.5,0,0,3,6,200,1921,0,98033,47.6996,-122.203,1950,11421
410000.0,3,2.25,1450,19206,2.0,0,0,3,7,0,1989,0,98074,47.62,-122.052,1710,21485
446800.0,4,2.0,2410,8712,1.0,0,0,3,7,1150,1958,0,98144,47.5729,-122.302,2220,6038
1260000.0,2,1.5,2700,7225,1.5,0,4,3,8,1040,1910,2008,98116,47.5892,-122.383,2970,5150
1550000.0,4,4.0,5280,17677,2.0,0,3,3,11,2060,1978,0,98040,47.5323,-122.238,3470,17474
240000.0,3,2.5,1520,9864,1.0,0,0,3,7,360,1993,0,98092,47.3186,-122.171,1580,7425
1320000.0,3,2.75,2680,20104,1.0,0,0,5,9,860,1964,0,98039,47.6304,-122.234,3060,19837
924000.0,3,1.5,2200,5000,1.5,0,0,3,9,0,1932,0,98199,47.6404,-122.408,2860,5000
431000.0,2,1.5,1300,4000,1.5,0,0,4,6,0,1900,0,98144,47.5937,-122.301,1480,4000
263000.0,3,1.75,1580,9187,1.0,0,0,3,8,400,1993,0,98038,47.3538,-122.047,1620,6397
890000.0,4,2.25,2770,13500,2.0,0,0,3,8,0,1974,0,98040,47.543,-122.231,2300,13500
587450.0,3,2.25,2190,8775,1.5,0,1,4,8,0,1927,0,98125,47.7303,-122.287,1910,8145
475000.0,3,2.5,2160,35912,2.0,0,0,3,8,0,1982,0,98077,47.7273,-122.083,2230,35244
590000.0,5,1.0,1840,6710,1.5,0,0,3,7,0,1920,0,98126,47.5686,-122.378,1410,4880
562000.0,4,2.25,2170,7007,1.0,0,0,3,8,630,1974,0,98033,47.672,-122.169,2040,7700
890000.0,4,2.75,2310,4020,3.0,0,0,5,8,0,1979,0,98122,47.6154,-122.291,2270,3750
227950.0,3,1.5,1670,8230,1.0,0,0,5,7,0,1954,0,98001,47.2613,-122.255,2077,4910
310000.0,3,1.0,1330,3740,1.5,0,0,3,6,0,1903,0,98118,47.5502,-122.274,1330,5053
429000.0,3,2.5,1430,9240,2.0,0,0,3,7,0,1984,0,98074,47.6258,-122.058,1480,8125
315000.0,2,1.0,970,18557,1.0,0,0,3,6,0,1939,0,98146,47.5116,-122.37,1150,7200
249950.0,3,1.0,1370,11658,1.0,0,0,4,6,0,1958,0,98058,47.4576,-122.182,1080,9198
440000.0,3,2.0,1800,10950,1.0,0,0,4,8,0,1982,0,98006,47.557,-122.163,2400,11300
522500.0,3,1.75,1710,9707,1.0,0,0,4,8,0,1966,0,98008,47.623,-122.105,1820,8700
759000.0,5,2.75,3490,8230,2.0,0,0,3,10,0,2005,0,98075,47.5825,-121.97,3480,7331
569000.0,4,2.5,2830,10954,2.0,0,0,3,8,0,2003,0,98065,47.5396,-121.882,2470,10443
518000.0,2,1.5,1140,1149,2.0,0,0,3,7,200,2001,0,98122,47.6124,-122.314,1460,1149
305000.0,2,1.0,910,22725,1.0,0,0,1,6,0,1926,0,98155,47.7712,-122.299,2000,14566
340500.0,3,1.75,1810,10463,1.0,0,0,4,7,0,1969,0,98058,47.4581,-122.162,1620,8551
288000.0,3,2.25,2090,7500,1.0,0,0,4,7,810,1977,0,98031,47.3951,-122.172,1800,7350
324000.0,3,2.25,1550,4411,2.0,0,0,3,7,0,2001,0,98019,47.7373,-121.966,1620,4621
680000.0,4,2.5,3290,6012,2.0,0,0,3,9,0,2005,0,98075,47.5961,-121.98,3210,6005
555000.0,3,1.5,1740,4200,1.5,0,0,4,7,100,1920,0,98117,47.6782,-122.361,1660,3750
264950.0,2,1.0,770,7434,1.0,0,0,3,6,0,1947,0,98155,47.7606,-122.32,1060,7453
884900.0,7,4.75,5370,10800,1.5,0,0,3,8,0,1967,0,98040,47.538,-122.223,2310,10910
479950.0,3,2.0,1820,1358,3.0,0,0,3,9,0,2014,0,98126,47.5433,-122.376,1710,1367
500000.0,5,2.5,2030,8400,1.0,0,0,3,7,700,1968,0,98052,47.6713,-122.152,1920,8400
740500.0,3,3.5,4380,6350,2.0,0,0,3,8,1600,1900,1999,98117,47.6981,-122.368,1830,6350
450000.0,4,2.5,2240,4616,2.0,0,0,3,7,400,2001,0,98056,47.5118,-122.194,2260,5200
300000.0,3,1.5,1320,15053,1.0,0,0,3,7,0,1979,0,98072,47.7405,-122.095,1250,13368
785000.0,3,2.75,3010,1842,2.0,0,0,3,9,0,2011,0,98075,47.5836,-121.994,2950,4200
800000.0,4,2.5,3691,11088,2.0,0,1,3,8,0,2013,0,98074,47.6122,-122.059,3190,11270
283700.0,1,1.75,1010,10900,1.0,0,0,4,6,0,1968,0,98019,47.7391,-121.982,1410,8359
360000.0,4,2.5,2610,7333,2.0,0,0,3,8,0,1988,0,98003,47.2721,-122.293,2280,9033
549800.0,3,2.25,1580,11680,1.0,0,0,4,7,0,1958,0,98005,47.5872,-122.17,2270,10948
326000.0,4,1.75,2290,7380,1.0,0,0,3,7,900,1963,0,98178,47.5034,-122.245,1170,7381
1050000.0,3,2.5,3400,5119,2.0,0,0,3,8,1100,2014,0,98115,47.6843,-122.305,1740,5969
842500.0,3,2.25,2560,3996,1.5,0,0,3,8,410,1910,0,98112,47.6321,-122.306,2970,4320
265000.0,4,1.75,1860,9112,1.0,0,0,4,7,750,1963,0,98032,47.3792,-122.282,1570,9112
770000.0,5,3.5,4750,8234,2.0,0,2,3,10,1400,2013,0,98198,47.3574,-122.318,2160,14496
749950.0,4,2.75,2600,6050,2.0,0,0,5,8,640,1949,0,98116,47.5656,-122.4,1990,6050
264000.0,4,1.75,1820,8118,1.0,0,0,4,7,740,1980,0,98031,47.4104,-122.172,1810,8050
532500.0,4,2.5,2490,8750,2.0,0,0,3,8,450,1976,0,98008,47.5931,-122.116,2120,10240
381800.0,4,2.0,1530,5250,1.0,0,0,3,7,420,1981,0,98133,47.7336,-122.339,1100,5250
943500.0,3,2.25,2370,10890,2.0,0,0,4,7,0,1980,0,98004,47.5827,-122.197,2370,9514
165000.0,1,1.0,850,8050,1.0,0,0,2,6,0,1906,0,98118,47.5427,-122.288,1590,5180
345000.0,4,1.5,1540,7168,1.0,0,0,3,7,380,1964,0,98055,47.455,-122.198,1540,7176
653000.0,4,2.5,3120,5137,2.0,0,0,3,7,0,2003,0,98053,47.6842,-122.04,2755,5137
652500.0,4,1.75,3130,18253,2.0,0,0,3,7,0,1978,0,98133,47.7402,-122.348,1850,12220
406000.0,3,1.0,1090,11292,1.0,0,0,4,7,0,1952,0,98133,47.7429,-122.358,1570,8198
370000.0,5,3.0,2220,5185,2.0,0,3,3,7,0,2003,0,98118,47.543,-122.29,2340,6316
440000.0,5,1.75,3690,36036,1.0,0,0,3,9,1800,1985,0,98042,47.3473,-122.085,2680,44131
600000.0,3,2.5,2260,10153,2.0,0,0,3,10,0,1987,0,98074,47.641,-122.068,2740,10153
750000.0,4,2.5,2850,12429,2.0,0,0,3,9,0,2008,0,98033,47.6915,-122.177,2540,12000
1950000.0,3,2.5,2510,12779,1.5,0,4,3,10,0,1968,0,98034,47.6982,-122.231,2810,12225
390000.0,2,1.0,962,1992,2.0,0,0,3,7,0,2012,0,98115,47.6911,-122.313,1130,1992
585000.0,6,3.0,3870,43787,2.0,0,0,3,8,1170,1976,0,98077,47.7642,-122.098,2600,35381
700000.0,4,3.0,3350,199253,2.0,0,0,3,10,0,2004,0,98010,47.3602,-121.988,3350,183897
905000.0,4,2.25,2240,5000,2.0,0,0,3,8,470,1900,2014,98122,47.6027,-122.295,2120,5000
420000.0,3,2.5,1770,3993,2.0,0,0,3,8,0,1999,0,98074,47.6027,-122.02,1820,4046
525000.0,3,1.75,1470,6550,1.0,0,2,3,7,400,1916,0,98126,47.5463,-122.381,1440,6550
395000.0,3,2.5,1600,1936,2.0,0,0,3,7,0,2007,0,98108,47.5629,-122.297,1600,1936
268000.0,4,3.0,1840,7510,2.0,0,0,5,8,0,1988,2013,98092,47.2595,-122.218,1650,7957
672000.0,3,2.5,1780,1647,2.0,0,0,3,8,700,2008,0,98103,47.6597,-122.355,2000,1741
550000.0,4,3.5,3820,17745,2.0,0,2,3,8,1380,1955,0,98108,47.557,-122.295,2520,9640
309950.0,3,2.25,1990,6350,2.0,0,0,3,7,0,1967,0,98198,47.3822,-122.316,1220,6250
870000.0,5,3.5,4495,10079,2.0,0,0,3,9,915,2013,0,98011,47.7339,-122.209,4495,10079
345000.0,2,1.5,830,920,2.0,0,0,3,7,0,2005,0,98144,47.5998,-122.306,830,1200
626000.0,3,2.25,1750,1572,2.5,0,0,3,9,280,2005,0,98102,47.6498,-122.321,2410,3050
750000.0,3,2.5,2620,43832,2.0,0,0,3,8,0,2013,0,98053,47.655,-122.009,2620,120686
325000.0,2,1.0,1010,6180,1.0,0,0,3,6,0,1903,0,98118,47.5532,-122.28,1560,6180
205000.0,4,2.0,1450,8175,1.0,0,0,4,7,0,1967,0,98031,47.3933,-122.195,1570,9024
534000.0,5,2.0,2280,3600,2.0,0,0,3,7,0,1992,0,98122,47.6056,-122.305,1740,1800
1940000.0,5,2.25,3120,16672,2.0,0,0,4,9,0,1969,0,98004,47.6458,-122.219,3740,17853
219950.0,3,1.0,1210,8000,1.0,0,0,3,6,0,1954,0,98198,47.4211,-122.314,1430,8000
245000.0,4,2.5,1921,4888,2.0,0,0,3,7,0,2009,0,98001,47.2689,-122.24,1921,9140
190000.0,1,0.75,780,77603,1.0,0,0,1,5,0,1945,0,98058,47.4396,-122.104,1750,30847
740000.0,3,1.5,1830,4000,1.0,0,0,4,7,480,1910,0,98119,47.6453,-122.371,1570,3672
475000.0,3,1.5,2480,5280,1.5,0,0,5,7,860,1947,0,98108,47.5575,-122.303,2090,4800
475000.0,2,2.0,1440,3720,1.5,0,0,3,7,0,1983,0,98115,47.6902,-122.325,1490,4308
532500.0,4,2.0,2220,23750,1.0,0,0,3,7,0,1963,0,98011,47.7759,-122.214,2650,21167
615000.0,3,2.25,2300,8067,1.0,0,0,4,8,1000,1979,0,98034,47.7091,-122.198,2120,9524
502501.0,2,1.0,1100,4750,1.0,0,0,3,7,0,1946,0,98116,47.5772,-122.381,1830,4750
360000.0,3,2.0,1960,8846,1.0,0,3,4,6,980,1940,0,98178,47.5101,-122.246,2190,6363
925000.0,4,2.5,3540,18168,2.0,0,0,3,10,0,1996,0,98006,47.5441,-122.131,4130,11180
267800.0,3,1.75,1410,1899,2.0,0,0,3,8,0,2014,0,98106,47.5171,-122.347,1410,1811
530000.0,4,1.75,1814,5000,1.0,0,0,4,7,870,1951,0,98115,47.684,-122.281,1290,5000
778983.0,4,2.5,2490,5647,2.0,0,0,3,8,0,2014,0,98052,47.7043,-122.114,2970,5450
405000.0,2,1.0,1090,10481,1.0,0,0,2,7,310,1981,0,98074,47.632,-122.03,1160,10533
430000.0,3,1.75,1810,7300,1.0,0,0,4,7,570,1976,0,98034,47.7299,-122.192,1460,7560
640000.0,3,2.0,1380,4800,1.0,0,0,3,7,0,1948,0,98199,47.651,-122.369,1740,5640
260000.0,4,1.75,1830,5375,1.0,0,0,2,7,770,1962,0,98198,47.4169,-122.316,1040,7500
464950.0,4,2.25,2350,36116,1.0,0,0,4,9,0,1983,0,98042,47.3533,-122.082,2580,36116
313999.0,4,2.25,1870,4198,2.0,0,0,3,7,0,2008,0,98038,47.3657,-122.021,1870,4184
230000.0,3,1.0,1390,6000,1.0,0,0,3,5,0,1954,0,98056,47.4977,-122.175,1170,6000
390000.0,4,1.75,2020,9750,1.0,0,0,3,7,920,1975,0,98074,47.6192,-122.055,1670,9600
477000.0,3,1.0,960,3600,1.0,0,0,4,7,0,1906,0,98117,47.6758,-122.369,1580,5000
650000.0,4,2.5,2240,9934,1.0,0,0,4,8,750,1968,0,98005,47.6147,-122.166,2640,11622
306500.0,2,1.75,1310,10200,1.0,0,0,4,6,0,1947,0,98065,47.5231,-121.82,1500,7200
435000.0,3,2.5,1420,2581,3.0,0,0,3,7,0,2004,0,98133,47.7027,-122.357,1420,2509
322500.0,3,2.0,1190,6445,1.0,0,0,3,7,0,1996,0,98056,47.5057,-122.172,1920,8195
762500.0,5,3.5,3290,5880,2.0,0,0,3,9,620,2005,0,98052,47.7067,-122.119,3090,5680
416000.0,3,2.5,1800,5372,2.0,0,0,3,8,0,1987,0,98034,47.7188,-122.177,1650,6014
723000.0,4,2.25,2430,4748,1.5,0,0,3,8,800,1928,0,98116,47.5904,-122.389,2430,4748
320000.0,3,1.0,1400,9000,1.0,0,0,5,7,0,1959,0,98059,47.5022,-122.145,1440,8400
165000.0,3,1.0,1010,7690,1.0,0,0,4,6,0,1958,0,98058,47.4501,-122.176,1010,7619
556000.0,3,1.75,1640,7437,1.0,0,0,3,7,550,1948,0,98126,47.5324,-122.38,1640,7436
570000.0,3,1.0,1890,3330,1.5,0,0,4,7,500,1901,0,98103,47.6597,-122.352,1530,3330
1785000.0,4,3.5,5490,14300,1.0,0,4,3,12,2580,1996,0,98006,47.5511,-122.114,4290,13822
305000.0,3,2.5,1690,5175,2.0,0,0,3,7,0,2002,0,98038,47.3564,-122.016,1830,5175
289500.0,3,1.0,1200,5525,1.0,0,0,2,7,0,1947,0,98115,47.6981,-122.325,1580,7200
698000.0,2,1.0,1510,4080,1.0,0,0,3,7,500,1923,0,98103,47.6742,-122.329,1660,4080
415000.0,3,2.25,1820,9694,1.0,0,0,3,7,580,1977,0,98074,47.6157,-122.05,1820,9694
329000.0,4,2.0,1190,7877,1.5,0,0,5,7,0,1946,0,98155,47.7538,-122.322,1480,9975
235000.0,2,1.0,1210,9400,1.0,0,0,2,6,0,1949,0,98106,47.5342,-122.36,1580,6026
789500.0,4,2.5,3010,6100,2.0,0,0,3,9,0,2005,0,98052,47.6647,-122.08,2890,5176
440000.0,3,1.75,1950,19747,1.0,0,0,3,7,800,1979,0,98072,47.7685,-122.162,2560,9674
616000.0,4,1.75,1700,5846,1.0,0,0,3,8,0,1957,0,98199,47.6539,-122.408,1480,5177
250000.0,3,2.5,1750,6351,2.0,0,0,3,7,0,2012,0,98001,47.2589,-122.256,1398,6092
450000.0,5,2.5,1900,9460,1.0,0,0,3,7,710,1969,0,98034,47.7096,-122.202,1940,8360
342000.0,4,2.5,2380,7792,2.0,0,0,3,8,0,1993,0,98092,47.3273,-122.173,2260,7378
620000.0,4,2.5,2580,7465,2.0,0,0,3,8,0,1993,0,98074,47.6319,-122.022,2350,7596
775000.0,3,2.5,3020,4120,2.0,0,0,3,9,660,2008,0,98126,47.5714,-122.373,2280,4120
230000.0,3,1.75,1140,1165,2.0,0,0,3,8,0,2014,0,98108,47.5638,-122.295,1150,1552
855000.0,4,2.5,2810,52062,1.5,0,0,4,9,0,1988,0,98075,47.5941,-122.029,3330,49783
432250.0,3,2.25,1440,6232,2.0,0,0,3,7,0,1985,0,98029,47.5658,-122.018,1740,5999
339000.0,3,2.0,2350,8459,1.5,0,0,3,9,0,1989,0,98023,47.3043,-122.349,2430,8459
368888.0,3,1.5,1490,12186,1.0,0,0,4,7,0,1950,0,98155,47.7739,-122.322,1180,14285
665000.0,4,2.5,2720,10000,2.0,0,0,3,10,0,1987,0,98074,47.6293,-122.051,2720,10020
625000.0,3,1.75,2100,3264,1.5,0,0,5,7,750,1912,0,98107,47.6702,-122.364,1720,3750
380000.0,3,2.0,2010,16736,2.0,0,0,4,6,0,1929,0,98133,47.7643,-122.352,1890,11477
775000.0,4,2.75,2740,6200,1.5,0,3,4,8,920,1947,0,98125,47.7084,-122.277,2430,6000
690000.0,3,1.5,2540,9520,1.0,0,0,3,8,1040,1959,0,98115,47.6834,-122.306,1870,6800
624900.0,4,2.5,2270,11500,1.0,0,0,3,8,730,1967,0,98034,47.7089,-122.241,2020,10918
490000.0,2,1.0,880,6380,1.0,0,0,3,7,0,1938,1994,98115,47.6924,-122.322,1340,6380
1280600.0,4,2.5,3560,15450,1.0,0,1,5,8,1500,1977,0,98040,47.5657,-122.23,3680,17314
323000.0,4,1.75,1310,9690,1.0,0,0,4,7,0,1967,0,98011,47.7559,-122.226,2280,9618
858450.0,5,2.75,3460,7977,2.0,0,0,3,9,0,2011,0,98074,47.5908,-122.062,3390,6630
518000.0,4,2.25,2640,34870,1.0,0,0,3,8,870,1977,0,98027,47.4688,-122.009,2500,35580
1310000.0,5,3.0,3650,16600,1.0,0,3,4,9,1790,1978,0,98006,47.56,-122.144,3150,10400
1220000.0,4,2.0,3090,8125,2.5,0,0,5,8,0,1918,0,98117,47.6851,-122.395,1560,6250
1175000.0,5,2.75,2560,5618,1.5,0,2,3,8,340,1923,0,98109,47.6416,-122.355,2740,4000
248000.0,4,1.0,1010,7515,1.0,0,0,4,6,0,1955,0,98198,47.4174,-122.316,1330,7515
600000.0,4,3.25,4690,14930,2.0,0,2,3,10,1010,1995,0,98155,47.7718,-122.283,2910,13320
665000.0,3,2.25,1590,929,2.0,0,0,3,9,530,2014,0,98122,47.6172,-122.31,1510,1193
775000.0,4,1.75,2320,5595,1.0,0,0,3,7,810,1956,0,98199,47.6397,-122.388,1840,5596
230000.0,3,1.0,1000,4000,1.5,0,0,4,6,0,1915,0,98118,47.5523,-122.286,1040,4240
278226.0,4,2.5,2390,4639,2.0,0,0,3,8,0,2006,0,98038,47.3527,-121.999,2390,4521
805000.0,4,2.5,3320,38032,2.0,0,0,4,10,0,1991,0,98077,47.7478,-122.036,3270,37804
469900.0,3,2.5,2270,4399,2.0,0,0,3,7,0,2007,0,98065,47.5415,-121.884,2060,4399
522000.0,4,2.5,2835,6598,2.0,0,0,3,8,0,2002,0,98038,47.3878,-122.034,2770,6969
378000.0,5,2.5,2760,8015,1.0,0,0,4,8,1160,1960,0,98125,47.7255,-122.297,460,18000
1695000.0,2,2.25,3170,3000,2.0,0,2,5,10,1180,1900,0,98109,47.6291,-122.351,2980,5061
615000.0,3,1.75,1950,8480,1.0,0,0,4,8,700,1962,0,98007,47.5893,-122.15,1740,8480
78000.0,2,1.0,780,16344,1.0,0,0,1,5,0,1942,0,98168,47.4739,-122.28,1700,10387
274500.0,3,2.25,1450,4050,2.0,0,0,3,7,0,2010,0,98038,47.367,-122.019,1660,3800
570000.0,3,1.75,1210,7350,1.0,0,0,3,7,0,1977,0,98033,47.7,-122.172,1610,7313
1260000.0,4,2.0,2970,5400,2.5,0,0,4,9,0,1900,0,98112,47.6235,-122.309,2500,5040
215000.0,2,1.5,1120,1312,2.0,0,0,3,7,120,2004,0,98106,47.534,-122.364,1560,1314
370000.0,3,2.25,1770,7667,1.0,0,0,3,8,500,1966,0,98177,47.7724,-122.362,2180,8103
432000.0,3,2.0,1400,6380,1.0,0,0,4,7,700,1924,0,98125,47.7015,-122.316,1690,5800
255000.0,3,2.0,1590,8670,1.0,0,0,3,7,0,1994,0,98042,47.3725,-122.073,1590,9253
218000.0,3,1.75,1850,7684,1.0,0,0,3,8,530,1979,0,98023,47.2975,-122.37,1940,7630
677900.0,3,2.5,2440,4587,2.0,0,0,3,8,0,2010,0,98052,47.7073,-122.114,2750,4587
316000.0,3,1.0,1130,7200,1.5,0,0,4,6,0,1942,0,98133,47.7298,-122.355,1350,1358
300000.0,3,3.0,2850,9375,1.0,0,0,3,8,610,1977,0,98055,47.4655,-122.209,1800,9375
209000.0,3,1.0,1330,6900,1.0,0,0,3,7,0,1976,0,98023,47.3033,-122.381,1530,7000
539000.0,5,2.25,2590,7245,1.0,0,0,3,8,1080,1973,0,98008,47.6398,-122.111,1930,7245
1500000.0,3,3.0,3110,9015,1.0,0,4,4,10,1520,1980,0,98033,47.6624,-122.202,3150,11447
304000.0,3,1.0,1280,8184,1.5,0,0,4,6,0,1947,0,98155,47.7467,-122.319,1120,8184
298700.0,3,2.25,2110,7350,1.0,0,0,3,8,580,1980,0,98023,47.3088,-122.341,2640,7777
340000.0,3,1.0,1710,10190,1.0,0,0,3,6,400,1949,0,98168,47.506,-122.331,1200,6251
879000.0,4,2.5,3360,22111,2.0,0,0,3,10,0,1994,0,98075,47.5951,-122.017,3150,11374
635000.0,4,2.25,1920,8910,1.0,0,0,4,8,720,1969,0,98005,47.5897,-122.156,2250,8800
562000.0,3,1.75,1880,5978,1.0,0,0,5,7,940,1957,0,98144,47.5793,-122.294,1930,4770
445800.0,4,2.25,2070,39446,1.0,0,0,3,8,600,1977,0,98155,47.7765,-122.276,2140,12043
274950.0,3,2.5,1608,4000,2.0,0,0,3,8,0,2014,0,98092,47.2582,-122.198,2009,4983
400000.0,4,1.0,1420,4875,1.5,0,0,3,7,0,1930,0,98115,47.6942,-122.321,1110,5413
1400000.0,5,4.25,3530,7924,2.0,0,0,3,10,0,2001,0,98040,47.5894,-122.243,1750,9226
234000.0,2,1.0,870,11100,1.0,0,0,3,6,0,1940,0,98146,47.5038,-122.364,1370,10404
330000.0,2,2.0,1550,435600,1.5,0,0,2,7,0,1972,0,98065,47.5145,-121.853,1600,217800
244000.0,4,1.0,1450,8960,1.0,0,0,3,6,0,1943,0,98146,47.4972,-122.348,1160,7680
155000.0,2,1.0,810,4755,1.0,0,0,3,7,0,1980,0,98118,47.5313,-122.28,1180,4755
665000.0,6,2.75,2840,8346,1.0,0,0,5,8,1420,1961,0,98118,47.5518,-122.266,2250,8346
490000.0,3,1.75,1560,9247,1.0,0,0,3,7,400,1989,0,98033,47.6954,-122.174,1690,8772
450000.0,5,2.5,2850,209523,1.0,0,0,4,7,920,1925,1968,98058,47.3939,-122.089,2220,209523
330000.0,3,2.5,1676,18778,2.0,0,0,3,7,0,1997,0,98014,47.6521,-121.905,1410,18778
3100000.0,5,5.25,5090,23669,2.0,0,0,3,12,0,2006,0,98004,47.6297,-122.216,3830,22605
255000.0,3,1.5,1020,11410,1.0,0,0,3,7,0,1959,0,98059,47.4811,-122.162,1290,8400
316475.0,4,2.5,1740,4642,2.0,0,0,3,7,0,2012,0,98042,47.3686,-122.117,1950,4642
1027500.0,4,3.0,3540,10202,2.0,0,0,3,8,820,1988,0,98006,47.5471,-122.155,2780,10714
625700.0,3,2.0,2570,159865,1.0,0,0,5,7,0,1968,0,98024,47.5547,-121.892,2010,38322
386000.0,3,2.0,1330,8100,1.0,0,0,4,7,0,1969,0,98034,47.7251,-122.175,1590,8100
222900.0,2,1.0,1110,6411,1.0,0,0,3,6,0,1944,0,98178,47.4962,-122.242,1150,6504
212644.0,3,1.0,1570,9650,1.5,0,0,5,5,0,1922,0,98010,47.3531,-121.982,1330,9650
440000.0,4,2.0,1450,8400,1.5,0,0,4,7,0,1962,0,98034,47.7285,-122.24,1450,7440
346500.0,2,1.75,1610,6300,1.0,0,0,3,7,600,1941,0,98108,47.554,-122.304,1370,5225
565000.0,4,1.0,1540,2452,1.5,0,0,4,7,0,1906,0,98103,47.6522,-122.348,1290,3360
342000.0,2,2.0,1320,1462,3.0,0,0,3,7,0,1997,0,98125,47.7223,-122.29,1430,1650
279950.0,3,1.75,1510,11234,1.0,0,0,3,7,300,1965,0,98155,47.7571,-122.328,2080,9076
500000.0,4,2.25,2080,8000,1.0,0,0,3,8,690,1964,0,98008,47.6264,-122.113,1800,7700
240000.0,4,1.5,1780,14810,1.0,0,0,4,8,600,1950,0,98032,47.3581,-122.288,1450,6728
192500.0,1,1.0,470,63737,1.0,0,2,5,5,0,1924,0,98022,47.2163,-121.984,1350,46762
651000.0,3,1.5,1890,4400,1.5,0,0,5,7,0,1919,0,98105,47.6662,-122.326,1620,4080
691000.0,2,2.0,1780,3810,1.5,0,0,3,7,800,1922,0,98119,47.6474,-122.362,1690,3810
306000.0,3,2.5,2588,5702,2.0,0,0,3,8,0,2008,0,98042,47.3453,-122.151,2403,5703
272450.0,3,2.25,1780,7332,2.0,0,0,3,7,0,1987,0,98038,47.3593,-122.051,1510,7625
2750000.0,5,4.0,6300,16065,2.0,0,1,3,12,1940,2004,0,98004,47.5922,-122.207,3260,17287
285000.0,2,1.0,1010,7200,1.0,0,0,3,7,0,1975,0,98155,47.7651,-122.291,1890,9248
870000.0,4,2.5,3340,12248,2.0,0,1,3,9,870,1998,0,98126,47.5858,-122.379,2110,5679
385000.0,3,1.75,1560,5950,1.0,0,0,4,6,780,1944,0,98125,47.719,-122.307,1320,7830
266000.0,3,2.25,1550,6022,2.0,0,0,3,8,0,1989,0,98003,47.3525,-122.304,1650,5627
325000.0,2,1.0,1130,6908,1.5,0,0,3,6,0,1945,0,98155,47.745,-122.313,1150,6908
400800.0,4,1.0,1070,5750,1.0,0,0,3,6,200,1923,0,98126,47.564,-122.379,1270,5750
355000.0,5,2.5,3220,5806,2.0,0,0,3,8,0,2002,0,98042,47.3714,-122.103,2760,5813
402000.0,3,2.0,1540,1827,2.0,0,0,3,8,0,2005,0,98029,47.5479,-121.998,1540,1827
590000.0,3,2.5,2650,9380,1.0,0,0,5,8,970,1975,0,98155,47.7756,-122.273,2310,9600
225000.0,3,2.5,1680,6755,2.0,0,0,3,8,0,1994,0,98092,47.3293,-122.17,1860,7257
1500000.0,6,3.5,3670,3959,2.0,0,0,3,10,1260,2008,0,98119,47.6356,-122.373,2060,3625
480000.0,3,1.75,1960,43995,1.0,0,0,3,7,0,1970,0,98059,47.4915,-122.106,1960,42253
600000.0,4,2.5,2560,5593,2.0,0,0,3,7,0,2001,0,98053,47.6886,-122.037,2800,5890
835000.0,4,2.75,3130,13412,2.0,0,0,3,9,990,1993,0,98052,47.6993,-122.102,2260,9984
835000.0,4,2.0,1910,6960,1.5,0,0,5,8,0,1941,0,98103,47.6893,-122.348,1360,3300
549000.0,3,2.25,1230,1380,3.0,0,0,3,8,0,2013,0,98199,47.6521,-122.4,1760,5664
387500.0,4,1.75,2400,9900,1.0,0,0,3,7,1150,1957,0,98166,47.4631,-122.362,1960,9900
378000.0,4,2.5,2790,4650,2.0,0,0,3,8,0,2004,0,98038,47.3556,-122.026,2820,4650
362362.0,2,1.0,710,4000,1.0,0,0,3,6,0,1909,0,98118,47.5535,-122.269,960,4000
235000.0,5,1.0,1500,9282,1.5,0,0,5,6,0,1966,0,98168,47.4702,-122.281,1520,9639
535000.0,3,1.0,1580,6300,1.0,0,0,3,7,400,1925,0,98199,47.6505,-122.384,1560,1601
390000.0,2,1.0,930,3100,1.0,0,0,3,6,0,1911,0,98144,47.5943,-122.302,1670,3800
200000.0,2,1.0,930,8665,1.0,0,0,4,6,0,1938,0,98168,47.4822,-122.318,1630,12375
365000.0,3,2.25,1310,915,2.0,0,0,3,7,250,2007,0,98144,47.5738,-122.293,1500,1215
235000.0,3,1.0,1250,15603,1.0,0,0,4,7,0,1959,0,98056,47.5093,-122.172,1720,10220
790000.0,4,3.5,2720,3000,2.0,0,0,3,9,470,2014,0,98136,47.5371,-122.388,1600,4600
282500.0,2,1.75,1440,11210,1.0,0,0,4,6,310,1935,0,98146,47.498,-122.35,1250,9381
525000.0,3,2.25,2110,2850,3.0,0,0,3,8,0,2001,0,98103,47.6915,-122.339,1340,5001
290000.0,2,1.0,1120,217800,1.0,0,0,3,6,0,1976,0,98019,47.7378,-121.912,1480,217800
452000.0,2,1.0,1340,8100,1.0,0,2,3,8,0,1950,0,98177,47.7212,-122.364,1680,7752
330000.0,3,2.5,1740,1844,2.0,0,0,3,8,420,2008,0,98106,47.5248,-122.365,1740,1789
455000.0,2,1.5,1200,1259,2.0,0,0,3,8,200,2015,0,98144,47.6001,-122.298,1320,1852
645000.0,4,2.25,2070,8720,1.0,0,0,5,8,710,1974,0,98033,47.6678,-122.182,2180,8510
590000.0,3,2.5,2830,5788,2.0,0,0,3,9,0,2001,0,98028,47.7604,-122.235,2500,5802
310000.0,3,1.0,1250,10723,1.0,0,0,4,7,0,1961,0,98059,47.4894,-122.135,1520,10723
517500.0,3,1.5,1430,5200,1.0,0,3,4,7,180,1940,0,98117,47.6988,-122.387,2210,6240
312000.0,4,2.5,1790,10584,1.0,0,0,4,7,500,1981,0,98031,47.4061,-122.188,1730,9120
305000.0,2,1.0,1000,8212,1.0,0,0,4,7,0,1947,0,98133,47.7444,-122.341,1620,8214
379950.0,4,2.5,2580,4818,2.0,0,0,3,8,0,2005,0,98038,47.3607,-122.038,2570,5386
280000.0,5,2.5,1630,20750,1.0,0,0,4,7,530,1975,0,98042,47.3657,-122.113,1630,8640
265000.0,3,2.25,1840,6750,1.0,0,0,4,7,570,1980,0,98031,47.4075,-122.172,1750,7004
405000.0,2,2.0,1405,1073,2.0,0,0,3,8,265,2007,0,98122,47.612,-122.295,1405,3000
269900.0,3,2.25,1740,9672,1.0,0,0,4,7,630,1963,0,98031,47.4149,-122.181,1640,9600
363000.0,4,2.5,2180,9281,2.0,0,0,3,8,0,2004,0,98042,47.3673,-122.072,2520,9520
665000.0,4,2.5,2800,5900,1.0,0,0,3,8,1140,1963,0,98115,47.6809,-122.286,2580,5900
329500.0,3,1.0,1080,5250,1.0,0,0,4,7,0,1947,0,98133,47.7309,-122.336,1100,5250
920000.0,4,3.25,2420,4000,1.5,0,0,5,9,550,1911,0,98105,47.6567,-122.325,1810,4000
561000.0,3,1.75,1710,5000,1.0,0,0,4,7,350,1918,0,98136,47.5492,-122.389,1490,6250
340000.0,3,1.75,1540,10400,1.0,0,0,3,6,0,1977,0,98024,47.5651,-121.89,1090,7500
515000.0,3,2.5,1440,4394,1.0,0,0,5,8,0,1987,0,98029,47.5688,-122.019,1900,5893
170000.0,2,1.0,810,9882,1.0,0,0,3,6,0,1944,0,98178,47.4925,-122.239,950,7200
215000.0,3,1.0,1180,9000,1.0,0,0,4,7,0,1970,0,98031,47.39,-122.166,1290,8316
195500.0,4,1.0,1230,8636,1.5,0,0,4,6,0,1954,0,98002,47.3231,-122.219,1168,8316
770000.0,3,2.25,1870,1900,3.0,0,0,3,8,0,2008,0,98103,47.6537,-122.34,1690,1694
196000.0,3,1.0,1220,6719,1.0,0,0,3,6,0,1953,0,98198,47.4187,-122.329,1580,7200
1555000.0,3,3.5,4360,6240,2.0,0,3,3,10,1400,2008,0,98103,47.6791,-122.354,1920,3910
907000.0,3,1.75,2170,12220,1.0,0,0,5,8,0,1965,0,98033,47.6537,-122.195,1980,9000
375000.0,4,2.0,2400,6000,2.0,0,0,3,6,0,1913,1945,98011,47.7607,-122.209,1780,8732
345000.0,5,2.5,3150,9134,1.0,0,0,4,8,1510,1966,0,98056,47.4934,-122.189,1990,9133
239000.0,3,1.75,1340,16480,1.0,0,0,4,7,0,1968,0,98042,47.364,-122.162,1520,10451
330000.0,3,2.5,2060,25046,1.0,0,0,4,8,460,1980,0,98022,47.184,-121.959,2050,21255
370000.0,4,2.5,2531,6843,2.0,0,0,3,8,0,2013,0,98030,47.385,-122.189,2604,6238
580050.0,3,2.5,2360,4638,2.0,0,3,3,9,0,1996,0,98115,47.6837,-122.321,1620,4638
427500.0,4,2.5,2460,5091,2.0,0,0,3,9,0,2003,0,98058,47.45,-122.121,2490,4750
357000.0,4,2.75,2700,49428,1.0,0,0,4,9,0,1988,0,98042,47.3168,-122.079,2728,85905
210000.0,3,1.0,860,11725,1.0,0,0,4,6,0,1943,0,98056,47.5093,-122.184,1300,9514
255000.0,2,2.0,1360,5433,1.0,0,0,3,8,0,1974,2003,98198,47.3804,-122.32,1160,5264
359950.0,3,2.5,2210,6280,2.0,0,0,3,8,0,2003,0,98038,47.35,-122.043,2250,5972
365000.0,3,2.5,2200,7350,1.0,0,0,5,8,630,1988,0,98058,47.4395,-122.161,2350,7557
500000.0,4,2.0,1680,3813,2.0,0,0,4,7,0,1900,0,98144,47.593,-122.293,2540,3996
506000.0,4,2.25,2040,12000,1.0,0,0,4,7,740,1963,0,98028,47.7362,-122.241,1930,12000
463000.0,4,2.5,1980,6660,2.0,0,0,4,7,0,1974,0,98034,47.7158,-122.167,1980,7150
515000.0,2,1.0,1150,5664,1.0,0,0,3,7,280,1948,0,98115,47.6894,-122.284,1380,5664
402000.0,2,1.0,710,1173,2.0,0,0,4,7,0,1943,0,98102,47.6412,-122.329,1370,1173
608000.0,4,2.5,2690,4736,2.0,0,0,3,7,0,2001,0,98053,47.6869,-122.036,2690,4791
815000.0,4,1.75,2970,14880,1.0,0,4,5,9,1410,1962,0,98075,47.5907,-122.086,3310,13388
844000.0,4,3.25,3090,67518,2.0,0,0,3,10,0,1988,0,98053,47.6674,-122.046,3200,65775
471000.0,4,1.75,1760,5750,1.0,0,2,5,7,690,1962,0,98126,47.5521,-122.373,1860,5750
200500.0,3,2.0,1280,14972,1.0,0,0,3,7,0,1963,0,98031,47.4129,-122.209,1800,9698
265000.0,2,1.0,1600,7936,1.0,0,0,3,7,0,1947,0,98155,47.7411,-122.322,1580,7440
730100.0,4,2.5,3120,14300,2.0,0,0,3,9,0,2003,0,98027,47.5318,-122.055,2580,10005
415000.0,4,2.25,2520,8000,1.0,0,2,3,8,840,1970,0,98023,47.3202,-122.383,2300,8000
492000.0,4,2.0,1640,5000,2.0,0,0,3,7,0,1907,1983,98107,47.6662,-122.365,1240,5000
470000.0,4,2.25,2380,17199,2.0,0,0,3,8,850,1979,0,98028,47.7668,-122.27,2280,11529
475000.0,3,2.25,1580,8659,1.0,0,0,4,7,360,1961,0,98011,47.7599,-122.215,1970,9650
1320000.0,4,3.0,2120,3600,2.0,0,3,4,8,290,1908,1996,98119,47.6344,-122.369,2120,3600
600000.0,4,2.5,2420,7744,2.0,0,0,3,9,0,1994,0,98056,47.534,-122.18,2820,11129
780000.0,3,1.75,2430,4524,1.5,0,0,4,7,600,1924,0,98103,47.674,-122.35,1610,4100
204000.0,2,2.5,1090,13444,2.0,0,0,3,7,0,2007,0,98198,47.4166,-122.319,1380,6000
690500.0,5,2.0,2000,4211,1.5,0,2,4,7,720,1908,0,98112,47.6283,-122.301,1680,4000
235000.0,4,1.0,1610,24000,1.5,0,0,3,6,0,1947,0,98001,47.2751,-122.252,1270,9600
415250.0,3,1.5,1400,7550,1.0,0,0,4,7,0,1953,0,98133,47.7566,-122.337,1730,7562
1025000.0,4,3.5,3320,19850,1.0,0,2,4,10,1280,1977,0,98040,47.527,-122.228,3240,15470
1070000.0,3,3.25,3730,13264,2.0,0,0,3,9,0,1989,0,98077,47.7246,-122.059,3730,14933
450000.0,3,1.5,1520,7903,1.0,0,0,4,7,520,1955,0,98006,47.5659,-122.141,1520,9830
1315000.0,4,3.5,3460,3997,2.0,0,0,3,10,900,2004,0,98103,47.6718,-122.329,1860,4000
520000.0,3,1.75,1540,7558,1.0,0,0,3,8,0,1964,0,98052,47.6707,-122.156,1540,7863
475000.0,3,2.5,2370,3239,2.0,0,0,3,8,420,2006,0,98072,47.7515,-122.174,2520,3431
260000.0,3,1.0,1790,11884,1.0,0,0,3,7,0,1951,0,98031,47.3887,-122.22,1660,11513
810000.0,3,2.0,2870,6360,1.5,0,1,4,8,1080,1946,0,98115,47.6813,-122.275,2310,6466
465000.0,3,1.0,1210,4872,1.0,0,0,4,6,0,1949,0,98118,47.5551,-122.273,1070,4872
355500.0,3,1.0,1120,10032,1.0,0,0,3,7,0,1962,0,98034,47.7182,-122.194,1210,9918
515000.0,5,3.0,2530,5105,1.0,0,0,3,8,1010,2005,0,98133,47.7546,-122.341,2290,4011
775000.0,3,2.0,2010,7017,2.0,0,3,3,7,0,1951,1988,98115,47.6828,-122.267,2450,6045
530000.0,4,2.0,2150,14161,1.0,0,2,3,8,820,1966,0,98003,47.3376,-122.323,2310,14034
400000.0,3,1.5,1950,4473,1.0,0,0,4,6,420,1914,0,98034,47.7094,-122.228,2670,14256
368000.0,3,1.75,1710,10800,1.0,0,0,4,7,0,1958,0,98028,47.7391,-122.241,1890,10800
999000.0,5,3.5,2810,2700,2.0,0,0,5,9,910,1910,0,98117,47.6799,-122.363,1510,3800
169950.0,3,1.0,1180,9832,1.0,0,0,3,7,0,1970,0,98042,47.3845,-122.085,1220,9894
300000.0,6,3.0,2400,9373,2.0,0,0,3,7,0,1991,0,98002,47.3262,-122.214,2060,7316
300000.0,3,1.0,970,12300,1.0,0,0,3,7,0,1982,0,98028,47.7335,-122.227,2040,9994
362000.0,3,2.25,1640,14374,1.0,0,0,4,7,500,1963,0,98148,47.4476,-122.332,2020,10500
1195000.0,5,2.75,3650,13297,2.0,0,0,5,9,900,1969,0,98040,47.5497,-122.228,2900,11568
615000.0,2,1.75,2040,28593,1.5,1,3,4,7,0,1919,1990,98070,47.3979,-122.465,2040,35124
1288000.0,4,3.5,3700,13175,2.0,0,0,4,11,0,1989,0,98006,47.5471,-122.133,3880,15508
315000.0,3,1.0,1210,8505,1.5,0,0,3,7,0,1958,0,98106,47.5389,-122.353,1430,8505
342000.0,3,2.5,1960,3540,2.0,0,0,3,8,0,2012,0,98038,47.3568,-122.055,1840,3825
995000.0,5,3.25,4130,7197,2.0,0,0,3,10,0,2012,0,98074,47.6022,-122.06,3730,7202
579000.0,2,2.0,1870,6275,1.0,0,0,3,8,0,2003,0,98053,47.7108,-122.031,1670,5200
465000.0,2,1.0,1120,4000,1.0,0,0,3,7,0,1926,0,98105,47.6567,-122.327,1620,4000
190000.0,4,1.75,1900,9861,1.0,0,0,4,7,0,1967,0,98038,47.3615,-122.057,1720,7967
607500.0,4,2.5,2110,13939,1.0,0,0,3,8,840,1978,0,98008,47.6431,-122.113,2140,8882
271000.0,4,1.75,1710,7200,1.0,0,0,5,7,800,1975,0,98031,47.3967,-122.174,1730,7200
490000.0,4,2.5,3000,8645,2.0,0,0,3,8,0,1985,0,98034,47.7315,-122.224,1930,8866
651500.0,4,1.5,1500,3075,2.0,0,0,5,7,80,1929,0,98103,47.6893,-122.35,1480,3774
652500.0,4,2.5,2540,38677,2.0,0,0,3,9,0,1987,0,98053,47.6694,-122.044,2560,36280
560000.0,4,2.5,3270,24750,1.0,0,0,4,8,1580,1979,0,98056,47.5221,-122.178,1520,13480
385000.0,3,1.5,1490,9630,1.0,0,0,4,8,0,1959,0,98028,47.7623,-122.256,1960,10469
385000.0,3,1.0,1070,4000,1.0,0,0,4,7,0,1971,0,98108,47.5529,-122.305,1090,4000
725000.0,3,1.5,2500,4774,1.5,0,2,3,7,1050,1940,0,98107,47.6567,-122.358,1300,4000
589950.0,3,2.75,1670,1350,3.0,0,0,3,9,320,2014,0,98116,47.5763,-122.408,1520,4800
609500.0,3,1.75,1590,1113,3.0,0,0,3,8,0,2014,0,98107,47.6691,-122.402,1520,1357
335000.0,4,2.5,2154,6050,2.0,0,0,3,8,0,2012,0,98030,47.3513,-122.174,2305,5769
1500000.0,4,4.25,5550,12968,2.0,0,0,3,11,0,2005,0,98059,47.5305,-122.135,4750,13001
612000.0,5,2.5,2300,7000,1.0,0,0,3,8,1010,1975,0,98052,47.6875,-122.122,2080,7280
242000.0,3,1.75,1310,9645,1.0,0,0,3,7,0,1979,0,98198,47.4051,-122.29,1440,9893
499000.0,4,2.5,2680,10590,2.0,0,0,3,8,0,2004,0,98019,47.7377,-121.97,2330,5566
770000.0,4,3.0,2800,9127,2.0,0,0,3,9,0,1999,0,98074,47.6123,-122.007,2780,8165
230000.0,2,1.0,770,6450,1.0,0,0,4,6,0,1948,0,98106,47.531,-122.358,780,6063
300000.0,3,2.5,1960,1477,2.0,0,0,3,7,290,2012,0,98059,47.4873,-122.166,1980,1467
258000.0,3,2.5,1730,6930,2.0,0,0,3,8,0,1994,0,98003,47.2621,-122.308,1780,6930
415000.0,3,1.75,1340,63597,1.0,0,0,4,7,0,1963,0,98038,47.4379,-122.011,1950,87120
210000.0,4,2.25,1500,5393,2.0,0,0,3,7,0,1999,0,98001,47.3378,-122.263,1700,5917
705000.0,4,2.0,2060,6000,1.0,0,1,4,8,690,1954,0,98136,47.5237,-122.383,2060,6600
252500.0,4,2.5,2600,11280,1.5,0,0,3,7,1030,1961,0,98003,47.336,-122.304,1660,11200
275000.0,3,2.5,2217,8019,2.0,0,0,3,7,0,2009,0,98001,47.2776,-122.251,1470,8037
499950.0,3,2.25,2880,7200,1.0,0,0,3,8,1170,1970,0,98133,47.7707,-122.35,1880,10200
415000.0,2,2.5,1160,1219,3.0,0,0,3,8,0,2007,0,98107,47.6543,-122.358,1320,2800
635000.0,3,2.25,1940,7482,1.0,0,0,4,7,700,1964,0,98004,47.6004,-122.195,2340,9310
275000.0,3,1.0,1290,11250,1.0,0,0,3,7,0,1956,0,98166,47.4743,-122.341,1410,11196
950000.0,4,2.5,3670,7680,2.5,0,0,3,10,0,2007,0,98029,47.5401,-121.993,3130,6112
348000.0,4,2.5,2720,7697,1.0,0,0,4,8,600,1987,0,98058,47.4391,-122.161,2340,7700
234950.0,2,2.5,1720,3132,2.0,0,0,3,8,0,1999,0,98042,47.3728,-122.157,1740,4220
199400.0,2,1.0,880,4000,1.0,0,0,4,6,0,1916,0,98106,47.5331,-122.352,1430,4000
440000.0,3,2.25,1230,1097,3.0,0,0,3,8,0,2009,0,98107,47.6697,-122.372,1420,1437
950968.0,5,3.5,3220,5081,2.0,0,0,3,8,0,2013,0,98052,47.7048,-122.111,2970,5753
680000.0,5,3.25,2440,15815,2.0,0,0,3,8,450,2014,0,98155,47.774,-122.28,2500,14201
210000.0,5,1.75,2340,9148,2.0,0,0,3,7,0,1957,0,98198,47.4232,-122.324,1390,10019
858000.0,4,3.5,4370,422967,1.0,0,2,4,10,1790,1978,0,98022,47.2332,-122.029,3260,422967
1335000.0,4,1.75,2300,13342,1.5,1,4,3,7,0,1934,1958,98125,47.7308,-122.282,2500,13342
393000.0,4,2.0,1450,5456,1.0,0,0,5,7,0,1951,0,98108,47.5442,-122.297,980,6100
600000.0,4,2.5,2370,9135,1.0,0,0,4,8,770,1967,0,98006,47.5564,-122.177,2050,9468
440000.0,3,1.75,2030,17100,1.0,0,0,4,7,0,1953,0,98166,47.451,-122.365,1950,14400
490000.0,3,1.0,1600,6380,1.5,0,0,3,7,200,1939,0,98125,47.7015,-122.317,1760,6380
545000.0,4,1.75,1910,6731,1.0,0,0,4,7,700,1953,0,98116,47.5693,-122.391,1780,6350
716500.0,3,1.75,1930,5000,1.0,0,0,3,9,700,1936,0,98105,47.6582,-122.278,2300,6000
1010000.0,5,3.25,3510,10930,2.0,0,0,3,9,0,2013,0,98033,47.6914,-122.21,1970,7488
300000.0,3,2.5,2540,5050,2.0,0,0,3,7,0,2006,0,98042,47.3358,-122.055,2280,5050
470000.0,4,1.75,1650,7276,1.0,0,0,3,7,640,1977,0,98011,47.7721,-122.206,1840,8550
443000.0,3,1.75,1640,4579,1.0,0,0,4,6,0,1916,0,98133,47.7061,-122.352,1580,5040
250000.0,3,1.0,930,6060,1.0,0,0,4,6,0,1973,0,98118,47.5289,-122.28,1640,6364
486940.0,4,2.5,3250,13360,2.0,0,0,3,9,0,2014,0,98030,47.3524,-122.198,2612,14448
455000.0,5,2.5,2240,7770,1.0,0,0,3,7,900,1978,0,98034,47.7198,-122.171,1820,7770
215000.0,5,1.5,1980,7958,1.5,0,0,3,7,0,1962,0,98058,47.4571,-122.17,1510,8438
1500000.0,4,5.5,6550,217374,1.0,0,0,3,11,1150,2006,0,98058,47.4302,-122.095,4110,50378
252000.0,3,2.5,1670,4020,2.0,0,0,3,7,0,2009,0,98118,47.53,-122.268,1670,4020
1038000.0,5,2.75,3050,8904,1.0,0,0,4,8,1400,1956,0,98040,47.5709,-122.214,2920,8904
640000.0,3,2.5,2390,8315,2.0,0,0,4,9,0,1990,0,98074,47.6271,-122.028,2370,7816
222900.0,2,1.0,860,5800,1.0,0,0,5,5,0,1942,0,98056,47.4979,-122.183,900,6000
318500.0,5,1.75,1550,6986,1.0,0,0,3,7,520,1978,0,98106,47.5503,-122.356,1550,6986
321000.0,4,1.0,1300,18836,1.0,0,0,4,7,0,1941,0,98056,47.5029,-122.188,1540,8498
218250.0,3,1.0,1270,7344,1.0,0,0,3,7,300,1967,0,98023,47.305,-122.371,1290,7300
834500.0,3,2.25,2780,6000,1.0,0,3,4,9,1110,1948,0,98199,47.6442,-122.406,2780,6000
356000.0,3,2.5,1590,3411,2.0,0,0,3,7,0,2000,0,98065,47.5303,-121.878,1590,3411
716500.0,4,2.5,3290,6465,2.0,0,0,3,9,0,2002,0,98075,47.5981,-121.976,3100,5929
200000.0,3,1.0,960,213008,1.0,0,0,2,6,0,1933,0,98024,47.5621,-121.862,1520,57499
435000.0,3,2.25,1740,8491,1.0,0,0,3,8,500,1958,0,98177,47.7758,-122.379,2080,8494
299980.0,4,1.5,1580,10230,1.0,0,0,3,6,790,1945,2008,98178,47.5002,-122.246,1130,6955
513000.0,3,1.75,1710,5000,1.0,0,0,4,7,600,1944,0,98107,47.6689,-122.37,920,5000
303000.0,3,2.75,1850,8820,2.0,0,0,4,8,0,1993,0,98022,47.1928,-122.01,1850,8651
235000.0,4,2.0,1570,9415,2.0,0,0,4,7,0,1984,0,98092,47.3168,-122.174,1550,8978
427500.0,3,1.0,1350,7085,1.0,0,0,5,7,0,1944,0,98125,47.7318,-122.305,1350,7085
600000.0,3,2.25,2240,9314,2.0,0,0,3,9,0,1984,0,98074,47.6216,-122.032,2240,9314
1950000.0,4,3.75,4150,17424,1.0,0,0,3,9,1020,1963,2000,98039,47.639,-122.236,3930,21420
699950.0,4,2.0,2070,7830,1.0,0,1,5,7,890,1941,0,98125,47.7058,-122.278,2390,7830
345000.0,4,2.5,2280,8190,1.0,0,3,3,7,890,1983,0,98188,47.4414,-122.272,1990,9000
315000.0,5,3.0,2110,10766,2.0,0,0,3,7,0,2005,0,98030,47.3599,-122.176,1460,10400
724950.0,4,2.5,2860,3638,1.5,0,2,5,7,1140,1924,0,98107,47.6631,-122.361,1760,3880
641000.0,4,2.5,2600,6015,2.0,0,0,3,8,0,2004,0,98075,47.5971,-122.031,2910,5305
300000.0,3,1.0,950,4760,1.5,0,0,3,6,0,1929,0,98106,47.5236,-122.348,1080,4760
295000.0,4,1.75,1400,11934,1.0,0,0,3,7,350,1961,0,98028,47.7346,-122.244,2080,10400
630000.0,4,2.0,2000,5000,1.5,0,0,5,7,0,1925,0,98144,47.5787,-122.293,2200,5000
268450.0,5,2.25,2200,9600,1.0,0,0,4,7,1100,1963,0,98023,47.3263,-122.364,1780,9680
562000.0,3,1.5,1830,8000,1.0,0,0,4,7,0,1957,0,98008,47.6017,-122.122,1310,7500
456500.0,3,2.25,2090,9163,1.0,0,0,3,7,630,1975,0,98034,47.7334,-122.167,1960,7713
375000.0,3,1.0,1000,6947,1.0,0,0,4,7,0,1947,0,98125,47.7142,-122.319,1000,6947
670000.0,3,1.75,1280,2147,1.5,0,0,4,7,0,1910,0,98102,47.6362,-122.324,2010,2640
440000.0,3,1.5,1290,1286,3.0,0,0,3,7,0,2000,0,98103,47.6617,-122.349,1720,1286
650000.0,3,1.75,2800,19386,1.0,1,4,3,8,1400,1965,0,98198,47.3554,-122.324,3270,31450
399950.0,3,2.5,3087,5002,2.0,0,0,3,8,0,2014,0,98023,47.2974,-122.349,2927,5183
329950.0,4,2.25,2140,8874,2.0,0,0,3,8,0,1986,0,98092,47.2654,-122.217,2140,8789
475000.0,4,2.5,2040,7260,2.0,0,0,4,7,0,1963,0,98133,47.7399,-122.332,2040,7360
1430000.0,4,2.5,3380,27589,2.0,0,0,3,10,0,1966,0,98004,47.6292,-122.225,3390,20075
886000.0,3,2.25,2380,6000,2.0,0,0,5,9,730,1931,0,98199,47.6472,-122.393,2000,6000
241000.0,2,2.0,1470,3128,2.0,0,0,3,6,0,2005,0,98038,47.349,-122.021,1180,2576
460000.0,3,2.25,1453,2225,2.0,0,0,4,8,0,1986,0,98006,47.5429,-122.188,1860,2526
749950.0,3,1.75,1800,5700,1.0,0,0,4,8,800,1941,0,98119,47.6491,-122.367,1680,5350
585000.0,4,2.5,2430,6766,2.0,0,0,3,8,0,1999,0,98177,47.7294,-122.358,1820,6772
547000.0,5,3.0,2200,103237,1.0,0,0,3,7,1040,1971,0,98072,47.7726,-122.111,2300,103237
625000.0,3,1.75,1580,20588,1.0,0,0,3,8,0,1970,0,98125,47.706,-122.29,2080,7800
300000.0,3,1.75,1700,8481,2.0,0,0,3,7,0,1993,0,98003,47.2623,-122.305,1830,6600
738950.0,4,2.75,2260,12005,1.0,0,0,4,8,0,1956,1989,98005,47.6342,-122.171,1870,10800
519000.0,4,1.0,1640,6305,1.5,0,0,5,6,0,1907,0,98118,47.5563,-122.28,1590,4816
1150000.0,3,2.5,2100,15120,1.0,0,0,4,8,0,1953,0,98004,47.6201,-122.222,3070,16078
539000.0,3,2.0,1800,43995,2.0,0,0,3,8,0,1988,0,98077,47.7585,-122.022,2290,51400
641200.0,3,1.0,1060,9123,1.0,0,0,3,7,0,1952,0,98004,47.6218,-122.193,1620,9121
118000.0,1,1.0,670,7957,1.0,0,0,4,6,0,1978,0,98038,47.3594,-122.056,1600,7957
1225000.0,4,2.25,3070,16028,1.0,0,3,3,9,1200,1976,0,98040,47.5271,-122.228,3070,19822
360000.0,4,2.5,2390,7115,2.0,0,0,3,9,0,1999,0,98092,47.2593,-122.222,2600,7916
341000.0,4,1.75,1920,7665,1.0,0,0,4,8,420,1975,0,98058,47.4476,-122.128,2100,7344
545800.0,4,2.5,1980,4500,2.0,0,0,3,8,0,1989,0,98029,47.579,-122.001,1770,4595
350000.0,3,1.0,1240,10800,1.0,0,0,5,7,0,1959,0,98056,47.5233,-122.185,1810,10800
249500.0,2,1.75,1500,8645,1.0,0,0,4,7,0,1963,0,98042,47.3643,-122.115,1220,8645
390000.0,3,1.5,1600,10440,1.0,0,0,3,7,0,1954,0,98125,47.7109,-122.311,1600,8816
545000.0,3,2.5,1280,1845,3.0,0,0,3,8,0,2009,0,98105,47.662,-122.324,1450,1889
385000.0,3,3.25,1320,1327,2.0,0,0,3,8,280,2008,0,98199,47.6506,-122.383,1440,1263
530000.0,3,2.25,1264,1536,2.0,0,0,3,8,0,2003,0,98105,47.6694,-122.279,1264,2067
680000.0,3,1.75,2330,9652,1.0,0,0,4,8,740,1968,0,98040,47.5714,-122.211,2420,9631
625000.0,2,1.5,1490,5750,1.5,0,0,4,7,300,1900,0,98116,47.5872,-122.39,1590,4025
380000.0,4,2.5,2420,4981,2.0,0,0,3,9,0,2009,0,98038,47.3785,-122.023,2420,5000
265000.0,3,2.0,1380,8536,2.0,0,0,4,7,0,1955,0,98148,47.4374,-122.335,1260,8750
545000.0,5,2.5,2730,17240,1.0,0,0,5,7,1070,1958,0,98028,47.7646,-122.267,2250,13200
394000.0,3,2.5,2550,5349,2.0,0,0,3,7,0,2004,0,98038,47.3504,-122.026,2640,5400
399950.0,3,1.0,1040,9600,1.0,0,0,3,7,0,1978,0,98053,47.6738,-122.063,1370,10889
137000.0,3,1.0,1300,10125,1.0,0,0,4,6,0,1959,0,98002,47.2921,-122.215,1300,10125
515000.0,5,3.0,2670,11761,1.0,0,0,3,7,1300,1981,0,98052,47.6895,-122.129,2580,10703
1525000.0,4,3.5,5990,111078,2.0,0,0,3,11,0,2004,0,98053,47.667,-121.994,4690,118918
770000.0,4,2.75,3820,26300,2.0,0,0,3,9,970,2014,0,98028,47.7618,-122.261,1860,12136
465750.0,3,2.5,2670,4534,2.0,0,0,3,9,0,2007,0,98056,47.51,-122.184,3040,5079
462600.0,3,2.0,1320,4000,1.0,0,0,4,6,300,1940,0,98118,47.5515,-122.262,2410,6212
515000.0,2,1.0,1060,4228,1.0,0,0,3,7,200,1906,0,98112,47.6231,-122.293,1060,4187
759950.0,3,2.5,3100,23790,2.0,0,0,3,9,0,2002,0,98075,47.5882,-122.011,2250,40854
950000.0,3,2.5,3080,8448,2.0,0,2,3,9,0,2000,0,98199,47.6469,-122.389,2500,6400
831000.0,4,2.5,2030,3905,1.5,0,0,4,7,400,1926,0,98103,47.6547,-122.34,2000,3905
192500.0,3,1.0,1100,9750,1.0,0,0,4,7,0,1966,0,98023,47.3248,-122.345,1190,9750
780000.0,5,2.0,2880,12000,2.0,0,0,3,8,0,1921,0,98144,47.5861,-122.295,1720,5000
587000.0,3,2.25,2370,217800,2.0,0,0,3,7,0,1979,0,98053,47.6364,-121.984,3100,86248
370000.0,2,1.0,1250,4960,1.0,0,0,3,7,310,1938,0,98115,47.6893,-122.325,2030,7440
502550.0,3,1.75,1770,7875,1.0,0,0,4,7,600,1958,0,98008,47.606,-122.125,1670,8000
272000.0,3,3.0,2430,10500,1.0,0,0,4,8,280,1983,0,98003,47.2579,-122.312,1670,9800
499000.0,4,2.75,2250,14149,2.0,0,0,3,9,0,1992,0,98019,47.7353,-121.962,2450,14027
470000.0,5,2.5,2210,9655,1.0,0,0,3,8,750,1976,0,98011,47.7698,-122.222,2080,8633
257000.0,3,2.5,1740,3721,2.0,0,0,3,8,0,2009,0,98002,47.3363,-122.213,2030,3794
217000.0,2,1.0,970,5600,1.0,0,0,3,6,0,1951,0,98118,47.5297,-122.277,1020,5600
1100000.0,3,2.25,2420,7200,1.0,0,0,3,8,1000,1948,0,98115,47.6867,-122.275,2500,7200
920000.0,4,2.5,3540,7009,2.0,0,0,3,9,0,2007,0,98033,47.6749,-122.176,2150,10290
335000.0,2,1.75,1270,1685,2.0,0,0,3,8,0,2012,0,98108,47.5646,-122.295,1270,1843
457000.0,4,2.5,2200,10800,1.0,0,0,3,8,700,1964,0,98155,47.7711,-122.288,2280,10800
600000.0,3,2.75,2080,16740,1.0,0,3,3,8,500,1966,0,98198,47.3632,-122.324,2175,7568
155000.0,1,1.0,720,6000,1.0,0,0,3,6,0,1940,0,98108,47.5266,-122.316,1040,6000
389000.0,2,1.0,850,3276,1.0,0,0,3,6,0,1910,0,98103,47.6742,-122.35,1460,4100
335000.0,4,1.0,1480,6500,1.5,0,0,4,7,0,1914,0,98118,47.5282,-122.267,2380,6000
377000.0,4,1.75,1800,8385,1.0,0,0,5,6,900,1950,0,98133,47.7744,-122.338,1770,8385
299950.0,4,1.0,1170,5400,1.0,0,0,5,6,0,1953,0,98056,47.492,-122.172,1100,5400
775000.0,4,3.5,3390,3960,2.0,0,0,3,10,0,2008,0,98027,47.5406,-121.995,2990,3400
640000.0,3,2.5,1620,1377,2.0,0,0,3,8,520,2009,0,98112,47.6195,-122.299,1620,1251
265000.0,3,2.25,1489,2800,2.0,0,0,3,7,0,2012,0,98002,47.3454,-122.214,1584,2800
515000.0,2,1.0,1680,6500,1.0,0,0,4,7,540,1941,0,98136,47.55,-122.388,1610,6500
590000.0,3,2.5,2400,99752,1.0,0,0,3,9,0,1996,0,98058,47.3917,-122.084,2800,98010
823000.0,6,1.75,2920,5000,2.5,0,0,4,9,140,1908,0,98122,47.6024,-122.295,2020,5000
290700.0,3,2.5,1670,6666,2.0,0,0,4,7,0,1992,0,98038,47.3488,-122.033,1370,6170
405000.0,2,1.0,880,3000,1.0,0,0,5,7,0,1927,0,98103,47.6868,-122.349,1300,3000
679950.0,4,2.5,2850,5664,2.0,0,0,3,9,0,2001,0,98075,47.5835,-121.996,2850,5475
530000.0,4,2.5,2950,4836,2.0,0,0,3,7,0,2006,0,98059,47.479,-122.129,2120,4750
330000.0,3,3.0,2420,13959,1.0,0,0,4,8,680,1988,0,98028,47.7486,-122.23,2570,13300
355000.0,5,2.5,2344,8000,1.0,0,0,4,8,784,1976,0,98023,47.3185,-122.377,2344,8000
1800000.0,4,3.5,3480,4000,2.0,0,0,3,9,1020,2015,0,98112,47.6356,-122.281,2620,4000
515000.0,5,2.5,3810,15916,1.5,0,0,5,8,0,1967,0,98058,47.4521,-122.14,2470,11662
574000.0,3,2.5,2380,6832,2.0,0,0,3,8,0,2002,0,98065,47.5372,-121.876,2580,6832
615000.0,5,2.25,2480,12070,2.0,0,0,3,9,0,1978,0,98074,47.631,-122.052,2570,12000
210000.0,2,2.0,1190,7570,1.0,0,0,3,6,0,1939,0,98146,47.5113,-122.338,1190,7635
600000.0,3,1.75,1670,39639,1.0,0,0,4,8,0,1976,1992,98075,47.5929,-121.989,2330,30492
316500.0,4,2.5,2150,6807,2.0,0,0,4,8,0,1991,0,98031,47.4053,-122.189,1910,7240
370000.0,3,1.5,1560,6774,1.0,0,0,4,6,500,1927,0,98133,47.7024,-122.35,1320,3844
220000.0,4,1.5,1240,9600,1.0,0,0,3,7,0,1971,0,98023,47.3206,-122.397,1240,9592
170000.0,4,1.75,1920,7500,1.0,0,0,4,7,0,1962,0,98198,47.4222,-122.318,1490,8000
247500.0,2,1.0,700,6046,1.0,0,0,3,6,0,1950,0,98133,47.7172,-122.34,990,6790
437000.0,3,2.25,1130,1221,2.0,0,0,3,8,100,2004,0,98117,47.6799,-122.375,1300,5000
626000.0,3,2.25,1810,5107,2.0,0,0,3,8,0,1989,0,98033,47.6882,-122.171,1760,5454
300000.0,4,2.5,2890,17349,2.0,0,0,3,8,0,1994,0,98023,47.2822,-122.34,2330,22356
224000.0,3,1.5,1560,7300,1.0,0,0,4,7,520,1964,0,98001,47.3427,-122.281,1460,7910
515000.0,5,3.5,2310,5249,2.0,0,0,3,8,750,2000,0,98118,47.5463,-122.272,1900,7296
240000.0,4,1.0,1910,16320,1.5,0,0,3,6,0,1934,0,98106,47.5151,-122.366,1380,9000
863000.0,4,1.75,2800,5400,1.0,0,0,3,9,1400,1924,2006,98115,47.6803,-122.313,1490,5400
299000.0,3,1.0,1390,9624,1.5,0,0,4,7,0,1954,0,98155,47.7758,-122.301,1440,9624
560000.0,4,1.75,2150,8555,1.0,0,2,4,7,690,1982,0,98106,47.5344,-122.345,1480,7405
906000.0,4,2.5,2480,5000,1.0,0,3,3,8,1000,1951,0,98105,47.6653,-122.272,2240,6071
628000.0,4,1.75,1940,3060,1.0,0,0,4,7,940,1911,0,98115,47.6786,-122.317,1320,3060
980000.0,4,2.25,2240,11034,2.0,0,0,3,8,0,1976,0,98004,47.5894,-122.195,2300,11550
312000.0,3,2.5,1750,4076,2.0,0,0,3,7,0,2013,0,98038,47.3597,-122.045,1810,4090
345000.0,4,1.0,1980,7991,1.5,0,0,3,7,0,1962,0,98058,47.4604,-122.17,1730,7700
190000.0,3,1.75,1100,9452,1.0,0,0,3,6,0,1942,0,98146,47.4864,-122.337,1350,9452
429000.0,3,2.5,1860,11122,2.0,0,0,3,8,0,1994,0,98059,47.5062,-122.151,2420,8542
280500.0,3,2.25,1620,7566,2.0,0,0,3,7,0,1990,0,98038,47.3566,-122.039,1470,7566
350000.0,3,1.5,1320,4400,1.0,0,0,3,6,0,1909,0,98112,47.6231,-122.292,1350,4400
375000.0,4,1.75,2200,7475,1.0,0,0,5,7,1100,1955,0,98118,47.543,-122.28,1600,5766
375000.0,2,1.0,1840,81892,1.0,0,0,3,6,0,1955,0,98072,47.7694,-122.124,2550,40089
347500.0,5,3.0,2230,6551,1.0,0,0,3,7,900,2014,0,98168,47.487,-122.32,2230,9476
765000.0,3,2.25,3190,324086,2.0,0,2,3,9,0,1982,0,98024,47.5477,-121.93,3190,217800
1005000.0,5,3.25,4050,35600,2.0,0,0,3,12,0,1990,0,98006,47.5465,-122.122,4770,33880
465000.0,3,2.0,1430,14250,1.0,0,0,3,7,0,1953,0,98033,47.701,-122.199,1530,11475
411800.0,4,2.25,2190,6800,1.0,0,0,5,7,850,1969,0,98011,47.7367,-122.195,1560,7611
460000.0,4,3.0,2230,108900,1.0,0,0,3,7,820,1978,0,98065,47.52,-121.845,1960,65340
286308.0,2,1.5,1220,1036,3.0,0,0,3,7,0,2006,0,98133,47.7348,-122.347,1210,659
285000.0,3,2.5,1870,4060,2.0,0,0,3,7,0,2005,0,98042,47.3986,-122.163,2190,4060
545000.0,2,1.25,1240,2150,2.0,0,0,3,8,0,2014,0,98117,47.6884,-122.374,1340,5289
372500.0,4,2.25,1920,9660,1.0,0,0,4,8,0,1968,0,98058,47.4544,-122.143,1890,7800
570000.0,4,1.0,1490,6000,1.5,0,0,3,7,0,1918,0,98136,47.5518,-122.385,1700,6000
505000.0,3,2.5,1995,1483,3.0,0,0,3,8,235,2005,0,98102,47.6025,-122.31,1520,1173
602500.0,4,1.75,2190,41000,2.0,0,0,3,8,0,1980,0,98075,47.5755,-122.033,2590,35370
815000.0,6,3.0,2860,17853,1.0,0,0,3,8,1430,1962,2015,98006,47.546,-122.175,1920,13452
350000.0,2,1.0,830,5100,1.0,0,0,4,7,0,1942,0,98126,47.5259,-122.379,1220,5100
360000.0,3,2.0,1930,15540,1.0,0,0,3,8,670,1958,0,98155,47.7675,-122.307,1900,12123
525000.0,3,2.25,2100,40510,2.0,0,0,3,10,780,1979,0,98074,47.6154,-122.047,2380,33450
502000.0,3,2.75,2010,11200,1.0,0,0,3,8,650,1979,0,98028,47.7728,-122.253,2200,10640
1150000.0,3,1.5,2170,16600,1.0,1,2,3,10,1040,1979,0,98052,47.6307,-122.088,3130,13875
234000.0,2,1.0,940,5375,1.0,0,0,4,5,0,1952,0,98198,47.4206,-122.324,1200,7500
430000.0,2,1.0,700,4800,1.0,0,0,3,7,0,1922,0,98122,47.6147,-122.3,1440,4800
712500.0,4,2.75,2420,11201,1.0,0,1,3,8,1000,1948,1999,98118,47.5459,-122.265,3170,9385
837219.0,5,2.75,3030,7679,2.0,0,0,3,9,0,2014,0,98074,47.593,-122.057,3080,6341
343000.0,2,1.0,1230,7560,1.0,0,0,3,7,0,1961,0,98133,47.7298,-122.34,1270,7560
438000.0,3,1.75,1520,6380,1.0,0,0,3,7,730,1948,0,98115,47.695,-122.304,1520,6235
326000.0,2,1.5,1030,798,3.0,0,0,3,8,0,2008,0,98103,47.6975,-122.34,1020,1026
300000.0,3,3.25,1470,1235,2.0,0,0,3,7,290,2008,0,98108,47.5537,-122.313,1470,1243
525000.0,3,1.75,1330,8136,1.0,0,0,4,7,0,1977,0,98033,47.7001,-122.173,1330,8136
460000.0,3,1.75,1970,9135,1.0,0,0,4,7,600,1961,0,98011,47.7603,-122.215,1880,9650
535000.0,4,2.25,2810,12607,2.0,0,0,3,10,0,1985,0,98058,47.4585,-122.13,2810,17400
202500.0,3,1.5,1510,9898,1.0,0,0,3,7,400,1954,0,98148,47.4303,-122.334,1420,9250
874150.0,4,3.5,3530,14406,2.0,0,1,3,10,960,1987,0,98034,47.7073,-122.244,3170,15181
186950.0,2,2.0,1390,1302,2.0,0,0,3,7,0,1986,0,98003,47.3089,-122.33,1390,1302
1460000.0,4,3.5,4200,14353,2.0,0,2,3,12,560,1996,0,98040,47.5331,-122.217,3750,16316
350000.0,3,1.75,1680,250470,1.0,0,0,4,7,610,1940,0,98019,47.7624,-121.93,1680,360000
719950.0,3,2.25,2190,2416,3.0,0,0,3,8,0,2014,0,98117,47.6758,-122.38,1510,3615
510000.0,3,2.5,2310,53578,1.0,0,0,4,8,970,1981,0,98072,47.7677,-122.135,2660,49658
304500.0,4,2.0,1350,942,3.0,0,0,3,7,0,2008,0,98027,47.5394,-122.026,1390,942
302000.0,2,1.75,1170,8200,1.0,0,0,4,6,390,1937,0,98003,47.3263,-122.305,1780,9020
565000.0,4,2.0,1710,3875,1.5,0,0,4,7,0,1907,0,98122,47.6086,-122.294,1710,3812
500000.0,4,1.0,1720,4011,1.5,0,0,4,7,0,1904,0,98107,47.6719,-122.396,1580,3784
802500.0,4,3.75,3320,8030,2.0,0,0,3,10,0,2005,0,98075,47.5818,-121.972,3740,8030
671300.0,4,2.5,3280,5232,2.0,0,0,3,7,0,2004,0,98053,47.6798,-122.033,2600,5080
430000.0,4,2.0,1990,4740,1.0,0,0,3,7,910,1926,0,98122,47.6112,-122.303,1560,2370
355000.0,3,2.25,1445,1087,2.0,0,0,3,7,145,2005,0,98027,47.5339,-122.067,1410,1336
258000.0,3,2.0,1680,19978,1.0,0,0,3,6,800,1948,0,98198,47.3924,-122.308,2150,11588
335000.0,4,2.0,2030,103672,1.0,0,0,4,7,0,1969,0,98022,47.1647,-121.973,1560,325393
490000.0,3,1.75,1540,9000,1.0,0,0,3,8,0,1971,0,98125,47.7152,-122.322,1710,7488
790000.0,3,3.0,2840,206910,2.0,0,0,3,10,0,1999,0,98059,47.469,-122.063,2070,25067
762450.0,4,1.75,2570,8640,1.0,0,0,4,8,0,1958,0,98005,47.5956,-122.172,2520,8800
449000.0,5,2.5,2570,61855,1.0,0,0,4,7,1100,1981,0,98092,47.3013,-122.109,1990,49658
269950.0,4,2.5,1960,7230,2.0,0,0,3,8,0,2002,0,98023,47.2855,-122.36,1850,7208
640000.0,2,1.0,1070,5000,1.0,0,0,3,7,0,1924,0,98103,47.6666,-122.331,1710,5000
1095000.0,0,0.0,3064,4764,3.5,0,2,3,7,0,1990,0,98102,47.6362,-122.322,2360,4000
382500.0,4,2.5,2980,8786,2.0,0,0,3,8,0,2003,0,98038,47.378,-122.03,2980,6718
92000.0,2,1.0,760,5500,1.5,0,0,3,5,0,1947,0,98168,47.5045,-122.329,1040,5515
336900.0,3,1.75,1780,120661,1.0,0,0,4,6,0,1979,0,98019,47.7731,-121.897,1440,25000
375000.0,3,1.0,1870,7671,1.0,0,0,4,8,150,1937,0,98177,47.7162,-122.36,1460,7679
1450000.0,4,3.25,3100,3900,2.0,0,2,5,9,1010,1923,0,98109,47.6385,-122.348,2110,3900
430760.0,5,2.75,2710,4685,2.0,0,0,3,8,0,2014,0,98038,47.3555,-122.062,2710,4449
557500.0,3,2.5,2620,11056,2.0,0,0,3,9,0,1988,0,98011,47.7378,-122.218,2560,8688
480000.0,3,1.0,1040,5060,1.0,0,0,3,7,0,1941,0,98116,47.5636,-122.394,890,5060
261500.0,3,1.0,1410,8174,1.0,0,0,3,8,0,1958,0,98056,47.4969,-122.178,1500,8058
599000.0,4,2.5,2480,5000,2.0,0,0,3,7,0,2004,0,98053,47.6811,-122.035,2410,5000
650000.0,4,2.5,2500,6005,2.0,0,0,3,9,0,2001,0,98033,47.6922,-122.174,2680,7200
455000.0,5,2.0,2500,7860,1.0,0,0,3,7,1460,1963,0,98034,47.7212,-122.226,2060,9684
425000.0,2,1.0,1090,6000,1.0,0,0,3,7,0,1922,0,98144,47.5886,-122.292,1960,5000
400000.0,4,2.0,1560,8250,1.0,0,0,3,8,240,1964,0,98177,47.7565,-122.358,1870,8258
4500000.0,5,5.5,6640,40014,2.0,1,4,3,12,290,2004,0,98155,47.7493,-122.28,3030,23408
415000.0,3,2.5,1980,4274,2.0,0,0,3,7,0,2003,0,98028,47.7767,-122.239,2000,4394
426000.0,3,1.0,1130,9147,1.0,0,0,5,7,0,1952,0,98033,47.7006,-122.197,1930,9906
661000.0,2,1.5,1750,46173,2.0,0,0,4,8,0,1964,0,98072,47.7397,-122.126,2220,42224
490000.0,3,2.5,2080,12032,2.0,0,0,3,8,0,1978,0,98077,47.7455,-122.073,2320,9900
759000.0,3,2.75,1960,6390,1.5,0,2,5,8,0,1900,0,98122,47.6032,-122.285,2440,5870
300000.0,3,1.0,1150,7314,1.0,0,0,3,7,0,1960,0,98008,47.6246,-122.113,1350,7350
540000.0,3,2.5,3100,100188,1.0,0,0,4,7,1280,1981,0,98038,47.3928,-122.066,2430,104979
675000.0,3,2.75,3370,5350,1.5,0,1,4,7,1060,1910,0,98136,47.5373,-122.39,1720,5618
305000.0,4,2.0,1800,13551,1.0,0,0,4,7,0,1974,0,98059,47.4721,-122.128,1730,13551
520000.0,2,1.0,1250,3708,1.5,0,0,3,7,0,1926,0,98117,47.685,-122.363,1430,3708
244000.0,3,1.75,1540,8885,1.0,0,0,4,7,100,1980,0,98031,47.4031,-122.201,1540,12734
475000.0,3,2.5,2770,98881,2.0,0,0,3,9,0,1991,0,98022,47.2568,-121.952,1830,74923
317500.0,4,2.5,2150,9000,1.0,0,0,4,7,790,1979,0,98059,47.4785,-122.16,1620,8400
510000.0,2,1.0,890,6095,1.0,0,0,3,7,0,1947,0,98115,47.6823,-122.298,1450,5985
515000.0,3,1.75,1900,5000,1.0,0,0,4,7,950,1925,0,98106,47.5677,-122.363,1420,5000
475000.0,3,2.5,1700,9100,1.0,0,0,3,8,540,1998,0,98126,47.5369,-122.378,1590,8374
335000.0,3,2.0,1170,5360,1.0,0,0,3,6,0,1919,0,98106,47.5181,-122.364,1180,7200
158000.0,3,2.5,1520,7200,2.0,0,0,4,7,0,1985,0,98030,47.3679,-122.182,1780,7210
592350.0,2,2.0,1570,4665,1.0,0,0,3,8,0,2006,0,98053,47.709,-122.017,2165,6262
1698890.0,4,4.5,3860,15246,2.0,0,4,3,11,920,2004,0,98006,47.56,-122.161,3750,14790
400000.0,3,1.0,1060,12000,1.0,0,0,3,7,0,1952,0,98133,47.7703,-122.35,1550,10500
390000.0,3,2.5,2250,8076,2.0,0,0,3,8,0,1995,0,98038,47.3667,-122.041,2180,7244
1267500.0,4,3.5,4640,13404,2.0,0,0,3,10,0,2007,0,98059,47.531,-122.134,4690,13590
585000.0,4,2.5,2840,11044,2.0,0,0,3,8,0,2001,0,98034,47.7134,-122.237,1934,9605
226500.0,3,1.5,1300,7370,1.0,0,0,4,7,400,1976,0,98023,47.3025,-122.37,1430,7500
583000.0,3,1.75,1930,10183,1.0,0,0,4,8,450,1975,0,98006,47.5624,-122.135,2320,10000
229999.0,3,1.75,1310,6960,1.0,0,0,4,7,0,1974,0,98092,47.2761,-122.153,1580,7200
489000.0,3,3.5,1500,1249,2.0,0,0,3,8,260,2004,0,98107,47.6727,-122.373,1440,1850
1385000.0,6,2.75,5700,20000,1.0,0,4,4,10,2850,1977,0,98006,47.5601,-122.16,3690,15700
1300000.0,3,2.75,4120,16365,1.0,0,2,3,12,0,1999,0,98059,47.5265,-122.148,4020,14110
510000.0,2,1.0,820,4206,1.0,0,0,3,5,0,1949,0,98125,47.7076,-122.284,1810,7200
650000.0,4,3.0,2950,5000,2.0,0,3,3,9,970,1979,0,98126,47.5714,-122.375,2140,4000
668000.0,5,3.5,3990,42436,2.0,0,0,3,9,1280,2002,0,98027,47.461,-122.0,3030,41684
733000.0,5,2.75,2880,4425,2.0,0,0,3,8,0,2005,0,98052,47.7048,-122.109,2940,6581
3000000.0,5,3.25,5370,14091,2.0,0,0,3,10,1520,1918,2008,98004,47.6499,-122.216,2410,12047
539000.0,3,1.5,1740,12000,2.0,0,0,3,9,0,1974,0,98074,47.6276,-122.053,2580,12224
725000.0,4,3.25,2610,2552,2.0,0,0,3,10,450,2008,0,98027,47.5322,-122.076,2610,2664
291000.0,4,1.0,1590,24330,1.5,0,0,3,6,450,1942,0,98168,47.4906,-122.309,1000,16228
374950.0,4,1.75,1660,8160,1.0,0,0,3,8,0,1974,0,98058,47.4483,-122.129,1800,7684
497950.0,4,2.5,1950,3000,2.0,0,0,3,7,400,1998,0,98118,47.565,-122.281,1540,4300
1035000.0,4,2.5,3170,47502,2.0,0,0,3,10,0,1988,0,98033,47.6495,-122.185,3190,35110
650000.0,10,2.0,3610,11914,2.0,0,0,4,7,600,1958,0,98006,47.5705,-122.175,2040,11914
575000.0,4,2.75,2730,35075,1.0,0,0,3,8,1200,1979,0,98072,47.7726,-122.139,2310,35000
649950.0,3,2.5,3310,387684,1.0,0,0,3,8,1150,1919,1996,98038,47.4167,-121.936,2340,189050
340000.0,2,1.75,1880,7208,1.0,0,0,3,7,940,1951,0,98115,47.6946,-122.328,1880,8051
248500.0,4,1.75,1720,10018,1.0,0,0,5,7,0,1960,0,98042,47.3614,-122.119,1220,10018
837500.0,4,2.5,2700,9320,2.0,0,0,4,8,0,1994,0,98033,47.6861,-122.198,2120,8056
520000.0,5,1.75,2040,5280,1.0,0,0,4,7,1020,1961,0,98007,47.5941,-122.144,1720,7344
615000.0,4,2.75,2820,13193,1.0,0,0,3,8,960,1965,0,98006,47.5579,-122.174,2580,13193
123300.0,3,1.0,1150,8050,1.5,0,0,4,7,0,1956,0,98032,47.374,-122.296,1360,8050
182000.0,3,1.0,1160,18055,1.0,0,0,2,5,0,1950,0,98168,47.4772,-122.269,1340,10324
240500.0,2,1.0,1240,12092,1.0,0,0,3,6,280,1922,1984,98146,47.4957,-122.352,1820,7460
410000.0,4,2.0,1510,3240,1.0,0,0,5,7,640,1901,0,98144,47.5972,-122.296,1420,5160
286500.0,3,2.0,1840,8140,1.0,0,0,4,7,800,1975,0,98003,47.3106,-122.325,1600,6720
614000.0,5,2.5,3150,5150,2.0,0,0,5,8,1280,1907,2004,98118,47.5506,-122.269,1550,5150
759000.0,3,2.25,1640,1873,3.0,0,0,3,8,0,2014,0,98112,47.6196,-122.297,1640,3920
339000.0,5,2.5,1720,10202,1.5,0,0,3,7,0,1970,0,98058,47.4572,-122.167,1720,8478
430000.0,3,2.0,2350,12480,1.0,0,0,3,7,750,1981,0,98028,47.7661,-122.262,2160,12000
865000.0,4,2.5,3560,13981,2.0,0,0,3,10,0,2000,0,98075,47.6002,-121.98,3840,13624
217000.0,3,2.5,1340,4200,2.0,0,0,3,7,0,2002,0,98002,47.2942,-122.226,990,4520
299000.0,3,1.0,1510,6200,1.0,0,0,3,6,500,1955,0,98118,47.5293,-122.274,1710,8623
234000.0,3,1.75,1480,8475,1.0,0,0,4,7,0,1968,0,98023,47.3126,-122.361,1800,8800
932808.0,5,4.5,4690,6705,2.0,0,0,3,10,1240,1995,0,98006,47.5539,-122.108,4070,11505
365000.0,2,1.0,1390,8336,1.0,0,0,4,6,480,1946,0,98166,47.4646,-122.361,1610,7847
230000.0,3,1.75,950,6000,1.0,0,0,3,6,160,1939,0,98108,47.5271,-122.316,1360,6000
449950.0,3,2.5,2170,4912,2.0,0,0,3,7,0,2003,0,98028,47.7767,-122.239,2010,4395
195000.0,3,1.5,1200,7800,1.0,0,0,4,7,0,1958,0,98002,47.3137,-122.212,1390,8415
648000.0,4,2.25,2170,8240,2.0,0,1,4,8,0,1983,0,98006,47.5634,-122.128,2600,9898
216500.0,2,1.75,1390,4482,1.0,0,0,4,8,0,1980,0,98198,47.3785,-122.32,1390,4680
515000.0,4,3.0,1820,8261,1.0,0,0,3,7,400,1969,0,98034,47.7197,-122.219,1920,7961
540000.0,2,1.75,1460,4800,1.0,0,0,5,7,610,1950,0,98103,47.6928,-122.339,2050,5592
450000.0,2,1.0,810,4368,1.0,0,0,3,6,0,1958,0,98115,47.6915,-122.312,1890,5253
522250.0,4,2.5,2340,41600,1.0,0,0,3,8,700,1977,0,98077,47.7466,-122.077,2340,34960
850000.0,3,2.25,1950,3600,1.5,0,0,5,8,520,1911,0,98119,47.637,-122.363,1950,3600
700000.0,4,2.5,2672,4297,2.0,0,0,3,8,652,2005,0,98115,47.6955,-122.289,1720,6120
385000.0,3,2.25,1630,1598,3.0,0,0,3,8,0,2008,0,98103,47.6904,-122.347,1320,1605
467500.0,3,1.75,2260,8512,1.0,0,0,3,7,1130,1948,0,98125,47.7129,-122.304,2240,8040
450600.0,2,1.0,840,7020,1.5,0,0,4,7,0,1943,0,98136,47.5513,-122.394,1310,7072
555000.0,2,1.0,1550,4600,1.0,0,0,4,7,500,1941,0,98117,47.686,-122.384,1550,4600
380000.0,3,2.0,1840,8580,1.0,0,0,3,8,0,1990,0,98058,47.4626,-122.132,2190,8580
1165000.0,4,2.25,3080,10487,2.0,0,0,4,9,0,1968,0,98040,47.5344,-122.224,2480,10607
840000.0,4,1.75,2330,4000,2.0,0,0,5,8,1030,1924,0,98105,47.666,-122.289,2040,4000
247200.0,3,1.5,1910,10583,1.5,0,0,4,7,0,1922,1967,98002,47.2782,-122.212,1770,9068
380000.0,4,2.5,2300,7707,2.0,0,0,3,8,0,2004,0,98038,47.3497,-122.044,2320,6035
390000.0,3,1.75,1430,9857,1.0,0,2,4,7,290,1980,0,98045,47.4964,-121.771,1310,9880
389950.0,3,2.5,2170,8140,2.0,0,0,3,9,0,1994,0,98030,47.385,-122.169,2390,8100
800000.0,4,1.75,2150,9148,1.0,0,0,4,7,0,1955,0,98004,47.5828,-122.197,2370,9148
1400000.0,4,3.25,4290,12103,1.0,0,3,3,11,1600,1997,0,98006,47.5503,-122.102,3860,11244
523000.0,4,2.5,3180,20870,2.0,0,0,3,8,1060,1967,0,98034,47.7176,-122.241,2700,14190
289500.0,3,2.25,2120,3400,2.0,0,0,3,7,0,2002,0,98092,47.3364,-122.17,2420,3400
358000.0,3,2.5,2026,7611,2.0,0,0,3,8,0,2010,0,98042,47.3733,-122.162,2270,7611
285000.0,4,1.75,1870,22072,1.0,0,0,3,7,800,1959,0,98042,47.3775,-122.165,2100,10185
733000.0,4,3.5,3080,5974,2.0,0,0,3,9,0,2003,0,98075,47.6007,-121.974,2950,5425
400000.0,5,2.75,2470,19200,1.0,0,0,5,8,1220,1977,0,98058,47.4496,-122.083,2140,35140
208417.0,2,1.0,840,4200,1.0,0,0,3,5,0,1938,0,98108,47.5292,-122.316,830,5000
226000.0,4,1.5,1200,10890,1.0,0,0,5,7,0,1972,0,98042,47.3423,-122.088,1250,10139
635000.0,3,2.5,2620,6842,2.0,0,0,3,7,0,2002,0,98053,47.6846,-122.037,2280,4800
295000.0,3,1.0,1000,8320,1.0,0,0,5,6,0,1951,0,98155,47.7548,-122.316,1090,8450
1680000.0,3,2.5,4090,16972,2.0,0,2,3,11,500,2007,0,98177,47.7258,-122.37,3740,16972
280000.0,3,2.5,1600,6700,2.0,0,0,3,8,0,1991,0,98042,47.3618,-122.074,1790,7577
275000.0,3,2.25,1420,8549,2.0,0,0,4,7,0,1989,0,98038,47.3576,-122.039,1560,7471
690000.0,4,2.5,2700,8810,2.0,0,0,3,9,0,2004,0,98052,47.7041,-122.116,2730,5100
447000.0,3,1.75,1400,6750,1.0,0,0,3,7,360,1975,0,98034,47.717,-122.226,1860,7480
390000.0,3,2.5,1910,4755,2.0,0,0,3,8,0,1997,0,98059,47.4956,-122.162,2460,6099
789500.0,4,3.25,3240,4852,2.0,0,0,3,9,0,2010,0,98053,47.695,-122.022,3320,5318
304999.0,4,2.25,2270,9600,1.0,0,0,3,7,980,1976,0,98023,47.3261,-122.355,1930,15000
250000.0,4,3.0,1800,2500,2.0,0,0,3,7,0,2000,0,98108,47.5333,-122.294,1830,6900
152900.0,1,1.0,900,4368,1.0,0,0,5,6,0,1915,1950,98022,47.2107,-121.99,1290,5000
255000.0,4,2.75,1760,9222,1.0,0,0,3,7,620,1971,0,98023,47.3099,-122.362,1800,9222
635000.0,3,2.5,3350,4007,2.0,0,0,3,8,800,2005,0,98034,47.7277,-122.207,2340,4167
245000.0,4,2.25,2140,8800,2.0,0,0,4,7,0,1963,0,98032,47.3655,-122.291,2060,9790
445000.0,4,2.0,1700,21780,1.0,0,0,4,6,620,1940,0,98052,47.6289,-122.108,2070,12054
485000.0,3,1.0,1130,5758,1.0,0,0,3,7,170,1939,0,98199,47.6413,-122.401,1510,6000
245000.0,3,1.75,2350,12720,1.0,0,0,4,7,1170,1964,0,98030,47.3594,-122.175,1680,10400
340000.0,4,2.25,2530,24700,2.0,0,0,3,7,0,1974,0,98031,47.3939,-122.177,2650,24700
545000.0,4,2.5,2720,4738,2.0,0,0,3,8,0,2012,0,98065,47.515,-121.869,2590,5740
599832.0,3,2.75,3230,5200,2.0,0,0,3,9,550,2014,0,98065,47.519,-121.878,3100,4900
1110000.0,4,2.5,2990,8640,1.0,0,0,5,8,890,1959,0,98005,47.5932,-122.172,2270,8800
420000.0,3,1.5,2080,5000,1.0,0,0,3,7,780,1963,0,98118,47.5322,-122.29,1860,5000
242000.0,3,2.0,1260,8092,1.0,0,0,3,7,0,1986,0,98038,47.3635,-122.054,1950,8092
360000.0,3,1.75,1810,7200,1.0,0,0,5,7,780,1959,0,98146,47.4993,-122.364,1950,8384
255000.0,3,1.0,1180,13650,1.0,0,0,4,7,0,1967,0,98058,47.4551,-122.154,1460,11730
583500.0,4,1.75,2860,48351,1.0,0,0,3,8,1150,1978,0,98077,47.7605,-122.085,2460,43560
196000.0,3,2.25,1510,9600,1.0,0,0,1,7,420,1966,0,98028,47.7758,-122.238,1870,10681
675000.0,3,2.5,2320,98445,1.0,0,0,4,8,940,1978,0,98072,47.7323,-122.116,2830,54014
585000.0,4,2.5,2910,6250,2.0,0,0,3,8,0,1999,0,98065,47.538,-121.87,2550,6250
300000.0,2,1.0,1100,4010,1.5,0,0,5,6,0,1920,0,98106,47.5296,-122.351,980,4501
590000.0,4,2.5,2290,11072,2.0,0,0,3,9,0,1986,0,98074,47.6283,-122.03,2340,9774
355000.0,2,1.5,1140,2500,1.0,0,1,3,7,510,1988,0,98106,47.5707,-122.359,1500,5000
460000.0,4,2.75,2200,9676,1.0,0,0,3,8,700,1979,0,98028,47.7713,-122.259,2120,9585
407000.0,4,2.25,2810,23400,1.0,0,1,3,7,1100,1958,0,98198,47.395,-122.311,1860,14900
314950.0,3,2.5,1690,4533,2.0,0,0,3,7,0,2003,0,98038,47.3575,-122.016,1830,5175
510000.0,4,4.0,3530,10935,2.0,0,0,3,10,0,1992,0,98023,47.3016,-122.342,3360,11250
215000.0,3,2.5,1322,6006,2.0,0,0,3,7,0,2009,0,98001,47.2706,-122.254,1440,6796
517500.0,3,1.75,1810,10625,1.0,0,0,3,8,440,1973,0,98027,47.5322,-122.049,2140,10922
435000.0,3,2.0,2360,12744,2.0,0,0,5,7,0,1964,0,98059,47.483,-122.164,1650,8625
475000.0,4,2.25,2680,4673,2.0,0,0,3,7,0,1999,0,98011,47.7539,-122.219,2460,4645
187500.0,3,1.0,840,8400,1.0,0,0,3,6,0,1959,0,98023,47.3281,-122.344,1030,8640
2400000.0,6,4.5,5480,10800,2.0,0,3,4,9,1050,1999,0,98119,47.6307,-122.367,2970,7200
245000.0,3,2.75,1300,14197,1.0,0,0,3,7,440,1996,0,98030,47.3652,-122.183,1550,7596
453500.0,2,1.75,1000,1760,1.0,0,0,4,6,400,1924,0,98109,47.6261,-122.355,2120,2802
425000.0,3,2.25,1660,6000,1.0,0,0,3,7,550,1979,0,98122,47.6113,-122.297,1440,4080
425000.0,3,2.25,1820,8058,1.0,0,0,3,7,560,1974,0,98034,47.7241,-122.168,1850,7384
1000000.0,4,3.5,3180,12528,2.0,0,1,4,9,1120,1979,0,98177,47.7058,-122.379,2850,11410
289000.0,2,1.5,1160,2158,2.0,0,0,3,7,0,1982,0,98034,47.7178,-122.19,1150,2158
310000.0,3,1.75,1420,7650,1.0,0,0,4,7,320,1984,0,98056,47.4892,-122.182,1810,7650
280000.0,4,1.5,1940,6386,1.0,0,0,3,7,800,1954,0,98118,47.5533,-122.285,1340,6165
285750.0,3,2.25,1960,17126,1.0,0,0,3,8,560,1966,0,98055,47.4436,-122.21,2060,11466
460000.0,4,1.75,1870,8663,1.0,0,0,5,7,0,1949,0,98133,47.7366,-122.35,1560,7800
445000.0,3,2.5,1740,22089,1.0,0,0,4,8,610,1977,0,98070,47.3948,-122.435,2000,24925
385000.0,3,1.75,1900,5520,1.0,0,0,3,7,620,1982,0,98118,47.5549,-122.292,1330,5196
360000.0,3,2.5,1480,3851,2.0,0,0,3,8,0,1998,0,98072,47.7732,-122.163,1650,4716
230000.0,2,0.75,890,19703,1.0,0,0,3,6,0,1934,0,98045,47.4922,-121.783,1270,9800
224000.0,1,0.75,840,7203,1.5,0,0,3,6,0,1949,0,98168,47.4756,-122.301,1560,8603
640000.0,5,1.75,2020,6565,1.0,0,0,3,8,900,1956,0,98115,47.6821,-122.283,2020,6552
787888.0,4,2.25,2580,21115,2.0,0,0,4,9,0,1977,0,98040,47.5566,-122.219,2690,10165
360000.0,4,2.5,2050,9143,2.0,0,0,3,8,0,1992,0,98166,47.4597,-122.355,1510,9484
369160.0,4,2.25,2120,9680,2.0,0,2,4,8,0,1965,0,98003,47.3367,-122.332,2360,9647
360000.0,4,3.0,2483,6870,2.0,0,0,3,8,0,2005,0,98030,47.3627,-122.199,1943,6434
370000.0,3,2.0,1860,9100,1.5,0,0,3,8,0,1939,2006,98155,47.7522,-122.304,1620,9519
530000.0,5,1.75,1570,3000,2.0,0,0,4,7,0,1908,0,98105,47.6677,-122.316,1610,3000
729500.0,3,2.5,1660,1091,3.0,0,1,3,9,130,2015,0,98116,47.5818,-122.402,1510,1352
1375000.0,4,3.5,3500,9523,2.0,0,0,3,10,1040,1996,0,98033,47.6848,-122.208,3160,5997
622000.0,3,1.5,1650,3150,1.5,0,0,4,8,0,1929,0,98122,47.6156,-122.297,1650,4500
950000.0,4,2.75,3800,12200,2.0,0,3,4,10,0,1986,0,98006,47.5689,-122.156,3710,14796
107000.0,3,1.5,910,5120,1.0,0,0,3,6,0,1973,0,98106,47.5238,-122.356,1410,5132
1218000.0,4,3.0,3470,4750,2.0,0,2,3,9,1100,2014,0,98116,47.5917,-122.386,2420,4761
475000.0,3,2.5,950,1110,2.0,0,0,3,8,0,2003,0,98102,47.6226,-122.319,1230,1215
340500.0,3,2.5,3070,5871,3.0,0,0,4,8,560,1928,0,98178,47.5007,-122.223,2220,4000
170000.0,4,1.0,1920,13787,1.0,0,0,4,7,700,1966,0,98188,47.4502,-122.277,1490,11200
312500.0,4,0.5,2300,5570,2.0,0,0,3,8,0,1996,0,98092,47.3285,-122.168,1820,6371
160000.0,2,1.0,1180,9350,1.0,0,0,3,6,0,1918,0,98178,47.4889,-122.259,1780,9306
485000.0,5,1.75,2140,43124,1.0,0,2,4,7,920,1962,0,98027,47.5516,-122.085,2520,14677
535000.0,4,2.5,2200,110642,1.0,0,0,5,7,870,1979,0,98077,47.7409,-122.052,2290,51400
219000.0,4,1.0,1370,5339,1.5,0,0,4,6,0,1948,0,98168,47.5046,-122.3,1280,7048
337500.0,3,1.0,1020,6000,1.5,0,0,3,7,0,1900,0,98108,47.5254,-122.318,1240,6000
1000000.0,4,3.5,2990,4200,2.0,0,4,5,9,990,1925,0,98144,47.593,-122.289,2390,4200
900000.0,4,2.5,2230,4372,2.0,0,0,5,8,690,1935,0,98103,47.6698,-122.334,2020,4372
198000.0,3,1.5,1430,7347,1.0,0,0,3,7,610,1980,0,98023,47.2927,-122.369,1430,8723
833450.0,5,4.0,4460,269345,2.0,0,4,3,9,1130,1996,0,98027,47.4992,-122.06,2670,115434
359000.0,5,1.75,1940,6654,1.5,0,0,4,7,0,1953,0,98166,47.4663,-122.359,2300,9500
510000.0,3,2.5,2300,27566,2.0,0,0,3,9,0,1995,0,98019,47.7369,-121.96,2480,16650
798000.0,4,3.25,3500,10260,2.0,0,0,3,10,0,1987,0,98008,47.5902,-122.13,3500,10658
636000.0,3,2.5,2140,2770,2.0,0,0,3,8,370,2007,0,98052,47.6664,-122.131,2510,2708
366000.0,3,1.75,1510,8301,1.0,0,0,3,7,0,1967,0,98034,47.7243,-122.222,1460,7910
645000.0,3,2.5,1900,1258,2.5,0,0,3,7,200,2007,0,98119,47.6465,-122.358,1780,1877
760000.0,4,2.25,2500,8500,2.0,0,0,4,8,0,1979,0,98006,47.5569,-122.151,2470,9100
248000.0,3,1.0,1470,7680,1.0,0,0,3,7,250,1946,0,98106,47.5276,-122.359,1470,6784
323000.0,4,1.75,1440,8114,1.0,0,0,4,7,0,1963,0,98155,47.7639,-122.332,1940,7208
349500.0,3,2.0,1270,3600,1.0,0,0,3,7,0,1963,0,98122,47.6099,-122.297,1660,3600
825050.0,4,3.25,2860,3680,2.0,0,0,3,9,880,1925,1993,98115,47.6752,-122.3,2010,3680
475000.0,3,1.75,1780,8033,1.0,0,0,2,7,570,1977,0,98034,47.7275,-122.219,1630,7508
700000.0,4,2.5,2770,89298,2.0,0,0,3,8,0,2004,0,98053,47.6624,-122.01,2650,89298
435000.0,4,1.75,2290,4400,1.0,0,3,3,7,1000,1959,0,98126,47.5698,-122.375,1820,4000
1898000.0,4,4.5,4020,9656,2.0,0,0,3,10,0,2007,0,98004,47.6358,-122.207,1960,9520
961500.0,3,2.5,3910,14000,2.0,0,0,3,10,0,1999,0,98008,47.6374,-122.12,2280,14000
606000.0,4,2.5,2110,13850,2.0,0,0,3,9,0,1987,0,98027,47.5497,-122.077,2520,10194
402500.0,4,1.0,1270,3630,1.5,0,0,3,7,0,1903,0,98122,47.6135,-122.307,1420,4848
325000.0,3,2.0,1670,17071,1.0,0,0,3,7,570,1988,0,98014,47.69,-121.913,1660,15593
751000.0,3,2.5,2840,6854,2.0,0,0,3,9,0,2002,0,98075,47.6006,-121.978,2840,7398
233000.0,3,1.0,1980,8505,1.0,0,0,3,7,950,1965,0,98106,47.538,-122.353,1830,8505
216000.0,4,2.5,1847,8000,2.0,0,0,3,7,0,2008,0,98001,47.2874,-122.257,1767,8000
444000.0,3,2.0,1460,2610,2.0,0,0,3,8,0,1987,0,98103,47.6864,-122.345,1320,3000
1300000.0,4,2.5,3470,4160,2.0,0,0,3,9,990,1927,0,98119,47.63,-122.363,2280,5440
180500.0,3,2.5,1800,8518,2.0,0,0,3,7,0,1996,0,98030,47.3643,-122.185,1770,7570
287000.0,4,2.5,2240,4648,2.0,0,0,3,7,0,2005,0,98001,47.3378,-122.257,2221,4557
215000.0,3,1.5,1500,15000,1.0,0,0,3,7,0,1952,0,98031,47.3926,-122.208,1790,13905
411000.0,4,2.75,2500,5257,2.0,0,0,3,8,0,1966,0,98118,47.5293,-122.287,1660,5970
777000.0,3,3.25,3610,59677,2.0,0,0,3,10,1170,2003,0,98027,47.5464,-122.088,3130,65775
458000.0,4,3.5,3217,4000,2.0,0,0,3,8,630,2008,0,98055,47.4483,-122.203,2996,5418
195000.0,3,1.75,1140,9628,1.0,0,0,4,7,0,1969,0,98023,47.2933,-122.372,1510,9633
751750.0,2,2.0,1880,5400,1.5,0,0,3,8,0,1902,0,98112,47.6238,-122.311,1590,5400
195000.0,2,1.0,1080,3899,1.0,0,0,4,8,0,1972,0,98198,47.3792,-122.321,1090,3899
710000.0,4,2.75,2940,4232,2.0,0,0,3,9,0,2004,0,98029,47.5529,-121.99,2410,4000
556300.0,4,2.5,2030,7140,1.0,0,0,4,7,630,1968,0,98008,47.6244,-122.109,1800,7565
445000.0,4,2.5,2790,8111,2.0,0,0,3,9,310,2004,0,98058,47.4492,-122.116,2550,7634
280000.0,3,1.75,1590,27200,1.5,0,0,4,6,0,1926,0,98038,47.4238,-122.052,1820,74052
600000.0,3,1.0,1440,4300,1.5,0,0,3,8,0,1929,0,98117,47.6847,-122.372,1640,4500
345000.0,4,2.5,2420,11481,1.0,0,0,3,8,1050,1985,0,98003,47.341,-122.318,2290,8985
430000.0,3,2.25,2160,6527,2.0,0,0,4,7,580,1987,0,98034,47.7292,-122.212,1950,9675
381000.0,3,1.5,1460,11407,1.0,0,0,3,7,0,1954,0,98155,47.746,-122.294,1470,11407
675000.0,3,3.5,2300,5611,1.0,0,0,3,8,0,2004,0,98053,47.7122,-122.026,2170,5926
490000.0,2,1.0,2180,9300,1.0,0,0,4,7,1090,1947,0,98177,47.7032,-122.371,1830,7378
610000.0,4,2.5,2950,9010,2.0,0,0,3,9,0,2004,0,98065,47.531,-121.86,3160,8813
300000.0,3,2.5,1320,2614,2.0,0,0,3,7,0,2005,0,98118,47.5355,-122.283,1320,2533
473000.0,3,2.25,1890,12236,1.0,0,0,3,8,0,1978,0,98074,47.6232,-122.047,2390,12323
515000.0,3,1.75,1580,9147,1.0,0,1,4,7,370,1967,0,98008,47.6069,-122.112,2600,23564
695000.0,3,2.0,2500,4080,1.5,0,0,5,7,820,1922,0,98103,47.6813,-122.346,1550,3060
1240000.0,5,3.0,2830,7500,2.0,0,0,3,9,370,1923,0,98105,47.6579,-122.277,2900,5000
325000.0,4,3.25,2800,5291,2.0,0,0,3,7,0,2011,0,98022,47.1937,-121.977,2380,5291
450000.0,4,1.75,2160,4333,1.0,0,0,4,8,900,1942,0,98117,47.6893,-122.388,1670,4426
442900.0,4,1.75,1780,2788,1.0,0,0,4,6,890,1943,0,98199,47.6511,-122.4,1760,5664
215000.0,3,1.0,980,5600,1.0,0,0,2,6,0,1949,0,98106,47.5308,-122.361,1840,5302
216000.0,3,1.0,1730,7950,1.0,0,0,4,7,550,1961,0,98198,47.3644,-122.312,1830,8890
560000.0,3,2.0,2340,3477,1.0,0,1,5,7,1170,1971,0,98118,47.54,-122.267,2110,6300
457000.0,4,3.0,2800,7845,2.0,0,0,3,8,0,2002,0,98038,47.3544,-122.013,2800,6977
460000.0,4,2.25,2690,36114,2.0,0,0,4,9,0,1986,0,98092,47.3106,-122.116,2570,35091
279000.0,3,1.0,1530,15975,1.0,0,0,3,7,560,1952,0,98168,47.4766,-122.326,1540,15975
951000.0,5,3.25,3250,14342,2.0,0,4,4,8,0,1968,0,98008,47.588,-122.116,2960,11044
386180.0,2,1.5,960,1829,2.0,0,0,3,7,0,2005,0,98122,47.6032,-122.308,1470,1829
735000.0,4,2.25,2410,4250,1.5,0,0,5,7,950,1929,0,98117,47.6849,-122.376,1360,5074
357000.0,3,1.75,2400,14012,1.0,0,0,3,9,0,1971,0,98003,47.3371,-122.325,2800,13988
1280000.0,4,3.5,4340,5500,2.0,0,0,3,10,1490,2008,0,98199,47.6427,-122.397,1290,5500
329000.0,3,2.75,1920,7700,1.0,0,0,4,8,600,1978,0,98023,47.3213,-122.378,2040,8000
360000.0,4,2.5,2490,4751,2.0,0,0,3,7,0,2001,0,98056,47.4813,-122.188,2510,5233
650000.0,2,1.5,1440,136778,1.0,0,0,4,8,300,1956,0,98072,47.7608,-122.118,1740,21600
214950.0,3,1.75,1570,4875,1.0,0,0,4,7,260,1977,0,98042,47.3621,-122.094,1380,5200
270000.0,3,2.25,1760,8287,1.0,0,0,3,7,600,1986,0,98188,47.4501,-122.274,1290,9587
210000.0,2,1.5,880,1157,2.0,0,0,3,7,0,2007,0,98126,47.5188,-122.376,1070,1203
317000.0,3,1.0,1010,5400,1.0,0,0,3,6,0,1959,0,98144,47.5746,-122.293,960,5400
339950.0,4,2.5,2150,4000,2.0,0,0,3,7,0,2010,0,98038,47.3655,-122.018,1610,4000
479000.0,4,2.5,2590,6139,2.0,0,0,3,8,0,2001,0,98038,47.3883,-122.035,2410,6139
367999.0,4,2.75,3430,8000,1.5,0,0,4,8,0,1972,0,98023,47.3183,-122.382,2090,8000
450000.0,3,2.0,1610,4364,2.0,0,0,3,8,0,1996,0,98029,47.5672,-122.004,2010,4364
563225.0,3,1.0,2460,4000,1.5,0,0,4,7,1090,1918,0,98112,47.6268,-122.297,1680,4000
1010800.0,4,3.25,3610,4000,2.0,0,0,3,9,970,2007,0,98199,47.658,-122.396,1980,4000
215000.0,3,1.0,970,7275,1.0,0,0,4,7,0,1970,0,98031,47.4006,-122.188,1750,7200
365000.0,4,1.0,1590,7085,1.5,0,0,3,6,0,1944,0,98125,47.7315,-122.305,1320,7085
563950.0,4,2.75,3050,4750,2.0,0,0,3,8,0,2014,0,98059,47.4857,-122.153,2730,5480
782000.0,4,2.5,2830,20345,2.0,0,0,3,10,850,1979,0,98004,47.6462,-122.191,2830,13732
860000.0,4,1.75,1880,3720,1.5,0,0,4,7,0,1924,0,98109,47.6431,-122.356,2090,4095
427000.0,4,1.75,1460,9750,1.0,0,0,4,7,0,1967,0,98008,47.6205,-122.102,1820,9840
366750.0,3,3.0,1571,2017,3.0,0,0,3,8,0,2008,0,98125,47.7338,-122.309,1520,1497
325000.0,3,1.5,1270,1067,3.0,0,0,3,8,0,2009,0,98133,47.7236,-122.353,1090,1118
367000.0,4,2.5,2960,6219,2.0,0,0,3,9,0,2006,0,98038,47.3603,-122.037,2960,5361
385000.0,3,2.5,1520,1488,3.0,0,0,3,8,0,2006,0,98125,47.7337,-122.309,1520,1497
244000.0,2,1.0,960,8450,1.0,0,0,5,6,0,1950,0,98155,47.755,-122.316,1090,8450
257000.0,5,2.75,2930,10148,2.0,0,0,3,9,0,2002,0,98059,47.4887,-122.145,2930,8425
630000.0,4,2.0,1770,6000,2.0,0,0,5,7,0,1911,1981,98199,47.6493,-122.401,1340,6000
300000.0,3,2.5,1260,3855,2.0,0,0,3,8,0,1999,0,98059,47.4908,-122.154,1310,3344
445000.0,3,2.5,2210,8010,2.0,0,0,3,8,0,1998,0,98045,47.4845,-121.775,2430,9600
329950.0,3,1.75,1360,13320,1.0,0,0,4,7,0,1985,0,98059,47.4625,-122.069,1580,13625
375000.0,3,3.25,2760,6420,2.0,0,2,3,9,650,1991,0,98031,47.3895,-122.221,2030,7725
1155000.0,3,1.75,1640,10464,1.0,0,2,4,8,0,1968,0,98004,47.5873,-122.205,2630,18872
570000.0,3,1.5,1980,10203,1.0,0,0,4,7,300,1946,0,98010,47.3402,-122.046,1980,13664
505000.0,4,2.5,2420,5006,2.0,0,0,3,8,0,2013,0,98059,47.4795,-122.126,2750,5471
689000.0,4,2.75,3220,16145,2.0,0,0,3,10,0,1993,0,98075,47.5786,-121.995,3200,12921
1125000.0,4,2.5,2520,2600,2.0,0,0,5,8,850,1925,0,98119,47.6434,-122.358,2290,3600
204995.0,2,1.0,970,8185,1.0,0,0,5,6,0,1904,0,98031,47.4025,-122.201,1500,12541
415000.0,3,1.75,1770,10513,1.0,0,0,4,7,370,1982,0,98028,47.7726,-122.266,2070,9968
950000.0,4,2.5,3770,35081,2.0,0,0,3,10,0,1989,0,98053,47.6908,-122.051,4000,35492
1445000.0,4,2.5,3200,3600,3.0,0,3,4,9,600,1997,0,98119,47.632,-122.369,2490,4080
650000.0,3,2.5,2690,11575,1.0,0,3,3,8,560,1957,0,98028,47.7605,-122.267,2390,11782
773000.0,3,2.75,2470,3600,2.0,0,0,3,9,0,2007,0,98029,47.5406,-121.994,2570,3600
419950.0,3,2.25,2280,8500,1.0,0,0,4,7,600,1977,0,98034,47.7211,-122.166,1890,7700
905000.0,4,3.5,2980,3000,2.0,0,0,3,9,640,2008,0,98115,47.6768,-122.326,1810,4545
1339000.0,4,3.75,2130,34689,1.5,1,4,3,9,0,1955,0,98136,47.5489,-122.398,3030,28598
376000.0,4,2.75,2420,5773,2.0,0,0,3,8,0,2005,0,98038,47.3772,-122.029,2420,6200
245000.0,3,1.75,1720,9342,1.0,0,0,4,7,580,1981,0,98092,47.3177,-122.182,1330,7540
450000.0,2,2.0,1730,4248,2.0,0,0,3,7,0,1905,0,98144,47.5933,-122.308,1380,4000
568500.0,4,2.5,3010,6181,2.0,0,0,3,9,0,2000,0,98056,47.5212,-122.192,2960,6515
560000.0,4,2.5,2520,11240,1.0,0,0,3,8,1080,1977,0,98052,47.6748,-122.144,2360,10345
460000.0,5,2.5,3390,9760,1.0,0,0,5,8,1640,1978,0,98058,47.4462,-122.137,2360,9600
374000.0,3,1.75,2000,9416,1.0,0,0,4,6,0,1961,0,98033,47.697,-122.175,1440,9555
335000.0,4,2.5,1980,4745,2.0,0,0,3,7,0,2004,0,98038,47.3495,-122.04,1980,4878
725000.0,5,3.75,3360,6000,2.0,0,0,3,8,720,1963,1999,98118,47.558,-122.277,1930,6000
727000.0,4,3.0,3150,9703,2.0,0,0,3,9,0,2001,0,98075,47.5962,-122.018,3150,8819
468500.0,3,2.5,1350,1186,2.0,0,0,3,8,230,2007,0,98117,47.6786,-122.375,1500,1605
392440.0,4,2.5,2547,4800,2.0,0,0,3,9,0,2014,0,98092,47.2592,-122.194,2598,4800
375000.0,3,2.0,1410,10078,1.0,0,0,4,6,0,1983,0,98072,47.7587,-122.144,2090,9202
531500.0,4,2.75,3110,49765,1.0,0,0,4,8,0,1958,1972,98010,47.3343,-122.044,1880,19709
470000.0,3,2.0,1730,38884,1.0,0,0,3,8,0,1997,0,98038,47.4164,-121.951,2130,91040
691500.0,4,2.5,2600,7200,2.0,0,0,3,7,0,1962,2002,98115,47.6944,-122.274,1790,6175
253000.0,3,2.25,1440,9806,1.0,0,0,3,7,0,1965,0,98030,47.3857,-122.212,1590,9782
289900.0,3,1.0,1180,7068,1.0,0,0,3,6,0,1944,0,98178,47.4947,-122.238,1180,7068
345000.0,5,2.75,1940,4182,1.0,0,0,3,7,700,2002,0,98056,47.4911,-122.17,1950,4182
345000.0,3,1.0,1390,2640,1.5,0,0,3,7,160,1903,0,98122,47.6078,-122.307,1780,3920
300000.0,4,2.5,1840,5550,2.0,0,0,3,8,0,2004,0,98031,47.3937,-122.183,2030,5500
466000.0,3,2.25,1880,7279,1.0,0,0,3,7,600,1962,0,98155,47.7574,-122.322,2020,8274
460000.0,3,1.0,1670,4005,1.5,0,0,4,7,500,1939,0,98117,47.6878,-122.38,1240,4005
376000.0,2,1.0,1150,4000,1.0,0,0,3,7,0,1947,0,98199,47.6575,-122.394,1150,4288
840000.0,4,3.25,3160,6327,2.0,0,0,3,9,880,2004,0,98027,47.536,-122.066,3160,5946
369950.0,2,2.75,1370,1140,2.0,0,0,3,8,290,2009,0,98133,47.7053,-122.342,1370,1090
658600.0,4,2.0,1400,4690,1.5,0,0,4,7,0,1945,0,98117,47.6826,-122.378,1400,4690
830000.0,5,3.5,3490,21780,2.0,0,0,3,8,0,1996,0,98052,47.6707,-122.144,3070,7829
345000.0,3,2.5,1680,2229,2.0,0,0,3,7,0,2007,0,98155,47.7484,-122.322,1230,9300
342500.0,2,1.75,1210,7507,1.0,0,0,3,7,0,1982,0,98034,47.7078,-122.234,1840,7500
705000.0,3,1.0,1440,2618,1.5,0,0,4,7,0,1906,0,98103,47.6582,-122.336,1850,3990
398000.0,4,1.0,1420,6458,1.0,0,0,4,7,0,1953,0,98117,47.6988,-122.358,1670,6350
753000.0,3,1.75,2360,8290,1.0,0,0,4,7,1180,1950,0,98115,47.6738,-122.281,1880,7670
810000.0,4,3.5,3980,209523,2.0,0,2,3,9,0,2006,0,98024,47.5574,-121.89,2220,65775
325000.0,2,2.25,1150,711,2.0,0,0,3,7,0,2013,0,98027,47.5323,-122.07,1150,748
506000.0,5,3.75,3880,8370,2.0,0,0,4,7,0,2004,0,98056,47.4811,-122.179,2160,4651
985000.0,4,2.25,4230,37769,2.0,0,0,3,11,0,1989,0,98077,47.7287,-122.077,3890,37034
237600.0,2,1.0,1370,11584,1.0,0,0,4,6,0,1950,0,98198,47.4224,-122.293,1330,8012
1101000.0,3,1.5,2220,4830,2.0,0,3,3,9,430,1928,2010,98116,47.5825,-122.4,1670,4830
339900.0,3,2.5,2420,7423,2.0,0,0,3,8,0,1990,0,98092,47.3199,-122.186,2260,7629
364000.0,4,2.25,1750,10270,1.5,0,0,4,8,0,1968,0,98155,47.7612,-122.31,1750,10127
880000.0,3,2.0,2130,35169,1.0,0,0,4,8,0,1989,0,98072,47.7489,-122.123,2860,43560
170500.0,2,1.0,1060,7700,1.0,0,0,3,7,240,1981,0,98055,47.4599,-122.205,1370,8833
789000.0,3,3.0,3740,39640,2.0,0,2,3,10,0,1991,0,98070,47.4036,-122.462,2930,26136
795000.0,4,2.25,2070,13084,1.0,0,0,4,8,370,1967,0,98040,47.5606,-122.222,2520,10180
309933.0,3,1.75,1820,78408,1.0,0,0,3,6,600,1950,0,98042,47.3364,-122.128,1340,78408
725000.0,3,1.75,1880,13300,1.0,0,0,3,7,500,1967,0,98004,47.634,-122.204,3550,10883
400000.0,3,1.5,1890,6183,1.0,0,0,3,7,800,1967,0,98118,47.5396,-122.269,1750,6183
163000.0,2,2.0,1250,7543,1.0,0,0,3,7,0,1962,0,98198,47.4051,-122.296,1250,7506
180000.0,3,1.0,1010,8581,1.0,0,0,4,6,0,1920,0,98002,47.3043,-122.216,1060,10354
316000.0,3,2.25,2130,8721,1.0,0,0,3,8,560,1987,0,98031,47.4202,-122.204,2130,9477
330000.0,3,2.25,1340,4080,1.5,0,0,3,6,170,1907,0,98144,47.5722,-122.291,1670,4080
604000.0,4,3.0,1960,5000,1.0,0,0,5,7,910,1965,0,98136,47.5208,-122.393,1360,5000
307000.0,3,1.0,1370,7500,1.0,0,0,3,7,0,1960,0,98014,47.6499,-121.915,1160,7500
754950.0,3,2.5,2610,7256,2.0,0,0,3,9,0,2014,0,98033,47.695,-122.18,2610,7206
230000.0,3,1.5,1630,6625,1.0,0,0,5,7,650,1980,0,98023,47.29,-122.368,1440,7145
505400.0,3,1.75,1640,3400,1.0,0,0,4,7,710,1926,0,98105,47.6694,-122.3,1380,3750
521000.0,2,1.0,1050,7500,1.5,0,3,4,6,0,1910,0,98116,47.5577,-122.399,2540,13680
850000.0,2,1.75,1590,5136,1.5,0,3,3,9,270,1927,0,98199,47.6424,-122.411,2520,5243
740000.0,4,2.75,2890,4000,1.5,0,0,4,9,700,1931,0,98109,47.6419,-122.351,2280,4000
350000.0,3,2.5,1630,5996,2.0,0,0,3,7,0,1986,0,98055,47.4738,-122.19,1660,4504
548500.0,4,2.0,1820,7200,1.0,0,0,3,7,520,1976,0,98136,47.5161,-122.388,1770,8149
530000.0,3,3.5,1550,1233,2.0,0,0,3,8,390,2005,0,98122,47.6034,-122.309,1490,1539
445800.0,3,2.0,1320,6500,1.0,0,0,3,7,0,1947,0,98125,47.7119,-122.319,1110,6592
762000.0,3,1.75,2150,2527,2.0,0,0,4,8,750,1906,0,98103,47.6629,-122.329,1610,3663
735000.0,4,2.5,3100,8529,2.0,0,0,3,9,0,1990,0,98074,47.6252,-122.029,2710,8344
429000.0,5,2.5,2340,4500,2.0,0,0,3,7,0,2009,0,98059,47.4911,-122.154,2190,4500
324950.0,2,1.0,1150,9186,1.0,0,0,3,7,0,1946,0,98168,47.5081,-122.33,1390,10690
294000.0,3,2.0,1650,11256,1.0,0,0,4,7,400,1957,0,98168,47.4707,-122.26,1860,11256
1520000.0,5,3.5,5930,13288,2.0,0,2,3,11,2010,1996,0,98027,47.5542,-122.097,3860,12062
346500.0,5,2.5,2020,8250,1.0,0,0,4,8,590,1978,0,98058,47.4432,-122.135,1680,8959
463000.0,3,2.0,1590,5009,2.0,0,0,4,6,0,1985,0,98125,47.7012,-122.322,1730,6380
195000.0,3,1.5,1430,5200,1.0,0,0,4,7,400,1977,0,98042,47.3644,-122.094,1190,5200
1415000.0,4,3.25,3600,38016,2.0,0,2,3,11,290,1991,0,98034,47.7124,-122.253,2440,22693
499950.0,3,2.0,1360,2500,1.0,0,0,3,7,630,1986,0,98107,47.6753,-122.363,1630,5000
255000.0,3,2.0,1290,13282,1.0,0,0,3,7,0,1978,0,98030,47.3787,-122.169,1290,12357
575000.0,4,1.75,1280,6060,1.0,0,0,3,7,420,1926,0,98117,47.6805,-122.364,1490,4680
490000.0,3,2.5,1930,7266,2.0,0,0,3,8,0,2005,0,98125,47.7191,-122.309,1930,7266
435000.0,5,1.0,1410,6750,1.5,0,0,3,6,0,1929,0,98118,47.5453,-122.278,1360,6750
569500.0,4,2.5,2800,8190,1.0,0,0,3,8,1100,1971,0,98177,47.7695,-122.368,2460,8165
950000.0,4,2.5,3700,7051,2.0,0,0,3,11,0,2006,0,98029,47.5427,-121.995,3580,6175
1600000.0,5,3.25,4320,32840,2.0,0,0,3,12,0,1990,0,98006,47.5461,-122.122,4410,33210
420000.0,4,1.0,1510,1501,1.5,0,0,3,7,0,1906,0,98103,47.6526,-122.342,1560,1602
300500.0,2,1.5,1190,801,3.0,0,0,3,8,0,2010,0,98106,47.5212,-122.358,1190,810
201000.0,3,1.0,980,9682,1.0,0,0,3,7,0,1969,0,98031,47.4136,-122.207,1580,9682
340000.0,3,2.5,2240,6000,2.0,0,0,3,8,0,2003,0,98059,47.4837,-122.138,2400,6000
649000.0,3,2.0,1530,1442,3.0,0,0,3,9,0,2015,0,98107,47.6692,-122.372,1620,1456
382000.0,3,2.0,1360,4840,1.5,0,0,3,8,0,1936,0,98126,47.5487,-122.376,1450,4840
407500.0,3,2.5,1930,10460,2.0,0,0,3,8,0,1996,0,98059,47.4938,-122.161,2290,8228
400000.0,5,2.5,2510,7525,1.5,0,0,4,7,800,1929,0,98106,47.5422,-122.359,1270,6741
350000.0,4,2.5,2610,5866,2.0,0,0,3,8,0,2005,0,98038,47.3441,-122.04,2480,5188
162950.0,2,1.0,950,2784,1.0,0,0,4,8,0,1972,0,98198,47.3793,-122.321,1080,3899
385000.0,3,2.0,1320,1297,3.0,0,0,3,7,0,1995,0,98117,47.6959,-122.376,1380,1503
265000.0,4,3.0,1730,7264,2.0,0,0,3,6,0,1920,0,98168,47.4738,-122.264,1500,12104
286000.0,4,2.5,2060,16000,2.0,0,0,3,6,0,1993,0,98001,47.2849,-122.251,1530,8000
791000.0,5,1.75,2344,4800,1.5,0,0,4,7,800,1921,0,98103,47.6537,-122.335,1770,4200
453500.0,3,1.75,1550,7270,1.5,0,0,5,7,0,1953,0,98125,47.72,-122.317,1050,7210
470000.0,3,2.5,2000,8424,1.0,0,0,4,7,700,1968,0,98034,47.7089,-122.201,2110,8400
552000.0,3,1.0,1120,2300,1.0,0,0,4,7,300,1912,0,98117,47.6797,-122.384,1430,5100
567000.0,3,2.25,1800,6875,1.0,0,0,4,8,570,1974,0,98052,47.6773,-122.11,1800,8749
399950.0,4,2.75,1920,4400,1.0,0,0,4,6,960,1906,0,98106,47.5532,-122.365,1040,4400
970000.0,5,3.5,3400,9804,2.0,0,0,3,9,850,2008,0,98118,47.543,-122.266,2380,7440
330000.0,3,1.0,1030,7620,1.0,0,0,3,7,0,1953,0,98126,47.5281,-122.375,1030,7560
485000.0,4,2.5,2420,10603,1.0,0,0,5,7,1210,1958,0,98028,47.7397,-122.259,1750,10800
1350000.0,4,4.75,5230,89298,2.5,0,0,3,11,0,2002,0,98038,47.4097,-122.063,4110,107153
775000.0,4,2.75,3500,6226,2.0,0,0,3,9,0,2004,0,98053,47.6846,-122.045,3480,7222
825000.0,5,3.0,3070,8474,2.0,0,0,3,9,0,2011,0,98033,47.6852,-122.184,3070,8527
340000.0,4,2.25,2180,8000,1.0,0,0,4,9,550,1975,0,98023,47.317,-122.378,2310,8000
760000.0,6,3.75,3810,6150,2.0,0,0,4,8,0,1977,0,98103,47.694,-122.34,1830,5125
740000.0,4,2.5,2300,9900,1.0,0,2,3,8,700,1961,0,98136,47.5256,-122.385,2510,7500
355000.0,3,2.25,2550,9674,1.0,0,0,3,7,700,1959,0,98178,47.4856,-122.247,2240,9674
481000.0,3,1.75,1560,3000,1.0,0,0,4,6,790,1918,0,98103,47.6846,-122.345,1390,3000
388500.0,4,2.5,1890,5395,2.0,0,0,3,7,0,2006,0,98065,47.5415,-121.883,2060,5395
1050000.0,4,3.25,3680,8580,1.0,0,3,5,10,1840,1959,0,98136,47.5266,-122.387,2700,9100
555000.0,4,2.75,2600,19275,1.0,0,0,3,8,980,1978,0,98006,47.5523,-122.162,2230,10119
311000.0,4,2.5,2090,11645,1.0,0,0,3,7,890,1962,0,98168,47.4759,-122.299,1450,9481
140000.0,1,1.0,730,6890,1.0,0,0,4,4,0,1926,0,98055,47.467,-122.215,1790,7969
215000.0,2,1.0,1010,6000,1.0,0,0,4,6,0,1944,0,98133,47.771,-122.353,1610,7313
255950.0,3,2.5,1720,3676,2.0,0,0,3,7,0,1992,0,98031,47.4039,-122.188,1720,3510
790000.0,4,3.0,3180,12070,2.0,0,0,4,9,0,1976,0,98074,47.6371,-122.058,3110,12600
1660000.0,4,3.25,4240,11189,2.0,0,2,3,10,0,2006,0,98033,47.6526,-122.191,3390,12540
689000.0,3,2.5,2080,9612,1.0,0,3,4,8,380,1940,0,98125,47.7293,-122.283,2560,10202
260000.0,2,1.0,770,7906,1.0,0,0,4,6,0,1948,0,98155,47.766,-122.32,990,7906
247200.0,3,1.75,1370,8719,1.0,0,0,3,7,0,1982,0,98042,47.3664,-122.087,1370,7525
1049000.0,3,2.25,2610,3357,2.0,0,0,4,7,630,1926,0,98112,47.638,-122.306,1940,3357
449000.0,4,2.5,1980,5400,2.0,0,0,3,8,0,1998,0,98056,47.5182,-122.207,1980,5400
940000.0,4,3.0,2720,11740,1.0,0,0,5,9,0,1957,0,98040,47.5833,-122.242,2640,11740
285500.0,4,1.75,1960,7950,1.0,0,0,4,8,0,1967,0,98023,47.3109,-122.377,1960,8400
415000.0,3,1.75,2410,8944,1.0,0,0,4,8,550,1967,0,98058,47.4494,-122.139,2750,9600
267000.0,3,2.5,1760,6477,2.0,0,0,4,8,0,1986,0,98030,47.3731,-122.172,1890,6800
661000.0,4,2.25,1990,4600,1.5,0,2,4,8,570,1932,0,98126,47.5638,-122.38,1810,5750
165000.0,3,1.0,910,8700,1.0,0,0,4,6,0,1943,0,98188,47.449,-122.29,1090,8700
685000.0,3,2.0,2210,5000,1.5,0,2,3,7,500,1909,0,98103,47.6754,-122.357,1920,5000
592500.0,2,2.0,1870,4751,1.0,0,0,3,8,0,2006,0,98053,47.7082,-122.015,2170,5580
530000.0,3,2.5,2030,10958,2.0,0,0,3,8,0,1983,0,98052,47.7251,-122.11,1960,10282
540000.0,3,2.5,2370,16455,1.0,0,0,5,7,730,1959,0,98155,47.7634,-122.277,2170,15551
442500.0,3,1.75,1600,10280,1.0,0,0,3,7,550,1977,0,98034,47.725,-122.174,1590,8100
299900.0,2,1.0,810,6150,1.0,0,0,3,7,0,1950,0,98133,47.7289,-122.34,1080,7200
260000.0,3,2.5,1600,2244,2.0,0,0,3,7,0,2005,0,98056,47.4899,-122.164,1600,1700
583500.0,3,2.25,3530,13000,2.5,0,0,4,10,0,1985,0,98042,47.3823,-122.159,2960,13000
441000.0,3,2.75,1910,7280,1.0,0,0,3,7,750,1979,0,98034,47.7319,-122.224,1710,8152
230000.0,5,2.0,1930,6120,1.5,0,0,3,6,0,1941,1969,98146,47.5073,-122.337,1130,6120
324747.0,3,2.5,2060,4742,2.0,0,0,3,8,0,2014,0,98038,47.3706,-122.017,2370,4725
352000.0,2,0.75,760,33801,1.0,0,0,4,4,0,1931,0,98059,47.4703,-122.076,1100,39504
425000.0,2,1.0,1320,8830,1.0,0,0,3,7,300,1939,0,98199,47.6433,-122.404,1620,8531
496000.0,3,3.5,3090,27598,2.0,0,2,4,9,1070,1995,0,98070,47.3541,-122.453,2180,17085
415950.0,3,1.75,1150,7700,1.0,0,0,3,7,0,1957,0,98008,47.6048,-122.121,1650,8000
594950.0,4,2.5,2720,10006,2.0,0,0,3,9,0,1989,0,98074,47.6295,-122.042,2720,10759
361000.0,3,1.5,1200,7236,1.0,0,0,3,7,0,1975,0,98011,47.739,-122.194,1680,7800
280000.0,2,1.0,1010,3000,1.0,0,0,4,7,0,1925,0,98045,47.4965,-121.785,1150,7000
665000.0,5,2.25,3320,60984,2.0,0,0,3,9,0,2000,0,98045,47.4862,-121.718,1580,55322
440000.0,2,1.0,1230,6600,1.0,0,0,3,7,100,1906,0,98118,47.5573,-122.282,1260,5060
752000.0,4,2.5,2570,8178,1.0,0,2,3,8,860,1961,0,98118,47.5483,-122.261,2050,7500
500000.0,3,1.5,1320,8100,1.0,0,0,4,7,0,1951,0,98177,47.7194,-122.371,1480,8100
522500.0,4,2.75,2200,122403,1.5,0,0,3,7,0,1971,0,98014,47.6301,-121.911,1710,74487
370000.0,3,2.25,1650,4859,2.0,0,0,3,7,0,1988,0,98011,47.7729,-122.172,1890,5018
290000.0,4,2.0,1630,7618,1.5,0,0,3,7,0,1967,0,98198,47.3658,-122.317,1320,8774
352000.0,2,2.5,1320,1957,1.0,0,0,3,8,660,2004,0,98106,47.5364,-122.365,1420,2198
1400000.0,3,2.0,2020,5500,1.5,0,3,3,10,230,1937,0,98199,47.6388,-122.409,2580,5500
355000.0,3,1.75,1960,7705,1.0,0,0,4,7,980,1950,0,98106,47.53,-122.347,1380,4349
1400000.0,4,2.5,4040,9630,1.0,0,3,4,9,2020,1951,0,98199,47.6408,-122.41,3160,8025
529100.0,2,1.0,1290,6528,1.5,0,0,4,7,0,1941,0,98115,47.694,-122.29,1670,5712
517500.0,3,2.5,1810,4332,2.0,0,0,3,8,0,1992,0,98029,47.5776,-121.996,1740,4332
257000.0,4,1.75,1900,22896,1.5,0,0,3,7,540,1922,1990,98010,47.3102,-122.023,1300,8960
353000.0,4,2.5,1830,5331,2.0,0,0,3,7,0,2002,0,98038,47.3557,-122.016,1830,5175
267500.0,2,1.0,960,5150,1.0,0,0,5,6,0,1951,0,98126,47.5201,-122.372,1010,5000
180000.0,5,1.0,1460,11726,1.5,0,0,3,6,170,1936,0,98146,47.5039,-122.361,1460,10450
265800.0,3,1.75,1460,7361,1.0,0,0,3,6,0,1982,0,98019,47.7436,-121.979,1460,7505
435000.0,3,2.0,2570,233481,1.5,0,0,4,8,0,1986,0,98038,47.4199,-122.034,2280,157687
300000.0,3,2.5,1750,4200,2.0,0,0,3,7,0,2005,0,98038,47.3605,-122.04,1890,4048
369950.0,3,2.5,1360,3718,2.0,0,0,3,7,0,1987,0,98052,47.6827,-122.097,1090,3718
440000.0,4,2.5,2880,8061,2.0,0,0,3,9,0,1988,0,98058,47.439,-122.152,2650,7660
626500.0,3,1.75,1610,3210,1.0,0,0,5,7,700,1928,0,98103,47.6656,-122.335,1420,3210
275000.0,2,1.0,1140,10404,1.0,0,0,3,5,0,1935,0,98155,47.7497,-122.286,2200,11550
385000.0,4,2.5,2630,5701,2.0,0,0,3,7,0,2010,0,98042,47.375,-122.16,2770,5939
909500.0,4,4.0,4420,5940,2.0,0,0,3,10,1010,2006,0,98027,47.5397,-122.072,4510,5797
1090000.0,4,2.5,4340,141570,2.5,0,0,3,11,0,1992,0,98053,47.6805,-122.048,2720,97138
448000.0,2,2.0,1670,7772,1.0,0,0,4,6,810,1919,0,98126,47.5461,-122.377,1300,7770
465000.0,4,2.5,2820,39413,2.0,0,0,4,9,0,1989,0,98092,47.3064,-122.1,2910,39413
730000.0,4,2.75,3660,150282,2.0,0,0,3,10,0,1990,0,98053,47.6813,-122.048,3090,53578
625000.0,3,1.5,1300,7200,1.0,0,0,5,7,0,1960,0,98033,47.6821,-122.196,2280,7200
178000.0,3,1.0,840,6500,1.0,0,0,5,6,0,1969,0,98042,47.3704,-122.08,870,5200
230000.0,4,2.0,1440,10800,1.0,0,0,4,7,0,1967,0,98001,47.3417,-122.283,1190,7380
1989000.0,3,2.5,2880,13500,1.0,0,4,5,8,1360,1950,0,98004,47.6281,-122.216,3710,20486
445000.0,3,1.75,1410,5100,1.0,0,0,4,7,300,1954,0,98125,47.7026,-122.29,1600,7800
750000.0,2,2.25,1890,5400,2.0,0,0,5,8,280,1905,0,98105,47.6688,-122.31,2820,4860
215000.0,3,1.5,1610,5304,1.0,0,0,4,6,0,1968,0,98042,47.3632,-122.087,1060,5304
395000.0,3,1.75,1620,8085,1.0,0,0,3,7,410,1976,0,98011,47.7349,-122.197,1700,8085
719000.0,3,3.0,1833,1706,3.0,0,0,3,9,0,1998,0,98115,47.6827,-122.325,1466,1455
205000.0,3,1.5,1420,5000,1.0,0,0,3,7,500,1987,0,98198,47.4192,-122.33,1400,7500
482000.0,5,2.25,2230,9600,1.0,0,0,3,8,910,1978,0,98077,47.7466,-122.076,2080,9760
1105000.0,4,1.5,2740,4000,2.0,0,0,5,9,810,1905,0,98109,47.6343,-122.352,1680,4000
710000.0,4,2.0,1740,9000,1.0,0,0,5,8,0,1958,0,98033,47.6815,-122.198,1850,7700
288349.0,3,1.0,1250,18616,1.0,0,0,4,6,0,1972,0,98010,47.3414,-122.047,1920,15654
300000.0,4,2.5,2303,3826,2.0,0,0,3,8,0,2006,0,98092,47.3258,-122.165,2516,4500
852000.0,3,3.0,2400,4000,2.0,0,0,3,7,540,1905,0,98102,47.6288,-122.321,1750,3940
774888.0,3,2.25,2420,23507,1.0,0,0,4,8,0,1969,0,98027,47.5107,-122.027,2540,22257
319000.0,4,1.0,1730,36356,1.5,0,0,4,6,0,1954,0,98031,47.4135,-122.199,1380,14060
375000.0,2,1.0,820,6250,1.0,0,0,4,5,0,1922,0,98136,47.5479,-122.384,1300,6250
380000.0,4,2.5,2500,11070,1.0,0,2,4,8,1200,1964,0,98003,47.336,-122.334,2500,11070
1075000.0,3,2.5,2830,56628,2.0,0,0,3,11,0,2001,0,98011,47.7409,-122.198,2830,16430
775000.0,3,2.5,3550,32807,2.0,0,0,3,9,0,1989,0,98077,47.7292,-122.082,3270,35001
400000.0,3,2.5,2120,3757,2.0,0,0,3,7,0,2006,0,98059,47.4787,-122.128,2230,4103
196700.0,2,1.0,1090,9994,1.0,0,0,3,7,0,1954,0,98168,47.4761,-122.287,1090,11700
373000.0,3,1.75,1310,7811,1.0,0,0,3,7,0,1976,0,98034,47.7319,-122.167,1530,7800
337000.0,3,1.75,1440,11364,1.0,0,0,3,7,0,1985,0,98155,47.743,-122.328,1950,9390
340000.0,3,2.0,1410,10015,1.0,0,3,3,6,0,1993,0,98045,47.4948,-121.776,1570,10485
1250000.0,5,5.0,5000,32909,2.0,0,0,3,10,0,2000,0,98075,47.6012,-122.022,3030,12601
455000.0,3,1.0,1480,13280,2.5,0,0,3,6,0,1940,0,98027,47.5378,-122.043,1510,8723
685000.0,3,2.5,2520,10175,1.0,0,0,3,8,890,1979,0,98027,47.5652,-122.089,2220,8388
1385000.0,5,3.75,3290,6480,2.0,0,0,5,10,1100,1938,0,98199,47.653,-122.415,2010,7639
496800.0,4,2.25,1850,2340,2.5,0,0,3,8,0,2014,0,98126,47.543,-122.372,1850,2340
245000.0,4,1.75,1930,7650,1.0,0,0,4,8,650,1981,0,98023,47.3078,-122.386,1860,8800
410000.0,4,1.75,2320,7500,1.0,0,0,3,7,1100,1955,0,98133,47.7574,-122.343,2230,7500
355000.0,4,2.5,2770,7000,1.0,0,0,4,7,830,1979,0,98001,47.3396,-122.256,2140,7684
434000.0,3,2.75,1830,3200,2.0,0,0,3,8,0,1991,0,98034,47.7155,-122.218,2030,3331
424000.0,4,2.0,2100,4857,2.0,0,0,3,8,0,1965,1984,98155,47.7521,-122.279,1450,5965
480000.0,4,3.0,2440,9664,2.0,0,0,3,8,550,1981,0,98028,47.7649,-122.253,2380,9609
565000.0,4,2.5,2280,9725,2.0,0,0,3,8,0,1986,0,98072,47.7568,-122.141,2140,8780
639983.0,5,3.0,2800,5700,2.0,0,0,3,8,0,2014,0,98059,47.4969,-122.145,2910,5349
299000.0,3,2.25,2540,9961,1.0,0,0,4,8,1220,1969,0,98031,47.41,-122.208,1870,10251
592500.0,6,4.5,3500,8504,2.0,0,0,3,7,0,1980,0,98155,47.7349,-122.295,1550,8460
287000.0,3,1.5,1150,11475,1.0,0,0,3,7,0,1971,0,98045,47.4629,-121.744,1640,11475
260000.0,3,2.5,1670,5797,2.0,0,0,3,7,0,1988,0,98030,47.3505,-122.179,1670,6183
275000.0,5,1.75,2180,9178,1.0,0,0,3,7,1040,1963,0,98188,47.4364,-122.28,2140,9261
487000.0,2,2.5,1470,2533,2.0,0,0,3,8,0,2005,0,98033,47.6874,-122.165,1470,6511
265000.0,3,1.5,1460,8505,1.0,0,0,4,7,0,1955,0,98055,47.4402,-122.195,1580,8505
563500.0,4,2.5,2190,4944,2.0,0,0,3,8,0,1999,0,98065,47.5341,-121.866,2190,5108
570000.0,2,1.0,1500,6685,1.0,0,0,3,7,310,1926,0,98133,47.7186,-122.354,1420,6561
550000.0,4,3.0,2760,13113,1.0,0,0,4,8,1000,1974,0,98028,47.7669,-122.268,1900,13113
1250000.0,3,2.75,2780,4815,3.0,0,2,3,10,0,1974,0,98105,47.6569,-122.286,2820,5000
579000.0,3,1.75,1800,4429,2.0,0,0,4,7,0,1906,0,98103,47.6842,-122.357,1310,4429
996000.0,3,3.25,3620,8131,2.0,0,0,4,10,890,1988,0,98040,47.5776,-122.214,2040,3776
246000.0,3,2.0,1990,203861,1.0,0,0,3,7,0,1949,0,98022,47.2507,-122.039,2760,217800
590000.0,4,2.5,2940,12600,1.0,0,0,4,8,1090,1974,0,98074,47.6294,-122.062,2030,11770
233000.0,3,2.0,1710,4697,1.5,0,0,5,6,0,1941,0,98002,47.3048,-122.218,1030,4705
700000.0,3,2.0,2080,3880,1.0,0,0,5,7,920,1954,0,98117,47.686,-122.391,1330,3880
555000.0,3,3.0,2410,12183,2.0,0,0,3,9,0,1988,0,98011,47.747,-122.177,2540,9979
411000.0,2,2.25,1910,108900,1.0,0,0,4,7,900,1972,0,98038,47.4206,-122.023,2050,108900
200000.0,2,1.75,910,2693,1.0,0,0,3,6,0,2003,0,98038,47.3493,-122.025,1360,2693
330000.0,3,1.0,1060,20040,1.0,0,0,3,6,0,1943,0,98034,47.7281,-122.235,1768,10800
407000.0,2,2.5,1700,6635,2.0,0,0,4,8,0,1976,0,98052,47.6655,-122.13,1700,6635
340000.0,3,1.0,1010,7500,1.0,0,0,4,7,0,1975,0,98074,47.6169,-122.062,1230,7500
465000.0,3,2.25,1530,1245,2.0,0,0,3,9,480,2014,0,98122,47.6018,-122.297,1530,2307
325000.0,3,1.0,990,6750,1.0,0,0,4,6,0,1947,0,98133,47.7125,-122.331,1440,6860
2544750.0,5,4.75,5410,13431,2.0,0,0,4,10,360,1941,0,98112,47.6306,-122.288,3750,11596
535000.0,4,2.5,2710,12138,1.0,0,0,3,8,1010,1968,0,98155,47.7657,-122.29,2390,10052
265000.0,3,1.75,1450,5858,1.0,0,0,4,7,0,1991,0,98038,47.3482,-122.037,1520,6573
430000.0,3,2.5,1440,7320,1.0,0,0,5,7,0,1954,0,98125,47.7179,-122.316,1160,6941
805000.0,3,2.5,2690,17461,2.0,0,3,3,10,0,1997,0,98074,47.654,-122.088,3610,16887
460000.0,2,1.0,1430,12092,1.0,0,0,4,7,0,1938,0,98125,47.7023,-122.276,2320,10800
455000.0,3,2.0,1640,9825,1.0,0,0,4,7,550,1971,0,98034,47.7244,-122.2,1500,9750
687500.0,4,2.75,3190,10970,2.0,0,0,3,10,0,1994,0,98075,47.5862,-122.029,2850,8416
435000.0,2,1.0,750,2786,1.0,0,0,5,7,0,1947,0,98117,47.6892,-122.393,1700,4653
715000.0,3,3.25,3230,5000,2.0,0,0,3,9,0,2006,0,98029,47.5558,-122.002,2670,3977
387000.0,3,1.0,1530,6372,1.0,0,0,3,7,320,1962,0,98118,47.535,-122.289,1960,6426
1160000.0,4,3.5,4680,9700,2.0,0,0,3,10,1320,2005,0,98006,47.5703,-122.165,2800,12343
147200.0,3,1.0,1420,9600,1.0,0,0,4,6,0,1954,0,98188,47.4232,-122.292,1400,8415
525000.0,3,1.75,1600,9579,1.0,0,0,3,8,420,1977,0,98072,47.7662,-122.159,1750,9829
459995.0,4,2.5,2350,3760,2.0,0,0,3,8,0,2014,0,98059,47.4786,-122.123,2590,4136
665000.0,5,2.75,2330,8000,1.0,0,0,4,7,780,1972,0,98052,47.6651,-122.144,1750,8419
527500.0,5,2.25,2530,8250,2.0,0,0,4,7,0,1961,0,98007,47.6117,-122.134,2020,8250
135000.0,2,1.0,600,6120,1.0,0,0,3,5,0,1943,1989,98168,47.5,-122.317,1090,6120
395000.0,4,1.0,1980,10350,1.0,0,0,4,7,550,1968,0,98027,47.5226,-122.045,1890,13140
862500.0,4,2.75,3280,24440,2.0,0,0,3,10,0,1996,0,98077,47.7073,-122.07,3490,25138
1150000.0,3,2.5,3160,24437,1.0,0,3,3,11,1000,1991,0,98006,47.5531,-122.131,3990,11977
210000.0,3,1.75,1590,7617,2.0,0,0,3,7,0,1986,0,98198,47.3819,-122.312,1490,7450
285000.0,3,2.25,1840,6214,1.0,0,0,4,7,570,1983,0,98031,47.4043,-122.185,1840,6214
450000.0,3,1.75,1360,5445,1.0,0,0,4,7,0,1957,0,98008,47.6071,-122.123,1570,7840
678000.0,3,2.5,2640,5964,2.0,0,0,3,9,0,2003,0,98052,47.7043,-122.128,2680,5211
550000.0,3,2.0,3650,843309,2.0,0,0,4,7,0,1991,0,98070,47.3627,-122.496,1870,273992
440000.0,3,1.0,1250,8412,1.0,0,0,4,7,0,1975,0,98052,47.7012,-122.131,1840,8976
365000.0,4,1.5,1820,12327,1.0,0,0,4,7,440,1955,0,98006,47.5767,-122.144,1450,9256
398000.0,4,1.0,1430,6240,1.5,0,0,5,7,0,1953,0,98125,47.7272,-122.311,1410,6240
485000.0,3,1.75,1790,6775,1.0,0,2,3,8,0,1951,0,98126,47.5412,-122.377,1310,6028
430000.0,4,1.75,1890,6000,1.0,0,0,4,6,780,1947,0,98125,47.7274,-122.305,1560,6356
326000.0,6,3.0,2580,8064,1.5,0,0,3,7,700,1913,0,98118,47.5549,-122.287,1510,6084
476500.0,4,2.5,2250,50155,2.0,0,0,3,8,0,1998,0,98045,47.449,-121.756,2040,57857
765000.0,4,2.75,2660,4500,1.5,0,0,5,8,800,1909,0,98103,47.6864,-122.347,1830,4000
760000.0,3,1.75,1410,15120,1.0,0,0,4,7,0,1950,0,98004,47.5974,-122.195,1880,15120
418000.0,4,3.25,3266,5969,2.0,0,0,3,8,0,2014,0,98023,47.2975,-122.35,3087,5169
500000.0,3,2.25,1440,15661,1.0,0,0,3,8,260,1988,0,98074,47.6225,-122.038,1440,13963
250000.0,3,2.0,1590,8100,1.0,0,0,3,7,530,1996,0,98038,47.3611,-122.047,1590,8100
536000.0,3,2.5,1990,7397,2.0,0,0,3,9,0,1993,0,98072,47.7703,-122.165,2210,7397
1411600.0,2,2.5,3180,9400,2.0,0,4,5,10,570,1985,0,98006,47.5617,-122.158,3760,9450
525000.0,3,2.25,1750,1879,3.0,0,0,3,8,0,2001,0,98107,47.6722,-122.391,1750,3155
225000.0,3,1.0,1250,7820,1.0,0,0,3,7,0,1967,0,98001,47.3397,-122.291,1300,7920
250275.0,2,1.0,790,11234,1.0,0,0,4,6,0,1942,0,98166,47.4413,-122.349,1930,11871
725000.0,4,1.75,2350,7574,1.0,0,0,3,8,630,1979,0,98027,47.5634,-122.087,2220,8496
875000.0,3,2.5,1820,6848,1.0,0,0,4,7,0,1953,0,98004,47.6287,-122.207,2080,11700
1670000.0,5,3.5,4320,40816,2.0,0,0,4,11,0,1997,0,98004,47.644,-122.185,4320,44584
1355000.0,3,2.5,3600,21399,1.0,0,3,3,9,1290,1950,2007,98008,47.6191,-122.099,2830,17559
395000.0,2,1.0,960,6700,1.0,0,0,3,7,0,1951,0,98103,47.6955,-122.357,1350,6700
217450.0,3,1.0,1040,5000,1.0,0,0,3,7,0,1959,0,98146,47.5122,-122.358,1440,5000
395000.0,2,1.75,1400,2500,1.0,0,0,5,7,690,1916,0,98116,47.5628,-122.391,1250,5700
595000.0,2,1.5,870,4800,1.0,0,0,3,7,0,1924,0,98119,47.6509,-122.37,2090,4800
275000.0,4,1.0,1080,26114,1.5,0,0,5,5,0,1900,0,98030,47.3834,-122.215,1720,20360
428000.0,3,1.75,2120,9350,1.0,0,0,3,7,840,1979,0,98072,47.7562,-122.145,2200,9000
255000.0,3,1.75,1740,8800,1.0,0,0,3,7,600,1978,0,98023,47.2968,-122.372,1690,7920
468000.0,4,2.5,3040,20682,2.0,0,0,3,7,0,2000,0,98019,47.7245,-121.959,2670,9742
580000.0,3,2.5,2200,11000,2.0,0,2,3,9,0,1978,0,98008,47.5916,-122.112,2200,12851
830000.0,5,3.5,2880,3750,2.0,0,2,3,8,610,2001,0,98144,47.5905,-122.292,2060,4000
357000.0,3,1.5,1590,6750,1.0,0,0,3,7,510,1976,0,98034,47.73,-122.191,1590,7400
337000.0,3,1.0,1070,6109,1.0,0,0,5,7,0,1951,0,98125,47.7207,-122.32,1170,7200
455000.0,4,1.75,2050,94525,1.0,0,0,4,7,800,1959,0,98058,47.4492,-122.084,2270,47480
330000.0,3,2.0,2500,10697,1.0,0,0,3,8,0,1994,0,98022,47.1927,-122.01,2560,9772
500000.0,2,1.0,1440,7130,1.0,0,2,3,7,230,1948,0,98115,47.6778,-122.267,1970,7130
270000.0,2,1.0,1150,3600,1.0,0,0,3,6,0,1910,0,98144,47.5729,-122.31,1160,4000
393000.0,2,1.0,1020,4200,1.0,0,0,5,6,0,1923,0,98136,47.5319,-122.391,1660,4200
749950.0,4,3.5,2630,3757,2.0,0,0,3,10,430,2008,0,98027,47.5322,-122.075,2620,2699
228000.0,3,1.0,1190,9199,1.0,0,0,3,7,0,1955,0,98148,47.4258,-122.322,1190,9364
178000.0,3,1.0,1100,5734,1.0,0,0,4,7,0,1955,0,98030,47.3632,-122.174,1770,6050
360000.0,3,2.5,1530,1131,3.0,0,0,3,8,0,2009,0,98103,47.6993,-122.346,1530,1509
2500000.0,4,4.5,4300,19844,2.0,0,0,3,11,0,1985,1999,98039,47.6218,-122.237,3070,19845
210000.0,3,2.0,960,9380,1.0,0,0,3,6,0,1949,0,98146,47.4852,-122.343,1460,9240
615000.0,3,1.75,2360,7291,1.0,0,0,4,8,1000,1948,0,98136,47.5274,-122.384,1860,5499
775000.0,4,4.0,3180,7650,2.0,0,0,3,8,650,1920,0,98115,47.6887,-122.319,2000,4080
215000.0,3,1.75,1770,29004,1.0,0,0,3,8,0,1959,0,98023,47.3204,-122.364,2300,24534
241000.0,3,1.0,1020,7538,1.0,0,0,3,7,0,1981,0,98032,47.3587,-122.288,1650,7201
280500.0,3,1.0,1220,4541,1.0,0,0,3,7,330,1952,0,98108,47.5387,-122.294,1670,3429
199990.0,3,1.0,840,5200,1.0,0,0,3,6,0,1969,2014,98042,47.3685,-122.077,870,5200
300000.0,3,1.0,930,5160,1.5,0,0,5,6,0,1919,0,98106,47.5256,-122.357,1060,5160
429900.0,4,3.25,2880,5929,2.5,0,0,3,8,0,2014,0,98023,47.2752,-122.349,2880,5846
704000.0,4,2.25,2490,6973,1.0,0,0,4,8,1000,1953,0,98199,47.6516,-122.409,1780,5612
688000.0,5,1.75,2250,13526,1.0,0,1,3,8,900,1957,0,98125,47.7108,-122.279,2580,10078
199950.0,1,1.5,1048,4800,1.0,0,0,3,7,0,1942,0,98055,47.4759,-122.212,950,4800
405000.0,3,1.5,1280,9600,1.0,0,0,4,7,0,1960,0,98033,47.6922,-122.163,1510,10005
533112.0,4,2.75,2790,8853,2.0,0,0,3,8,0,2013,0,98045,47.4842,-121.772,2790,8092
640500.0,2,1.75,1640,6750,1.0,0,0,4,8,300,1939,0,98125,47.7068,-122.308,1760,7490
2196000.0,4,3.25,4250,18000,2.0,0,3,5,10,900,1980,0,98040,47.5612,-122.229,3790,14537
294350.0,3,1.0,1410,5120,1.5,0,0,3,6,200,1925,0,98106,47.5238,-122.355,1330,5120
925850.0,6,3.25,3140,14923,2.0,0,0,3,10,0,1991,0,98006,47.5411,-122.133,2980,10758
428000.0,2,2.0,1350,3900,1.0,0,0,3,8,0,2003,0,98053,47.7094,-122.03,1440,3900
330000.0,3,2.5,1660,2890,2.0,0,0,3,7,0,2001,0,98108,47.5434,-122.293,1540,2890
590000.0,4,2.5,2240,9385,2.0,0,0,3,8,0,1991,0,98133,47.7125,-122.332,2010,9000
249500.0,3,1.0,1180,7200,1.0,0,0,4,7,0,1968,0,98058,47.4249,-122.178,1180,7200
335000.0,2,1.0,1410,7000,1.0,0,0,3,7,0,1968,0,98055,47.4908,-122.223,1540,6000
475000.0,4,1.0,1420,6000,1.5,0,0,3,7,0,1950,0,98115,47.6844,-122.302,1420,6180
385000.0,3,1.75,1230,7500,1.0,0,0,3,7,0,1987,0,98034,47.7316,-122.224,1930,8747
370000.0,2,1.0,860,5040,1.0,0,0,3,7,0,1956,0,98117,47.6977,-122.365,1570,5040
205000.0,3,0.75,770,7000,1.0,0,0,3,4,0,1942,0,98024,47.5661,-121.887,950,10500
235000.0,2,2.0,870,6450,1.0,0,0,4,6,130,1954,0,98118,47.5354,-122.278,1640,5775
505000.0,2,2.25,1060,1209,2.0,0,0,3,8,120,2006,0,98102,47.6369,-122.327,1300,1169
565000.0,4,2.0,1950,9940,1.0,0,0,4,7,0,1963,0,98008,47.6332,-122.118,1920,9270
467000.0,3,2.25,1420,990,3.0,0,0,3,8,0,2008,0,98103,47.6801,-122.348,1350,1415
340000.0,4,3.0,2380,20277,1.0,0,0,3,8,880,1999,0,98023,47.3046,-122.392,2370,15440
407500.0,5,2.0,2740,8230,1.5,0,0,3,7,530,1962,0,98155,47.7352,-122.297,2130,8232
270000.0,3,2.5,1770,7336,2.0,0,0,3,7,0,1996,0,98030,47.3639,-122.185,1770,7349
1225000.0,5,2.25,3440,5000,2.0,0,2,5,9,0,1901,0,98122,47.6127,-122.286,2822,5000
898000.0,3,2.25,2580,11060,1.0,0,0,3,8,0,1964,0,98005,47.6113,-122.164,2580,13868
840000.0,4,3.5,2840,40139,1.0,0,4,4,10,0,1986,0,98038,47.401,-122.026,3180,36852
249950.0,4,1.0,1290,5000,1.5,0,0,3,7,0,1957,0,98146,47.513,-122.358,1440,2500
635000.0,3,2.5,1530,2978,1.0,0,0,3,7,320,1997,0,98117,47.6796,-122.39,1640,5100
295000.0,2,1.0,840,10465,1.0,0,0,3,6,0,1951,0,98155,47.755,-122.317,1320,8515
535000.0,4,2.75,3070,7201,2.0,0,0,3,9,0,2006,0,98059,47.4897,-122.147,2880,8364
250000.0,3,1.75,1770,8868,1.0,0,0,4,7,0,1959,0,98002,47.3188,-122.212,1630,9706
997950.0,4,3.5,4270,117176,2.0,0,0,3,9,0,2008,0,98024,47.5352,-121.883,2610,5251
365000.0,4,2.5,2540,6688,2.0,0,0,3,9,0,2002,0,98092,47.3314,-122.18,2810,6776
1000000.0,5,2.5,4670,15857,2.0,0,0,3,11,0,1998,0,98074,47.63,-122.011,3810,14824
540000.0,3,2.25,2000,217800,2.0,0,0,3,8,0,1996,0,98024,47.5599,-121.911,2220,217800
325000.0,3,1.75,2300,6200,1.0,0,0,4,7,1150,1970,0,98198,47.4176,-122.323,1740,6600
575000.0,2,1.0,1510,4032,1.5,0,0,3,8,200,1935,0,98199,47.6371,-122.393,1700,4042
325000.0,4,3.5,2630,3435,1.5,0,3,3,7,990,1984,0,98188,47.4355,-122.272,1920,2435
196500.0,3,1.0,1320,9000,1.0,0,0,3,7,0,1966,0,98001,47.3461,-122.272,1320,9800
735000.0,4,3.5,2340,2810,2.0,0,2,3,8,610,2011,0,98027,47.5403,-122.028,2600,2843
965000.0,4,2.5,2460,5000,2.0,0,0,5,8,840,1938,0,98112,47.6282,-122.293,2320,5000
620000.0,3,2.5,2480,9041,2.0,0,0,3,7,0,2004,0,98053,47.6797,-122.035,2480,6500
924000.0,5,2.75,3210,8001,2.0,0,0,3,9,0,2014,0,98074,47.5935,-122.061,3190,6624
875000.0,4,1.75,2360,8286,1.0,0,0,3,7,1040,1952,0,98004,47.6226,-122.205,1680,7630
503000.0,3,2.0,2590,108900,2.0,0,0,3,8,610,1988,0,98038,47.4088,-122.055,3170,108900
335000.0,4,2.0,1480,3132,1.0,0,0,5,6,740,1910,0,98108,47.55,-122.312,1480,6420
625000.0,3,3.5,1810,1846,2.0,0,0,4,8,370,2009,0,98122,47.607,-122.305,1480,3600
258000.0,4,1.75,1730,8320,1.0,0,0,3,7,500,1977,0,98023,47.327,-122.361,1840,9800
665000.0,4,2.5,2510,5936,2.0,0,0,3,9,0,1998,0,98075,47.5847,-122.032,2760,6060
325000.0,3,1.0,950,4500,1.0,0,0,4,6,0,1943,0,98118,47.5273,-122.265,1140,4500
714000.0,3,1.75,2260,11781,1.0,0,0,4,8,740,1968,0,98008,47.5982,-122.128,2530,10176
392500.0,3,1.0,1390,10500,1.5,0,0,3,6,0,1940,0,98024,47.567,-121.893,1350,9800
336800.0,5,1.75,1830,16650,1.5,0,0,3,7,220,1958,0,98155,47.7734,-122.315,1790,12743
315000.0,3,2.5,2340,6837,2.0,0,0,3,7,0,1992,0,98030,47.3608,-122.194,1850,6209
635000.0,3,3.0,2230,1407,2.5,0,0,3,8,380,2013,0,98027,47.5446,-122.017,2290,1407
780000.0,6,4.0,3300,5720,1.0,0,0,3,8,1340,1963,0,98115,47.676,-122.309,2030,4080
489000.0,4,2.5,3910,8442,2.0,0,0,3,9,1200,2000,0,98038,47.3766,-122.027,2650,7576
440000.0,4,2.5,2410,7517,2.0,0,0,3,8,0,1983,0,98058,47.4388,-122.142,2420,8095
542500.0,5,3.5,2730,42500,1.0,0,0,3,8,1200,1989,0,98027,47.4587,-121.996,3180,37970
198000.0,2,1.0,790,14200,1.0,0,0,3,7,0,1951,0,98188,47.459,-122.285,1430,10000
462500.0,4,1.0,1540,4500,1.5,0,0,2,7,0,1905,0,98116,47.587,-122.384,1920,6000
870000.0,4,3.0,2940,7108,2.0,0,1,3,9,720,2011,0,98136,47.5437,-122.395,2240,7950
430000.0,3,1.0,1740,4800,1.0,0,0,3,8,0,1952,0,98118,47.5596,-122.27,1600,4800
400000.0,4,3.5,3350,9681,1.0,0,1,3,7,1210,1980,0,98198,47.3978,-122.322,2580,9681
280000.0,3,1.75,1550,7410,1.5,0,0,5,7,0,1944,0,98178,47.4951,-122.237,1250,7467
585000.0,4,3.0,3400,5100,2.0,0,0,3,9,0,2006,0,98038,47.3548,-122.002,3400,5672
819900.0,5,2.75,3150,7119,2.0,0,0,3,9,0,2013,0,98052,47.6759,-122.151,1560,8384
620000.0,2,1.0,990,4332,1.0,0,0,3,7,0,1909,0,98103,47.6528,-122.331,1920,3420
400000.0,3,1.75,1730,9211,1.0,0,0,3,8,0,1961,0,98125,47.7149,-122.322,1440,9211
431750.0,2,2.0,1400,10052,1.0,0,0,3,8,0,1957,0,98125,47.7262,-122.316,1400,8785
305000.0,4,1.75,2200,8100,1.5,0,0,5,6,800,1942,0,98168,47.4945,-122.303,1520,8100
386000.0,3,2.0,2120,7560,1.0,0,0,3,9,0,1991,0,98058,47.435,-122.16,2660,7700
345000.0,3,1.75,1540,6909,1.0,0,0,4,7,620,1955,0,98155,47.7451,-122.313,1130,6908
321000.0,4,2.5,2430,5366,2.0,0,0,3,8,0,2002,0,98092,47.3352,-122.19,2100,5414
157000.0,3,1.0,1080,6250,1.0,0,0,2,5,0,1950,0,98168,47.5045,-122.33,1070,6250
1105000.0,5,3.25,3070,5000,2.0,0,0,3,9,1020,2006,0,98103,47.6742,-122.356,2070,5000
894000.0,4,2.5,3800,22029,2.0,0,0,3,9,0,1993,0,98053,47.6734,-122.026,3170,24979
1355000.0,5,3.5,5960,13703,2.0,0,2,3,10,1190,1984,0,98008,47.6151,-122.107,2810,17320
379500.0,3,2.25,1410,1287,2.0,0,0,3,7,120,2005,0,98027,47.5344,-122.068,1490,1435
526000.0,3,1.0,1320,5250,1.5,0,0,5,7,0,1913,0,98126,47.5566,-122.378,1490,5250
527500.0,3,2.5,1380,1389,3.0,0,0,3,8,0,2008,0,98102,47.6427,-122.327,1380,1249
875000.0,4,2.5,3220,22588,2.0,0,0,3,10,0,1996,0,98077,47.7311,-122.055,3220,22922
397000.0,4,2.5,3000,8584,2.0,0,0,3,7,0,2003,0,98038,47.369,-122.032,2610,7570
425000.0,3,1.0,1520,213444,1.5,0,3,5,8,0,1988,0,98027,47.5081,-122.093,2640,213444
342500.0,3,2.0,2080,11375,1.0,0,0,3,8,0,2002,0,98022,47.214,-121.993,1080,12899
378950.0,4,2.0,1820,8400,1.0,0,0,5,7,520,1956,0,98155,47.7615,-122.329,1700,9450
395000.0,3,1.0,950,6951,1.0,0,0,4,7,0,1950,0,98125,47.7263,-122.3,1410,7200
475000.0,3,2.5,2630,185130,2.0,0,0,3,9,0,1991,0,98014,47.7035,-121.894,2630,210394
355000.0,3,1.0,1240,5400,1.0,0,0,4,7,180,1940,0,98133,47.7115,-122.355,1429,5400
625000.0,4,2.75,3010,6854,2.0,0,2,3,9,440,2012,0,98065,47.5171,-121.876,1830,2952
179900.0,3,1.0,1010,9920,1.0,0,0,3,6,0,1977,0,98042,47.3238,-122.14,1270,9680
345000.0,3,2.5,2340,8414,1.0,0,0,3,7,1060,1993,0,98188,47.4685,-122.265,2340,7268
1650000.0,4,2.25,2920,20400,1.0,0,0,4,11,0,1966,0,98004,47.6237,-122.228,3080,20400
619500.0,4,2.5,2210,5077,1.5,0,0,4,8,730,1912,0,98126,47.5719,-122.377,1740,5000
354000.0,2,1.0,1390,7740,1.0,0,0,4,6,0,1925,0,98126,47.5232,-122.371,1290,7740
675000.0,4,1.75,1530,3615,1.5,0,0,4,7,0,1913,0,98103,47.6529,-122.334,1650,4200
615000.0,3,2.25,2530,45234,2.0,0,0,4,9,0,1985,0,98072,47.7221,-122.12,3110,35617
260000.0,2,1.0,1270,19602,1.0,0,0,3,6,0,1977,0,98010,47.3375,-122.048,1270,17699
347000.0,3,1.0,1270,8400,1.0,0,0,3,7,0,1955,0,98011,47.7604,-122.198,1390,8400
453000.0,3,1.75,1550,7200,1.0,0,0,3,7,450,1949,0,98125,47.7071,-122.314,1560,7440
195000.0,3,1.75,1510,8400,1.0,0,0,2,7,530,1979,0,98045,47.4476,-121.771,1500,10125
432500.0,3,3.0,2500,6000,2.0,0,0,3,8,0,2012,0,98058,47.4408,-122.161,2130,6000
420000.0,4,2.0,1700,6375,1.0,0,0,4,7,850,1950,0,98115,47.6973,-122.295,1470,8360
440000.0,3,2.0,1550,2401,2.0,0,0,3,7,0,1996,0,98103,47.6545,-122.348,1550,3446
590000.0,2,1.0,1530,6450,1.0,0,0,4,7,0,1920,0,98117,47.6833,-122.398,1530,5000
235000.0,2,1.0,900,28800,1.0,0,0,1,6,0,1928,0,98065,47.5245,-121.822,1360,7200
430000.0,4,3.0,3220,8936,2.0,0,0,3,9,770,1990,0,98031,47.4208,-122.213,2810,10500
855169.0,4,2.5,2970,5050,2.0,0,0,3,8,0,2014,0,98052,47.7043,-122.122,2810,4998
365000.0,2,1.0,990,8250,1.0,0,0,3,7,0,1955,0,98133,47.7252,-122.331,1080,8168
635000.0,3,1.75,2940,6000,1.0,0,2,4,8,1350,1957,0,98177,47.7235,-122.369,2880,8100
287000.0,3,2.5,1710,10341,2.0,0,2,3,7,0,1986,0,98030,47.3494,-122.171,1830,9358
530000.0,3,2.5,1970,6295,2.0,0,0,3,7,0,2011,0,98065,47.5158,-121.874,2710,6009
395000.0,3,2.5,2130,5088,2.0,0,0,3,8,290,2011,0,98019,47.7329,-121.976,2130,5762
330000.0,4,2.5,2180,7210,1.0,0,0,3,7,990,1972,0,98011,47.7419,-122.181,2070,7210
212000.0,2,1.5,1020,1525,2.0,0,0,3,7,0,2004,0,98133,47.704,-122.347,1020,3844
494400.0,2,1.75,1560,1750,1.0,0,0,4,6,780,1904,0,98109,47.6347,-122.355,1850,3600
350000.0,3,1.0,1080,7000,1.0,0,0,4,6,0,1916,0,98133,47.7637,-122.351,1410,7214
345500.0,4,2.5,2160,9682,2.0,0,0,3,8,0,1999,0,98031,47.4106,-122.204,1770,9600
465000.0,4,2.5,3030,47958,1.0,0,0,3,8,1370,1980,0,98027,47.4598,-122.004,2740,36017
800000.0,4,2.0,2450,4400,1.0,0,0,3,7,1000,1913,1980,98102,47.6414,-122.327,1890,1386
635000.0,3,3.0,2230,1407,2.5,0,0,3,8,380,2014,0,98027,47.5446,-122.017,2290,1407
495000.0,4,3.5,3170,3858,2.0,0,0,3,8,640,2008,0,98059,47.5049,-122.155,2640,3844
640000.0,4,2.0,1520,6200,1.5,0,0,3,7,0,1945,0,98115,47.678,-122.269,1910,6200
418000.0,2,1.5,1480,1349,2.0,0,0,3,7,240,2007,0,98136,47.5439,-122.386,1550,1349
374000.0,4,2.5,2580,6260,2.0,0,0,3,7,0,2004,0,98056,47.4858,-122.185,2160,3600
702000.0,4,2.5,3280,5876,2.0,0,0,3,7,0,2004,0,98053,47.6802,-122.034,2600,5000
680000.0,6,3.5,3000,6320,2.0,0,2,3,8,600,1969,0,98118,47.562,-122.279,1720,6360
390000.0,3,1.75,1260,6500,1.0,0,0,4,7,0,1966,0,98008,47.6224,-122.116,1500,7700
299000.0,3,2.25,1940,9100,1.0,0,0,4,8,310,1966,0,98023,47.3133,-122.364,2080,9100
299000.0,4,2.5,1820,7575,1.0,0,0,3,7,600,1975,0,98058,47.4339,-122.167,1840,7650
465000.0,3,2.25,2670,7500,1.0,0,0,4,7,1030,1966,0,98166,47.4608,-122.354,1970,9598
405000.0,3,2.5,2460,12600,1.0,0,0,4,8,650,1970,0,98059,47.473,-122.118,1820,11180
539000.0,3,2.0,2350,209088,1.0,0,0,3,7,0,1993,0,98014,47.6527,-121.949,2300,209088
455000.0,4,2.5,2950,4502,2.0,0,0,3,7,0,2005,0,98059,47.5002,-122.151,2360,4502
357500.0,3,1.75,1630,9403,1.0,0,0,3,7,0,1983,0,98155,47.757,-122.316,1430,8461
419900.0,5,3.5,2880,5000,2.0,0,0,3,8,620,2012,0,98038,47.3455,-122.023,2590,4800
696500.0,4,2.75,2540,4400,1.5,0,0,5,7,910,1925,0,98103,47.6832,-122.343,1560,3920
640000.0,33,1.75,1620,6000,1.0,0,0,5,7,580,1947,0,98103,47.6878,-122.331,1330,4700
470101.0,4,2.5,2320,7800,2.0,0,0,3,8,0,1986,0,98028,47.7738,-122.266,2090,5721
839900.0,4,3.5,3810,13592,1.0,0,1,3,9,1250,2013,0,98056,47.5134,-122.2,3230,9311
420000.0,3,2.25,2020,21010,2.0,0,0,3,7,0,1995,0,98014,47.6988,-121.915,1850,18151
462000.0,4,2.5,3070,6432,2.0,0,0,3,9,0,2006,0,98055,47.4487,-122.205,2910,5106
477000.0,4,2.75,1720,6270,2.0,0,0,3,8,0,1978,0,98118,47.5458,-122.268,2130,8700
720000.0,3,1.75,1370,1990,3.0,0,0,3,9,0,2014,0,98102,47.6434,-122.324,1730,1990
355000.0,2,1.0,1350,368517,1.0,0,0,3,6,0,1947,0,98077,47.7617,-122.061,2330,104108
279000.0,4,1.0,1210,6000,1.5,0,2,3,7,0,1943,0,98178,47.5026,-122.234,1470,6000
316000.0,4,1.5,2120,46173,2.0,0,0,3,7,0,1974,0,98053,47.6503,-121.968,2000,46173
206000.0,4,2.0,1720,7560,1.0,0,0,3,7,0,1959,0,98001,47.2845,-122.25,1750,7988
1928000.0,4,3.25,4280,20296,2.0,0,0,4,11,0,1984,0,98004,47.6377,-122.212,3420,16351
315000.0,4,2.0,2020,7767,1.0,0,0,3,8,0,1995,0,98003,47.3391,-122.309,1940,8239
353000.0,1,1.0,550,1279,2.0,0,0,3,7,0,2008,0,98122,47.616,-122.314,1460,1385
286000.0,4,1.75,2190,8400,2.0,0,0,2,8,0,1978,0,98023,47.3003,-122.373,2410,7700
800000.0,4,3.75,2690,4000,2.0,0,3,4,9,570,1909,1989,98119,47.6418,-122.372,2830,4000
344000.0,3,2.25,1250,1033,3.0,0,0,3,8,0,2007,0,98103,47.6907,-122.343,1250,1150
275500.0,3,1.0,1060,7246,1.0,0,0,4,6,0,1981,0,98056,47.4936,-122.165,1090,6694
1675000.0,4,4.75,4790,25412,2.0,0,0,3,12,0,1999,0,98074,47.603,-122.012,3830,16314
449888.0,3,2.25,2520,78408,2.0,0,0,3,9,0,1988,0,98001,47.3514,-122.279,1490,29972
520000.0,2,1.5,1840,3825,1.0,0,0,3,8,800,1928,0,98117,47.6808,-122.38,1290,5100
290000.0,4,2.5,2423,7292,2.0,0,0,3,8,0,2005,0,98023,47.3227,-122.37,2495,7489
1195000.0,4,4.0,4050,9517,2.0,0,0,3,11,690,1990,0,98040,47.5769,-122.215,3330,9436
224500.0,4,1.0,1430,8355,1.5,0,0,4,7,0,1983,0,98092,47.3178,-122.174,1550,7938
243500.0,3,3.0,2110,7794,1.0,0,0,3,6,0,1981,0,98198,47.4005,-122.293,1330,10044
210000.0,3,1.0,1020,6000,1.0,0,0,3,5,0,1900,0,98027,47.5281,-122.031,2070,7200
820000.0,4,2.5,3170,8523,2.0,0,0,3,9,0,2008,0,98033,47.6854,-122.184,3230,8523
370000.0,4,1.5,1370,9957,1.0,0,0,3,7,470,1972,0,98034,47.7237,-122.181,1510,8088
333000.0,3,1.0,1250,8450,1.0,0,0,4,7,0,1954,0,98146,47.503,-122.364,1350,9300
427000.0,3,2.5,2050,3218,3.0,0,0,3,7,0,2008,0,98133,47.7612,-122.344,2050,7200
620000.0,6,3.5,3600,6875,2.0,0,0,3,8,860,2004,0,98065,47.5401,-121.879,3150,6663
303000.0,2,1.5,1400,1650,3.0,0,0,3,7,0,1999,0,98125,47.7222,-122.29,1430,1650
249950.0,3,1.5,1090,7698,1.0,0,0,5,7,0,1966,0,98058,47.4553,-122.174,1540,7624
490000.0,3,1.75,1510,8433,1.0,0,0,4,7,290,1967,0,98008,47.6226,-122.103,1950,8199
229500.0,2,1.75,1870,6625,1.0,0,0,3,7,910,1948,0,98178,47.5071,-122.249,1680,6000
335000.0,4,2.0,1910,10200,1.0,0,0,4,7,0,1963,0,98059,47.4804,-122.133,1820,15600
889000.0,4,2.5,2570,4480,1.5,0,0,4,8,990,1927,0,98105,47.6701,-122.291,2070,4480
466750.0,4,2.0,1730,9139,2.0,0,0,3,8,0,1957,0,98125,47.7181,-122.316,1410,7311
736000.0,3,2.5,1980,2975,3.0,0,2,3,8,0,1993,0,98109,47.6294,-122.344,1980,3144
230000.0,3,1.75,1420,3000,1.0,0,0,3,5,710,1931,2014,98178,47.4928,-122.274,1960,5000
439000.0,3,2.25,1430,2343,2.0,0,0,3,8,0,2012,0,98108,47.5648,-122.294,1270,1916
1061600.0,4,3.0,2990,6695,2.0,0,0,3,10,0,2014,0,98075,47.5817,-122.047,2760,6600
740000.0,3,2.5,3000,25341,2.0,0,0,3,9,0,1995,0,98053,47.6724,-122.013,3000,32417
338500.0,3,1.75,2130,5489,1.0,0,0,3,8,760,1999,0,98070,47.4489,-122.456,1750,7200
397500.0,3,2.0,2130,8225,1.0,0,0,4,8,0,1987,0,98058,47.4396,-122.162,2580,8225
521000.0,4,1.75,2020,36400,1.0,0,0,4,8,470,1976,0,98077,47.7627,-122.076,2520,38255
1650000.0,5,4.0,3310,8400,2.0,0,0,3,10,0,2000,0,98033,47.6914,-122.214,3430,8400
675000.0,6,1.75,2740,6360,1.0,0,3,3,8,1370,1953,0,98146,47.5062,-122.385,2150,6600
330000.0,4,1.75,1720,8300,1.0,0,0,4,8,0,1965,0,98055,47.4654,-122.194,1840,8300
373000.0,3,1.0,1770,5720,1.5,0,0,4,7,630,1926,0,98126,47.5546,-122.377,1500,4406
494815.0,3,2.5,1910,2091,2.0,0,0,3,8,0,2014,0,98029,47.5445,-122.013,1630,1546
450000.0,4,2.25,1710,7000,1.0,0,0,4,7,670,1972,0,98034,47.719,-122.217,1780,6500
645000.0,4,1.5,1600,6180,1.5,0,0,3,6,0,1946,0,98118,47.5681,-122.285,1410,6180
580000.0,6,2.5,3596,13700,1.0,0,0,5,8,1798,1964,0,98166,47.4388,-122.339,1894,10500
235000.0,3,1.0,1330,45738,2.0,0,0,2,6,0,1967,0,98058,47.436,-122.185,1490,24000
430000.0,3,1.0,1560,5225,1.5,0,0,3,7,300,1927,0,98118,47.5554,-122.279,1560,5322
465500.0,3,1.75,1890,7004,1.0,0,0,3,7,600,1965,0,98118,47.5557,-122.28,1440,5378
450000.0,3,1.75,1250,5963,1.0,0,0,4,7,0,1953,0,98115,47.6796,-122.301,970,5100
445000.0,4,2.5,2360,81892,1.0,0,0,3,8,0,2000,0,98042,47.369,-122.156,1730,18096
808000.0,4,2.75,3340,7230,2.0,0,0,3,9,0,1996,0,98027,47.549,-122.096,3230,7529
720000.0,4,2.5,3420,17038,2.0,0,0,3,9,0,2007,0,98034,47.718,-122.241,2520,14190
330000.0,4,2.25,2000,10679,1.0,0,0,3,7,650,1960,0,98148,47.4238,-122.329,1650,8875
289950.0,4,2.25,2190,6906,1.0,0,0,4,7,1150,1977,0,98023,47.319,-122.373,1250,6440
339995.0,4,2.5,2180,5367,2.0,0,0,3,7,0,2000,0,98038,47.3775,-122.022,2180,5130
270000.0,3,2.25,2390,7000,1.0,0,0,4,7,400,1970,0,98058,47.4568,-122.169,1610,7000
415000.0,3,2.5,1710,4920,2.0,0,0,3,7,0,1990,0,98126,47.5347,-122.376,1500,4920
362500.0,2,1.5,940,1768,2.0,0,0,3,7,0,2009,0,98144,47.5925,-122.295,1130,1159
308625.0,2,2.0,1500,1408,3.0,0,0,3,7,0,1999,0,98133,47.7293,-122.343,1500,1245
550000.0,4,2.5,2810,7549,2.0,0,0,3,9,0,1992,0,98072,47.7441,-122.173,2750,7642
160000.0,2,1.0,930,7742,1.0,0,0,3,6,0,1933,0,98168,47.507,-122.302,2240,8723
394999.0,3,1.5,1730,7800,1.0,0,0,3,7,400,1958,0,98133,47.7365,-122.337,1780,8309
420000.0,3,2.25,2520,26943,1.0,0,0,3,7,760,1977,0,98028,47.7728,-122.25,2300,10004
570000.0,3,2.0,1400,1657,2.0,0,0,3,8,340,2004,0,98112,47.6196,-122.298,1540,2275
435000.0,2,1.0,1230,3800,1.0,0,0,3,7,0,1928,0,98115,47.6797,-122.292,1610,3800
449950.0,4,3.0,2800,6977,2.0,0,0,3,8,0,2003,0,98038,47.3542,-122.014,2800,6600
410000.0,4,2.0,1490,13736,1.0,0,0,4,6,0,1942,0,98125,47.712,-122.281,2040,7200
325500.0,4,1.75,2290,8142,1.0,0,0,4,7,800,1969,0,98055,47.4564,-122.211,1840,8142
494950.0,2,1.75,2220,33000,1.0,0,0,4,8,0,1970,0,98072,47.7403,-122.129,2220,33000
212000.0,3,1.0,1040,6800,1.0,0,0,5,6,0,1951,0,98178,47.492,-122.224,1430,6080
1010000.0,3,2.5,2860,5805,2.0,0,0,3,9,0,1999,0,98005,47.6218,-122.16,2360,5832
525000.0,3,1.0,1550,6840,1.5,0,0,3,7,0,1918,0,98103,47.6572,-122.335,2370,4560
450000.0,4,2.5,3236,9608,2.0,0,0,3,10,0,2005,0,98030,47.3838,-122.195,3236,9660
473000.0,3,2.25,1620,12309,2.0,0,0,3,7,0,1987,0,98074,47.6188,-122.029,2030,13963
465000.0,3,1.75,1510,4800,1.0,0,2,3,7,650,1925,2011,98126,47.5667,-122.372,1510,4800
208400.0,2,2.5,1570,1268,3.0,0,0,3,7,0,2007,0,98106,47.534,-122.365,1570,1300
1563100.0,5,3.5,3630,8100,2.0,0,0,3,10,0,2008,0,98004,47.5951,-122.2,1730,8246
435000.0,3,2.75,2692,6197,2.0,0,0,3,9,0,2007,0,98030,47.3569,-122.202,2336,5700
265000.0,3,1.5,1290,7100,1.0,0,0,3,6,0,1954,0,98198,47.4227,-122.332,1300,7183
500000.0,2,1.5,1520,8040,1.0,0,0,5,7,0,1951,0,98125,47.7131,-122.306,1440,8040
229800.0,2,1.75,1110,1773,2.0,0,0,3,8,0,2014,0,98108,47.5647,-122.293,1420,2855
320000.0,4,2.5,3130,5200,2.0,0,0,3,7,0,2005,0,98042,47.3828,-122.098,3020,5200
498000.0,4,2.5,2300,22445,2.0,0,0,4,8,0,1992,0,98014,47.6454,-121.902,2640,21886
190000.0,2,1.0,840,12252,1.0,0,0,3,6,0,1994,0,98010,47.3069,-122.013,1010,11876
265000.0,2,1.5,920,1458,2.0,0,0,3,7,0,1995,0,98133,47.7081,-122.342,1110,1598
485000.0,4,2.75,2790,7803,2.0,0,0,3,8,0,2013,0,98045,47.4823,-121.772,2620,6178
175000.0,3,1.0,1030,8395,1.0,0,0,4,7,0,1960,0,98023,47.3322,-122.337,1370,9380
358000.0,5,2.5,2390,8775,1.0,0,0,4,7,1120,1980,0,98058,47.4639,-122.17,1800,8000
1350000.0,4,4.5,3420,7440,3.0,0,0,3,9,0,2014,0,98103,47.6875,-122.33,1360,5580
395000.0,4,3.0,2500,6278,2.0,0,0,3,9,0,2002,0,98092,47.3325,-122.168,2700,7200
615000.0,3,1.75,1900,3783,1.5,0,0,5,7,790,1927,0,98144,47.5742,-122.315,1530,5098
433000.0,3,2.0,1920,7200,1.0,0,0,3,7,620,1984,0,98028,47.7703,-122.265,2010,7200
497000.0,3,3.0,2060,1850,2.0,0,0,3,8,660,2007,0,98119,47.6543,-122.373,1910,2951
415000.0,3,1.0,2020,19210,1.0,0,0,3,6,260,1949,0,98028,47.7552,-122.229,1780,14469
165000.0,3,1.5,1280,7742,1.0,0,0,3,7,0,1973,0,98001,47.3323,-122.276,1566,7696
595000.0,3,3.25,3130,28001,1.0,0,0,3,9,920,1985,0,98072,47.7741,-122.122,2710,34999
900000.0,3,2.75,2980,12600,1.5,0,0,3,8,1390,1941,2012,98033,47.674,-122.196,1520,9660
335000.0,4,2.75,2190,9209,2.0,0,0,4,8,0,1996,0,98092,47.3341,-122.188,2430,6687
515000.0,3,2.5,3020,12184,2.0,0,0,3,8,0,2003,0,98019,47.744,-121.976,2980,10029
467000.0,3,2.5,3460,6590,2.0,0,0,3,7,0,2001,0,98056,47.4802,-122.188,2490,6312
800000.0,3,2.25,1620,4500,2.0,0,0,4,8,0,1926,0,98119,47.643,-122.361,1210,4320
870000.0,4,4.0,3610,12811,2.0,0,0,3,10,0,2000,0,98075,47.5812,-121.993,3530,11783
453000.0,2,1.5,1160,1269,2.0,0,0,3,7,190,2005,0,98103,47.6608,-122.335,1700,3150
445000.0,3,2.25,1190,13630,1.0,0,0,3,7,0,1984,0,98045,47.4813,-121.735,1630,14405
509900.0,3,1.75,1690,53578,1.0,0,0,3,8,0,1984,0,98053,47.6546,-122.049,2290,52707
1050000.0,2,2.5,2350,2390,3.0,0,2,3,10,350,2007,0,98144,47.5999,-122.286,1950,2390
525000.0,3,1.75,1560,6000,1.0,0,0,3,6,780,1944,0,98199,47.6501,-122.384,1560,1734
330000.0,3,1.75,1320,9675,1.5,0,0,4,7,0,1970,0,98024,47.5695,-121.902,1160,9675
509000.0,4,2.0,1960,2166,1.5,0,0,4,7,700,1926,0,98103,47.6545,-122.344,1670,4000
268000.0,3,1.75,1600,7711,1.0,0,0,3,7,0,1999,0,98002,47.284,-122.202,2100,7711
298900.0,3,2.5,1830,6162,2.0,0,0,3,8,0,1994,0,98092,47.3291,-122.17,1860,7017
250000.0,3,1.75,1200,24805,1.0,0,0,3,6,0,1984,0,98031,47.4236,-122.195,2150,4339
454000.0,4,2.25,2630,39000,2.0,0,0,3,9,0,1979,0,98042,47.4089,-122.149,2270,66647
400000.0,4,1.75,1580,5340,1.0,0,0,3,7,450,1947,0,98144,47.6003,-122.306,830,980
1485000.0,4,3.5,3930,6120,2.0,0,0,3,10,620,2007,0,98105,47.6646,-122.28,3390,6120
808000.0,4,2.25,2190,4104,2.0,0,0,5,8,780,1928,0,98112,47.6419,-122.306,1990,3860
398651.0,4,2.5,2650,4120,2.0,0,0,3,8,0,2014,0,98146,47.5019,-122.34,2030,3768
515000.0,3,2.5,3430,48993,2.0,0,0,3,9,0,2001,0,98001,47.2609,-122.27,2460,36256
2200000.0,4,3.0,3540,11098,2.0,0,0,3,10,540,1940,0,98112,47.634,-122.288,3430,8214
810000.0,4,1.0,2150,3588,2.0,0,3,4,8,300,1926,0,98126,47.5767,-122.378,1950,3588
925000.0,3,2.75,3280,10558,1.0,0,2,4,9,1240,1979,0,98006,47.5606,-122.133,3150,9998
525000.0,4,1.75,1650,8560,1.0,0,0,3,8,0,1970,0,98052,47.6652,-122.146,1700,8560
400000.0,2,1.0,1180,10800,1.0,0,0,3,7,0,1984,0,98011,47.7273,-122.236,1600,10800
235750.0,2,1.0,740,11250,1.0,0,0,2,6,0,1938,0,98146,47.5036,-122.362,1390,11250
535000.0,4,2.25,2620,33578,2.0,0,0,3,7,0,1977,0,98075,47.5921,-122.013,2520,35160
536000.0,3,2.75,2290,34548,2.0,0,3,4,7,0,1984,0,98042,47.3691,-122.163,399,275299
465000.0,4,2.5,2170,7700,1.0,0,0,3,7,750,1969,0,98034,47.7216,-122.219,1710,7770
637000.0,4,3.5,4083,68377,2.0,0,0,3,10,0,2005,0,98001,47.3114,-122.262,2430,41382
221000.0,4,1.75,1540,7200,1.0,0,0,3,7,280,1966,0,98003,47.3424,-122.308,1540,8416
324500.0,3,2.5,1660,3990,2.0,0,0,3,7,0,2009,0,98118,47.5298,-122.268,1670,4050
432500.0,6,2.0,3080,5500,2.0,0,0,1,7,0,1900,0,98122,47.6031,-122.296,1830,5000
220000.0,4,2.25,1950,7280,2.0,0,0,4,8,0,1979,0,98023,47.2957,-122.37,1910,7280
491150.0,3,2.5,1470,3971,2.0,0,0,3,7,0,2003,0,98053,47.6816,-122.035,1650,3148
483000.0,2,1.75,1400,4720,1.0,0,0,4,7,580,1927,0,98116,47.5705,-122.392,1330,6786
415000.0,4,2.0,1780,12161,1.0,0,0,5,7,620,1950,0,98155,47.7746,-122.323,1780,8170
670000.0,3,2.5,2050,6420,1.0,0,3,3,8,320,1956,0,98116,47.5708,-122.405,2370,7620
485000.0,4,3.25,1946,17786,2.0,0,1,4,7,0,1990,0,98070,47.359,-122.452,1460,16661
480000.0,3,2.5,2270,4488,2.0,0,0,3,7,0,1999,0,98065,47.5329,-121.879,2360,4427
315000.0,4,2.5,2780,3969,2.0,0,0,3,7,0,2005,0,98042,47.3992,-122.164,2260,4160
519000.0,5,2.25,2570,13054,1.0,0,1,3,8,1100,1950,1992,98166,47.4487,-122.352,2570,19807
408000.0,2,1.0,810,7440,1.0,0,0,5,6,0,1948,0,98133,47.7346,-122.352,830,7500
765000.0,4,2.5,4040,25752,2.0,0,0,3,10,0,2000,0,98038,47.4579,-122.068,3230,22247
329950.0,3,2.5,1820,8085,2.0,0,0,3,7,0,1983,0,98055,47.4575,-122.204,1860,8625
315500.0,3,1.0,1160,10500,1.0,0,0,4,7,0,1966,0,98034,47.7267,-122.227,1520,10500
280000.0,3,1.0,1370,11050,1.0,0,0,3,7,0,1981,0,98045,47.4485,-121.776,1520,10000
135000.0,3,1.0,1520,8450,1.0,0,0,2,6,400,1961,0,98023,47.328,-122.337,1320,8450
610000.0,4,2.25,2240,45738,2.0,0,0,3,7,0,1988,0,98053,47.687,-122.047,3180,45738
363000.0,3,2.0,1750,7000,1.0,0,0,3,8,0,1993,0,98038,47.3693,-122.041,1840,6969
294010.0,3,1.75,1550,4057,1.0,0,0,3,6,720,1945,0,98106,47.5291,-122.351,1100,4116
361000.0,3,1.0,1040,6720,1.5,0,0,3,7,0,1951,0,98155,47.7444,-122.294,1880,11407
445000.0,3,1.5,1310,1266,2.0,0,0,3,8,190,2002,0,98116,47.5663,-122.408,1310,1378
700000.0,3,1.0,1410,7200,2.0,0,0,4,6,0,1901,0,98144,47.5924,-122.302,1640,7200
975000.0,4,2.5,2720,11049,2.0,0,0,3,10,0,1989,0,98004,47.5815,-122.192,2750,11049
332000.0,2,1.0,1000,4776,1.0,0,0,4,6,0,1942,0,98108,47.5619,-122.315,1500,4800
382000.0,2,2.0,1350,2560,1.0,0,0,4,8,0,1974,0,98052,47.6338,-122.106,1800,2560
431000.0,3,1.0,1810,7200,1.0,0,0,4,7,680,1954,0,98133,47.7493,-122.351,1810,8100
319900.0,3,1.5,1140,20383,1.0,0,0,3,7,300,1985,0,98045,47.4755,-121.758,1200,15625
345000.0,2,1.0,1160,8504,1.0,0,0,4,7,0,1949,0,98155,47.7364,-122.295,1320,8504
264500.0,3,1.75,1650,16200,1.0,0,0,3,7,0,1976,0,98031,47.3926,-122.168,1650,8680
190000.0,2,1.0,710,1164794,1.0,0,0,2,5,0,1915,0,98014,47.6888,-121.909,1680,16730
820000.0,3,2.5,2980,18935,1.5,0,0,3,11,0,1990,0,98077,47.7133,-122.079,3670,18225
745000.0,3,1.0,1390,9112,1.0,0,0,4,7,0,1951,0,98004,47.6071,-122.197,2290,9112
429000.0,2,1.0,1010,5000,1.0,0,0,2,7,0,1924,0,98107,47.6715,-122.365,1410,5000
830200.0,3,2.5,2680,4990,1.0,0,0,5,8,1240,1951,0,98199,47.6538,-122.393,2320,6000
537100.0,3,2.5,2450,7051,1.0,0,0,3,8,580,1990,0,98056,47.5308,-122.171,2450,8788
425000.0,3,1.75,1960,43332,1.0,0,0,4,7,560,1982,0,98077,47.739,-122.048,2010,44431
425000.0,2,1.0,1280,5026,1.0,0,2,4,8,260,1951,0,98115,47.6938,-122.312,1540,6380
313000.0,4,1.75,1630,3000,1.0,0,0,3,7,700,1978,0,98144,47.5961,-122.305,1630,3000
335000.0,3,1.0,1020,10200,1.0,0,0,4,7,0,1954,0,98133,47.7503,-122.348,1170,8188
360000.0,3,2.0,1270,1323,3.0,0,0,3,8,0,2006,0,98103,47.6934,-122.342,1330,1323
370350.0,3,3.5,1340,1168,2.0,0,2,3,8,260,2002,0,98133,47.711,-122.356,1650,1378
618000.0,4,2.25,2470,7350,1.0,0,0,3,7,870,1978,0,98052,47.6936,-122.128,1970,7700
425000.0,3,2.25,1890,8400,1.0,0,0,3,8,370,1977,0,98034,47.7103,-122.232,1830,7980
1600000.0,4,3.5,3890,3600,2.0,0,0,3,9,1030,2005,0,98112,47.6342,-122.282,2460,6050
562500.0,5,2.75,2920,6327,2.0,0,0,3,8,0,2007,0,98059,47.4935,-122.145,2520,5026
685000.0,3,2.5,1460,8800,1.0,0,0,4,7,0,1956,0,98040,47.5895,-122.232,2200,8800
231500.0,3,2.25,1630,7900,1.0,0,0,4,7,500,1973,0,98023,47.3076,-122.377,1630,8200
372500.0,3,1.75,1680,8648,1.0,0,0,4,7,0,1963,0,98133,47.7338,-122.332,1290,8147
472000.0,3,1.75,2180,7200,1.0,0,3,4,8,1090,1954,0,98178,47.5044,-122.235,2180,7140
182500.0,3,2.25,1830,4744,2.0,0,0,3,7,0,1997,0,98001,47.2734,-122.248,1670,8001
760000.0,3,3.5,2350,10739,1.0,0,2,5,7,1010,1940,0,98125,47.7288,-122.284,2580,11026
590000.0,4,2.75,2240,5400,2.0,0,0,4,7,700,1940,0,98116,47.5785,-122.402,1830,5000
242500.0,3,2.25,1770,10000,1.0,0,0,3,7,430,1978,0,98198,47.3814,-122.322,1270,5055
248500.0,3,1.75,2090,12026,1.0,0,0,4,7,0,1948,0,98002,47.3095,-122.217,1700,9496
910000.0,4,2.5,3530,49222,2.0,0,0,4,9,0,1986,0,98072,47.7285,-122.112,3750,49222
1100000.0,4,3.0,2880,5500,2.0,0,0,4,9,960,1926,0,98102,47.6448,-122.317,2110,5500
315000.0,4,2.75,1580,3770,1.0,0,0,3,7,500,2002,0,98019,47.7368,-121.968,1740,3800
889950.0,4,2.75,3080,7242,2.0,0,0,3,9,0,2014,0,98033,47.6948,-122.178,3010,7205
389950.0,4,2.5,2240,5500,2.0,0,0,3,8,0,2013,0,98056,47.496,-122.169,700,5500
403250.0,2,1.5,1430,8137,1.0,0,0,3,7,300,1934,0,98125,47.7307,-122.29,1430,8137
582000.0,3,2.5,2380,19860,2.0,0,0,4,8,0,1995,0,98056,47.5255,-122.173,2450,10220
679000.0,3,2.5,1780,4320,2.0,0,0,4,8,0,1930,1986,98115,47.6809,-122.293,1690,4952
310000.0,4,2.25,2192,12128,2.0,0,0,3,8,0,2006,0,98030,47.3644,-122.2,1914,4649
235000.0,3,1.75,1190,7280,1.0,0,0,4,7,0,1968,0,98092,47.3151,-122.19,1250,7800
430000.0,3,2.5,2030,7770,2.0,0,0,3,8,0,2003,0,98024,47.5253,-121.93,1360,10782
355000.0,3,1.75,2370,9750,1.0,0,0,4,7,1090,1979,0,98045,47.4459,-121.773,1230,9775
950000.0,5,3.75,5330,6000,2.0,0,2,3,10,1760,2006,0,98027,47.5401,-122.073,4420,5797
785000.0,3,2.0,2180,5440,1.0,0,0,5,7,1080,1904,0,98103,47.657,-122.345,1470,4109
445000.0,4,2.5,2340,3784,2.0,0,0,3,8,0,2008,0,98106,47.535,-122.348,1730,4000
768500.0,4,1.75,3620,10400,1.0,0,0,4,8,1800,1965,0,98005,47.6069,-122.167,2410,10400
598555.0,3,2.5,3040,7880,2.0,0,0,3,9,0,2004,0,98056,47.5277,-122.184,3040,7880
710000.0,4,2.75,2090,8064,2.0,0,0,5,7,0,1967,0,98033,47.6829,-122.195,1460,8400
490000.0,3,1.0,960,5750,1.0,0,0,3,7,0,1951,0,98116,47.5689,-122.393,1520,5750
1100000.0,5,2.75,2890,22547,1.0,0,0,4,10,740,1963,0,98040,47.5476,-122.219,3010,17809
585000.0,4,1.75,2270,27122,1.0,0,0,5,8,970,1957,0,98155,47.7637,-122.281,2380,11822
392000.0,3,1.0,1090,6125,1.0,0,0,4,6,300,1945,0,98126,47.5343,-122.37,1050,6125
430000.0,2,1.5,1090,4013,1.5,0,0,3,7,0,1900,0,98103,47.6652,-122.338,1390,4013
960000.0,5,4.0,3720,15200,2.0,0,0,3,10,0,2005,0,98075,47.5956,-122.026,4100,19036
135000.0,2,1.0,780,6685,1.0,0,0,4,5,0,1948,0,98002,47.305,-122.215,880,6695
427000.0,4,1.0,1860,4736,1.5,0,0,1,7,0,1901,0,98112,47.6251,-122.3,1800,4000
435000.0,4,2.5,2180,6500,2.0,0,0,3,7,770,1945,0,98126,47.5365,-122.37,920,6500
975000.0,3,3.0,1850,5000,1.5,0,0,2,6,0,1900,0,98107,47.6711,-122.386,1360,2500
292000.0,4,2.5,2060,5950,2.0,0,0,3,8,0,2000,0,98030,47.3631,-122.192,2242,6406
443000.0,3,1.0,1280,5460,1.5,0,0,4,7,0,1931,0,98133,47.7321,-122.334,1390,5500
447000.0,3,1.0,1270,8800,1.0,0,0,3,7,0,1968,0,98052,47.6703,-122.15,1560,8250
353000.0,4,2.75,2200,268329,1.0,0,0,3,7,790,1989,0,98092,47.3224,-122.122,2240,58806
327000.0,3,1.5,1320,13200,1.0,0,0,3,7,0,1970,0,98059,47.5009,-122.143,1730,13200
540000.0,1,1.0,1140,6700,1.5,0,0,3,7,0,1920,0,98103,47.6958,-122.357,1350,6700
552500.0,3,1.0,1430,5000,1.0,0,0,3,7,0,1949,0,98117,47.6895,-122.37,1210,5000
351000.0,3,2.5,2594,4455,2.0,0,0,3,8,0,2012,0,98001,47.3054,-122.276,2981,4950
239000.0,4,1.0,1280,8316,1.0,0,0,3,6,0,1950,0,98168,47.4989,-122.302,1310,7830
227000.0,3,1.75,2380,12681,1.0,0,0,1,6,1000,1918,0,98118,47.5294,-122.279,1720,6377
610000.0,4,2.5,2100,8800,1.0,0,0,5,8,850,1980,0,98033,47.6909,-122.186,2100,9000
1100000.0,4,3.0,3320,5760,2.0,0,0,3,9,1200,1954,2007,98199,47.6474,-122.389,2400,6144
431000.0,3,2.25,2360,14950,1.0,0,0,4,9,0,1978,0,98042,47.3856,-122.158,2720,14388
415900.0,3,2.5,1670,22703,1.0,0,0,3,7,360,1988,0,98045,47.4708,-121.756,1510,16817
856000.0,3,1.5,1480,2700,1.5,0,0,3,7,0,1928,0,98112,47.623,-122.304,1970,4200
515000.0,3,2.25,1920,11500,1.0,0,0,3,8,0,1972,2000,98006,47.5498,-122.188,2260,8866
390000.0,2,1.0,1800,119790,1.0,0,0,4,7,600,1947,1977,98027,47.4617,-122.012,2320,79208
632000.0,5,2.5,2260,10087,1.0,0,0,3,8,740,1967,0,98008,47.5982,-122.128,2500,9440
1815000.0,4,4.5,4510,12873,2.0,0,2,3,12,0,1998,0,98033,47.6491,-122.201,2200,8528
635000.0,4,1.75,1950,13320,1.0,0,0,4,8,580,1969,0,98007,47.6196,-122.139,2120,12051
275000.0,4,1.0,1340,22500,1.5,0,0,3,7,0,1926,0,98168,47.489,-122.316,1620,10800
647500.0,5,2.0,1760,21562,1.0,0,1,3,8,200,1959,0,98028,47.7597,-122.263,2150,12676
209000.0,2,1.0,1070,6120,1.0,0,0,3,6,0,1962,0,98168,47.4989,-122.317,1130,6120
215000.0,3,1.0,1010,10125,1.0,0,0,4,7,0,1972,0,98042,47.3423,-122.088,1230,10125
225000.0,3,1.0,1020,8437,1.0,0,0,5,6,0,1987,0,98022,47.2093,-122.0,1420,8500
1050000.0,3,2.5,2200,1970,2.0,0,0,3,9,590,2008,0,98102,47.6426,-122.327,1890,3505
750000.0,4,2.75,3210,8520,1.0,0,2,4,7,1400,1976,0,98177,47.7743,-122.388,2450,7360
367500.0,3,1.0,1570,10050,1.0,0,0,3,7,0,1963,0,98028,47.736,-122.231,2540,9940
1195000.0,4,3.5,3960,6654,2.0,0,0,3,10,1110,2006,0,98199,47.6461,-122.389,2840,6400
367899.0,3,2.5,2420,4725,2.0,0,0,3,8,0,2014,0,98038,47.371,-122.018,2370,4200
369500.0,3,1.75,1300,20700,1.0,0,0,3,7,0,1962,0,98024,47.5587,-121.904,1930,37638
399995.0,3,1.5,1140,1069,3.0,0,0,3,8,0,2005,0,98103,47.6907,-122.342,1230,1276
160000.0,3,2.25,1470,8682,1.0,0,0,3,7,310,1985,0,98003,47.2729,-122.299,1670,8359
825000.0,4,3.0,2910,8027,1.0,0,0,5,8,1110,1970,0,98117,47.6939,-122.391,2390,7660
790000.0,3,2.5,2600,4750,1.0,0,0,4,9,900,1951,0,98117,47.6833,-122.4,2380,4750
385000.0,3,3.5,1370,1540,2.0,0,0,3,8,270,2006,0,98116,47.5638,-122.388,1370,915
840000.0,4,1.75,2930,11562,1.0,0,3,3,9,1260,1947,0,98117,47.6765,-122.404,2530,6517
550000.0,3,2.25,1540,1005,3.0,0,0,3,8,0,2008,0,98103,47.6827,-122.346,1510,1501
209950.0,3,1.5,1180,7300,1.0,0,0,4,7,0,1968,0,98002,47.2857,-122.197,2030,8424
675500.0,4,2.75,2060,21344,1.0,0,0,2,8,600,1978,0,98005,47.5934,-122.154,2060,16088
690000.0,4,3.25,3730,11820,2.0,0,0,3,10,1270,1990,0,98029,47.5775,-122.019,3680,10667
400000.0,3,2.5,2120,3742,2.0,0,0,3,7,0,2006,0,98059,47.4787,-122.129,2250,4696
255000.0,3,2.0,1490,8371,1.5,0,0,3,7,0,1984,0,98031,47.3962,-122.189,1350,7846
525000.0,3,2.75,2100,10362,2.0,0,0,3,9,590,1998,0,98045,47.4347,-121.417,2240,11842
230000.0,3,1.75,1520,15344,1.0,0,0,3,8,0,1968,0,98023,47.3308,-122.365,2270,14981
625000.0,3,1.5,1990,5978,1.5,1,4,4,7,0,1926,0,98198,47.3449,-122.329,2100,6221
194000.0,3,1.0,1180,6050,1.0,0,0,3,6,360,1944,0,98178,47.4945,-122.249,1070,6050
510000.0,3,2.5,1420,1237,3.0,0,0,3,8,0,2014,0,98107,47.674,-122.387,1510,2501
910000.0,4,1.5,2890,9000,2.0,0,4,3,8,800,1939,0,98118,47.5682,-122.274,2550,8400
445000.0,4,1.75,1990,4725,1.5,0,0,4,7,800,1944,0,98126,47.5275,-122.38,1240,4961
415000.0,2,1.0,1470,6000,1.0,0,0,3,6,570,1944,0,98199,47.6527,-122.386,1670,6000
190000.0,2,1.5,1400,9031,1.0,0,0,3,7,440,1982,0,98023,47.2915,-122.368,1450,7658
400000.0,2,1.75,1250,7680,1.0,0,0,3,7,0,1922,1968,98126,47.5242,-122.371,1250,7680
1169000.0,5,4.25,4610,13252,2.0,0,4,3,11,0,2004,0,98075,47.5878,-121.969,4400,15154
195000.0,3,1.0,1310,9554,1.0,0,0,3,7,350,1962,0,98001,47.2949,-122.285,1310,9845
459000.0,4,3.0,2530,10000,2.0,0,0,3,7,0,2013,0,98148,47.431,-122.335,1420,9898
420000.0,3,2.0,1750,9239,1.0,0,0,3,8,340,1989,0,98133,47.7583,-122.339,1720,7874
430000.0,3,1.0,1210,5200,1.0,0,0,3,6,0,1941,0,98126,47.531,-122.373,890,5200
340000.0,2,2.0,1250,1178,2.0,0,0,3,7,270,1996,0,98136,47.5426,-122.387,1270,1242
252000.0,3,2.0,1370,7500,1.0,0,0,3,7,0,1997,0,98038,47.3634,-122.046,1420,7500
1575000.0,4,3.75,3810,9916,2.0,0,0,3,11,0,1989,0,98040,47.5739,-122.234,3040,11250
642450.0,3,1.75,1830,4160,1.0,0,0,3,7,600,1919,0,98144,47.5962,-122.288,1950,4160
305000.0,4,2.5,2320,4683,2.0,0,0,3,7,0,2007,0,98042,47.3349,-122.059,2230,5750
345000.0,3,1.0,1120,10176,1.0,0,0,3,6,200,1905,0,98118,47.5235,-122.277,1350,7500
540000.0,4,2.5,2050,34222,2.0,0,0,4,8,0,1989,0,98077,47.7572,-122.022,2240,51400
499000.0,4,2.5,2910,6479,2.0,0,0,3,7,0,2006,0,98065,47.5402,-121.887,2320,5178
360000.0,4,2.0,1730,5500,1.0,0,0,5,7,720,1943,0,98106,47.5304,-122.353,1080,4900
494995.0,5,2.75,2670,3800,2.0,0,0,3,8,0,2014,0,98059,47.4783,-122.123,2670,3800
300000.0,3,2.25,1760,5421,2.0,0,0,3,7,0,1991,0,98038,47.3484,-122.037,1570,6000
1060000.0,4,3.75,3880,9979,2.5,0,0,3,10,0,2007,0,98029,47.5408,-121.992,3130,6112
374950.0,4,1.5,1970,14490,1.5,0,0,4,7,0,1963,0,98059,47.4612,-122.069,1880,14880
705000.0,3,1.75,2180,10221,1.0,0,2,4,7,1040,1946,0,98040,47.5885,-122.248,2180,8535
875000.0,4,1.5,1800,3245,1.5,0,0,4,8,0,1929,0,98103,47.6605,-122.331,1800,4275
222000.0,3,1.75,1240,7560,1.0,0,0,3,8,170,1967,0,98003,47.333,-122.3,1650,7560
800000.0,4,2.75,3010,7427,2.0,0,0,3,8,0,2010,0,98052,47.7068,-122.112,3000,4929
1450000.0,4,3.5,4300,108865,2.0,0,0,3,11,0,2014,0,98074,47.6258,-122.005,4650,107498
438000.0,5,2.5,1990,6840,2.0,0,0,4,7,0,1974,0,98034,47.7162,-122.166,1990,7150
335000.0,3,2.5,1150,683,2.0,0,0,3,7,0,2013,0,98027,47.5323,-122.071,1150,755
2600000.0,3,3.0,3410,16015,2.0,1,4,4,10,1190,1973,0,98040,47.5721,-122.239,3760,16572
565000.0,5,1.5,1940,3430,1.5,0,0,4,6,720,1926,0,98117,47.6853,-122.362,1830,4120
1209000.0,4,3.25,4330,26162,2.0,0,0,3,11,0,1997,0,98074,47.6009,-122.011,5110,26319
613000.0,3,1.5,1470,4480,1.0,0,0,4,7,340,1918,0,98105,47.6693,-122.291,2120,4480
380000.0,3,1.75,1750,10870,1.0,0,0,5,7,0,1968,0,98056,47.4989,-122.188,1230,10868
936000.0,7,3.75,5100,21802,2.0,0,0,3,10,1460,2001,0,98075,47.595,-122.04,3350,10005
2720000.0,4,3.25,3990,18115,2.0,0,0,4,11,0,1989,0,98039,47.6177,-122.229,3450,16087
315000.0,3,1.0,960,6634,1.0,0,0,3,6,0,1952,0,98125,47.7264,-122.31,1570,7203
280000.0,3,3.0,1390,1080,2.0,0,0,3,7,250,2006,0,98118,47.5325,-122.282,1450,1461
550000.0,3,2.5,1980,9061,2.0,0,0,4,8,0,1987,0,98074,47.6366,-122.029,1930,8869
525000.0,3,1.75,2870,26500,1.5,0,1,3,8,0,1948,1981,98166,47.4485,-122.355,2420,20500
176000.0,3,3.25,1340,5434,2.0,0,0,3,7,0,1986,0,98038,47.3779,-122.045,1670,6203
665000.0,3,2.0,1740,41275,1.0,0,0,3,8,0,1974,1989,98045,47.4914,-121.763,2630,41275
395000.0,1,1.0,790,3000,1.0,0,0,3,6,0,1953,0,98199,47.6544,-122.386,1110,4100
550000.0,4,3.5,4150,16197,2.0,0,0,3,10,0,2006,0,98003,47.3423,-122.183,3618,15210
255000.0,2,2.0,1140,8400,1.0,0,0,2,7,0,1954,0,98148,47.4351,-122.335,1130,9375
713250.0,3,2.0,2050,9000,1.0,0,0,4,7,0,1951,0,98040,47.5885,-122.245,2910,8856
247000.0,3,2.5,1510,10875,1.0,0,0,3,7,360,1990,0,98003,47.3482,-122.3,1810,9916
279900.0,3,3.25,2240,5000,2.0,0,0,3,9,700,1989,0,98198,47.4114,-122.334,1800,7500
460000.0,3,3.25,1370,1194,3.0,0,0,3,8,0,2005,0,98107,47.6704,-122.391,1320,1217
499900.0,3,2.5,2100,5112,2.0,0,0,3,8,0,1999,0,98065,47.5338,-121.867,2100,4370
495000.0,3,2.0,2660,192099,1.0,0,0,4,9,0,1964,0,98022,47.2098,-122.016,2570,43561
850000.0,4,3.75,3890,22000,2.0,0,0,3,10,0,2007,0,98027,47.5052,-121.906,1610,23142
473000.0,5,3.25,2180,7200,2.0,0,0,4,7,0,1982,0,98034,47.7078,-122.234,1840,7644
346500.0,4,2.5,2150,5100,1.5,0,0,3,7,860,1991,0,98106,47.5338,-122.36,1920,5100
850000.0,2,1.5,1800,4144,1.0,0,4,4,7,900,1962,0,98116,47.5934,-122.39,2090,4173
338000.0,3,2.0,2440,23512,1.0,0,0,3,6,800,1933,0,98148,47.4594,-122.326,1630,19613
450000.0,5,2.5,2510,10240,1.0,0,0,4,8,1100,1984,0,98059,47.4732,-122.141,2170,10500
375000.0,4,2.0,1620,4600,2.0,0,0,3,7,0,1909,0,98108,47.5533,-122.307,1620,4500
325000.0,3,1.0,1920,6862,1.0,0,2,3,7,800,1952,0,98118,47.5193,-122.274,2000,6900
300000.0,6,5.25,2860,5682,2.0,0,0,3,7,0,1978,0,98002,47.303,-122.221,1390,5956
465000.0,5,2.5,2550,6405,2.0,0,0,3,7,0,2008,0,98065,47.5191,-121.869,2190,5900
182500.0,3,1.0,910,7194,1.0,0,0,4,7,0,1971,0,98001,47.3337,-122.275,1530,7200
405000.0,3,1.0,1220,7771,1.0,0,0,3,7,0,1963,0,98008,47.6326,-122.119,1420,7674
1438890.0,5,3.5,3420,8000,2.0,0,0,3,10,0,2006,0,98040,47.5736,-122.212,1900,8000
283200.0,4,2.5,1982,6406,2.0,0,0,3,8,0,2004,0,98030,47.3636,-122.192,2340,6501
550000.0,3,1.0,1260,6000,1.0,0,3,3,7,0,1951,0,98146,47.5058,-122.384,2020,6600
883000.0,4,2.5,2960,41656,2.0,0,0,3,10,0,1985,0,98072,47.7319,-122.132,3900,35104
450000.0,4,2.0,2240,7725,1.0,0,0,5,7,1120,1956,0,98106,47.5331,-122.365,1340,6300
1700000.0,4,3.5,4330,15335,2.0,0,0,4,11,1100,1988,0,98040,47.5315,-122.231,3840,14311
364808.0,3,1.75,2320,7875,1.0,0,0,3,8,700,1967,0,98058,47.4524,-122.146,1990,9720
599000.0,3,1.75,1960,4788,1.0,0,0,4,7,870,1920,0,98115,47.6746,-122.312,1960,3960
475000.0,4,3.0,2400,5400,2.0,0,2,4,7,800,1965,0,98178,47.5099,-122.26,2400,5400
199000.0,4,1.0,1220,11730,1.0,0,0,4,7,0,1960,0,98001,47.3229,-122.283,1270,9520
595000.0,3,2.75,2150,31238,2.0,0,0,3,9,0,1996,0,98014,47.6596,-121.96,2650,38307
1795000.0,4,3.25,4060,13000,2.0,0,3,3,11,0,2000,0,98040,47.581,-122.246,3220,13800
741000.0,4,2.75,2070,10125,1.0,0,0,3,7,680,1962,0,98040,47.5697,-122.219,1850,10125
650000.0,4,1.75,2640,8215,1.0,0,0,4,7,1140,1966,0,98008,47.5819,-122.125,2070,7875
389000.0,2,2.0,1340,4122,1.0,0,0,3,8,0,2007,0,98053,47.7182,-122.022,1350,4273
415000.0,4,2.5,2020,5501,2.0,0,0,3,7,0,2010,0,98059,47.4937,-122.15,2020,5494
1047000.0,4,3.5,3500,4000,2.0,0,0,3,10,940,2000,0,98112,47.628,-122.299,1910,4000
1865000.0,4,3.75,3790,8797,2.0,0,0,3,11,500,2006,0,98039,47.6351,-122.236,2660,12150
298000.0,3,2.5,1852,4000,2.0,0,0,3,7,0,2014,0,98002,47.3455,-122.21,2166,4000
645000.0,3,2.25,3280,79279,1.0,0,0,3,10,0,2001,0,98003,47.3207,-122.293,1860,24008
325000.0,3,1.5,1320,7560,1.0,0,0,3,6,480,1983,0,98019,47.7451,-121.98,1210,7560
433500.0,3,2.5,2200,3360,2.0,0,0,3,8,0,2009,0,98118,47.5418,-122.287,2130,3423
603500.0,3,1.75,2140,7280,1.0,0,0,3,7,1070,1910,0,98117,47.6993,-122.377,2280,8400
571500.0,3,1.0,1300,6710,1.0,0,0,4,6,0,1952,0,98040,47.5851,-122.242,1630,9946
575000.0,3,2.25,3800,33825,1.0,0,0,4,10,470,1976,0,98042,47.3797,-122.152,3470,14484
345000.0,4,2.5,2382,5899,2.0,0,0,3,8,0,2011,0,98003,47.2793,-122.295,2382,5897
520000.0,4,2.5,2900,4950,2.0,0,0,3,8,0,2004,0,98028,47.7717,-122.236,2590,4950
564000.0,4,2.5,2870,6658,2.0,0,0,3,8,0,2004,0,98065,47.5394,-121.878,2770,6658
330000.0,3,2.25,1860,11227,2.0,0,0,3,7,0,1995,0,98038,47.3879,-122.031,1820,8800
730000.0,3,2.25,2040,130680,2.0,0,0,3,9,0,1977,0,98072,47.7584,-122.136,3080,39630
730000.0,5,3.5,3760,4857,2.0,0,3,3,9,940,2004,0,98072,47.7398,-122.167,3000,5693
645000.0,3,2.5,2170,1984,2.5,0,0,3,8,0,2008,0,98027,47.5401,-122.027,2150,1984
900000.0,3,1.0,1560,3825,1.5,0,0,3,8,170,1930,0,98117,47.6803,-122.387,1700,5100
890000.0,6,3.75,2770,5000,1.0,0,0,3,8,900,1969,0,98107,47.669,-122.365,1570,2108
418000.0,4,3.0,2360,6250,1.0,0,2,3,7,900,1960,0,98118,47.512,-122.249,2500,6250
288000.0,3,1.0,1410,40500,1.0,0,0,4,7,0,1961,0,98092,47.3199,-122.1,1570,40500
620000.0,4,2.5,1840,220308,2.0,0,0,3,8,0,2000,0,98038,47.4306,-122.049,1890,65340
442000.0,3,2.5,1980,39932,2.0,0,0,3,8,0,1994,0,98011,47.7433,-122.196,2610,12769
327000.0,4,2.5,1630,5361,2.0,0,0,3,7,0,1999,0,98144,47.5704,-122.294,1920,5046
187000.0,3,1.5,1280,4452,2.0,0,0,3,6,0,1985,0,98002,47.3344,-122.216,1070,4366
1300000.0,3,1.0,2040,7936,1.0,0,3,5,8,360,1940,0,98177,47.7028,-122.385,2300,10080
930000.0,3,2.5,3100,20553,1.0,0,0,3,10,0,1954,0,98177,47.7635,-122.377,3000,22302
375000.0,4,1.75,1680,6834,1.5,0,0,3,7,0,1948,0,98125,47.716,-122.307,950,7425
1225000.0,4,2.5,3120,49456,2.0,1,4,4,9,530,1974,1989,98198,47.3535,-122.323,2030,32181
695000.0,3,2.0,2560,6800,1.0,0,1,4,8,1180,1952,0,98136,47.5506,-122.395,1780,6800
678500.0,4,3.0,2620,214750,2.0,0,0,3,8,0,1992,0,98058,47.4239,-122.068,2060,212137
736000.0,2,1.0,1500,4000,1.0,0,0,3,8,400,1933,0,98109,47.6409,-122.353,1980,4000
415000.0,3,1.75,1270,4800,1.0,0,0,3,7,0,1952,2014,98126,47.5362,-122.376,1220,4800
175000.0,4,1.0,1300,6030,1.5,0,0,3,6,0,1947,0,98168,47.4778,-122.286,1240,6900
589000.0,3,2.5,2320,5663,2.0,0,0,3,8,0,2003,0,98027,47.539,-122.07,2500,4500
410000.0,3,1.75,1660,5987,1.0,0,0,3,7,700,1982,0,98146,47.5107,-122.381,1510,6000
256750.0,3,2.5,1990,8991,1.0,0,0,3,7,420,1969,0,98042,47.3939,-122.164,1920,8991
260000.0,3,1.5,1580,8184,1.0,0,0,3,7,440,1954,0,98148,47.4294,-122.331,1540,9476
200000.0,5,1.75,1770,15525,1.0,0,0,4,7,0,1959,0,98059,47.5025,-122.142,1370,10395
1030000.0,4,2.5,2620,11200,1.0,0,0,4,8,850,1962,0,98004,47.5876,-122.193,2360,11200
407000.0,3,1.0,1140,7785,1.0,0,0,3,8,0,1954,0,98177,47.709,-122.363,2080,10620
945000.0,2,2.5,2540,7089,2.0,0,0,3,9,0,2004,0,98116,47.5747,-122.414,1330,7089
885000.0,3,3.25,2640,16090,1.0,0,2,4,8,680,1976,0,98040,47.5374,-122.213,3690,15000
325000.0,3,1.75,1810,8048,1.0,0,0,4,7,520,1983,0,98055,47.4484,-122.194,1550,9081
789800.0,3,2.5,2605,2216,2.0,0,2,3,9,515,1979,0,98033,47.6536,-122.203,2605,2300
650000.0,3,2.75,1540,1251,2.0,0,0,3,8,310,2002,0,98102,47.6298,-122.321,1540,1287
275000.0,2,2.0,1290,9041,1.0,0,0,3,7,340,1956,0,98108,47.5346,-122.291,1290,5000
500000.0,2,2.25,1570,1269,2.0,0,0,3,9,290,2015,0,98199,47.6514,-122.385,1570,6000
740000.0,4,3.5,3760,57063,2.0,0,0,3,9,810,1998,0,98053,47.6328,-121.964,2870,28945
588000.0,3,2.25,2030,7350,1.0,0,0,4,7,840,1977,0,98052,47.6939,-122.126,1950,7350
490000.0,3,2.0,1450,2400,1.5,0,0,3,8,0,1900,2003,98107,47.6726,-122.381,1450,4275
354000.0,6,3.5,3020,4500,2.0,0,0,3,7,0,1941,1992,98178,47.498,-122.225,900,6000
402500.0,2,1.0,800,2280,1.0,0,0,5,6,0,1946,0,98107,47.6588,-122.362,1310,4200
275000.0,3,2.5,2497,4400,2.0,0,0,3,8,0,2007,0,98001,47.2873,-122.283,2434,4400
375000.0,4,2.5,1870,7471,2.0,0,0,3,8,0,1990,0,98055,47.4314,-122.204,2020,8912
770000.0,7,2.25,3260,8145,2.0,0,0,5,8,0,1967,0,98008,47.6336,-122.115,2340,8145
289950.0,3,2.0,1670,7757,1.0,0,0,3,8,0,1992,0,98030,47.3802,-122.207,2290,7859
248500.0,2,1.0,780,10064,1.0,0,0,4,7,0,1958,0,98168,47.4913,-122.318,1090,14750
435000.0,2,2.0,1440,1170,2.0,0,0,3,9,480,2004,0,98116,47.5592,-122.385,1440,1350
1150000.0,4,2.25,3740,18000,1.0,0,0,4,9,1870,1951,0,98177,47.7027,-122.378,2610,10902
205000.0,3,2.5,1600,7295,2.0,0,0,2,7,0,1993,0,98042,47.3904,-122.165,1410,9000
245000.0,3,2.0,1850,8208,1.0,0,0,4,7,670,1970,0,98023,47.3109,-122.362,1790,8174
280000.0,4,2.5,2400,4596,2.0,0,0,3,8,0,2004,0,98001,47.3358,-122.265,2230,4763
580000.0,6,1.75,2180,4000,1.5,0,0,4,7,800,1926,0,98105,47.6643,-122.29,1720,4000
278000.0,3,1.5,1900,9994,1.0,0,0,3,7,780,1960,0,98168,47.4729,-122.301,1900,9994
625000.0,3,1.75,1660,4800,2.0,0,0,3,7,0,1906,2014,98112,47.6296,-122.308,1660,4800
450000.0,3,1.75,1540,7490,1.0,0,0,5,7,0,1971,0,98034,47.7222,-122.177,1270,7350
335000.0,5,3.0,2660,7700,1.5,0,0,4,7,990,1962,0,98058,47.46,-122.174,1610,7700
556000.0,3,1.0,1800,4005,1.5,0,0,4,7,640,1929,0,98117,47.6876,-122.38,1240,4005
569000.0,3,2.0,1990,3000,1.5,0,0,3,7,760,1908,1970,98112,47.6272,-122.29,1600,4080
370000.0,6,2.75,3240,5750,1.0,0,0,4,6,1080,1950,0,98002,47.3054,-122.221,1230,5750
657000.0,4,2.5,2640,25038,2.0,0,0,4,8,0,1995,0,98056,47.5277,-122.174,2630,16668
536000.0,4,2.5,2880,8833,2.0,0,0,3,7,0,2006,0,98065,47.5388,-121.89,2570,5234
612500.0,4,2.0,2060,5000,1.0,0,0,3,7,1030,1949,2013,98117,47.6992,-122.379,1280,5000
1208000.0,4,3.75,3250,10949,2.0,0,0,4,9,310,1930,1989,98004,47.639,-122.219,2340,15234
926250.0,4,1.75,2390,17717,1.0,0,0,4,8,0,1964,0,98040,47.5755,-122.218,2390,10730
449950.0,4,2.5,2070,7312,1.0,0,0,4,7,840,1977,0,98052,47.6958,-122.12,1770,7668
409950.0,3,2.5,2655,5080,2.0,0,0,3,8,0,2013,0,98023,47.2972,-122.348,2879,5232
599950.0,3,2.5,1510,1493,3.0,0,0,3,8,0,2014,0,98107,47.669,-122.402,1530,1357
260000.0,3,2.0,2710,5000,2.0,0,0,3,6,0,1951,0,98126,47.5188,-122.373,850,5000
165000.0,3,1.0,1120,5000,1.0,0,0,3,6,0,1917,0,98146,47.5109,-122.357,1050,5000
725000.0,4,2.25,3440,14237,2.0,0,0,3,9,0,1982,0,98077,47.7241,-122.065,3250,18365
380000.0,4,2.5,2100,5857,2.0,0,0,3,8,0,2002,0,98059,47.4956,-122.163,2090,7779
450000.0,3,2.5,1990,12866,2.0,0,0,4,7,0,1986,0,98072,47.7477,-122.17,2310,8803
336900.0,3,2.5,1690,1200,2.0,0,0,3,8,280,2014,0,98106,47.5388,-122.367,1740,1664
477500.0,2,2.0,2090,6000,2.0,0,1,3,7,0,1918,1985,98116,47.5732,-122.413,1600,5400
740000.0,4,2.25,2860,26136,1.0,0,0,3,8,1220,1977,0,98005,47.6033,-122.158,2670,25040
330000.0,3,2.0,1500,11233,1.0,0,0,3,7,0,1987,0,98019,47.7279,-121.967,1580,14013
1199000.0,4,2.75,4110,8400,2.0,0,1,3,9,980,1928,2013,98125,47.717,-122.281,2820,8400
480000.0,4,2.5,2180,9861,2.0,0,2,3,8,0,1997,0,98045,47.4817,-121.802,2390,9761
872750.0,3,2.5,2870,13695,2.0,0,0,3,10,0,1991,0,98052,47.6944,-122.102,2840,8472
269950.0,3,1.5,1740,9547,1.0,0,0,4,7,0,1962,0,98055,47.4475,-122.213,1780,9936
417000.0,3,1.5,1340,10224,1.0,0,0,4,7,0,1956,0,98006,47.5752,-122.157,1340,10440
979700.0,5,3.0,3730,5500,1.5,0,0,3,7,1570,1927,0,98102,47.6507,-122.32,1890,5500
705380.0,3,2.5,2490,4343,2.0,0,0,3,9,0,2003,0,98029,47.5493,-121.993,2130,4106
285167.0,3,2.25,2200,8375,2.0,0,0,3,8,0,1988,0,98092,47.2626,-122.218,2200,10002
915000.0,3,2.75,3390,7000,1.0,0,3,4,8,1650,1979,0,98116,47.5701,-122.408,1770,6500
915000.0,5,2.75,2580,7630,1.0,0,0,4,7,850,1954,0,98004,47.6226,-122.205,2040,7717
1000000.0,3,1.0,1540,24500,1.5,0,0,3,7,0,1949,0,98125,47.7213,-122.29,1540,7250
590000.0,5,3.25,4020,40341,1.0,0,0,5,8,1850,1970,0,98027,47.4952,-122.068,2650,53437
1950000.0,4,3.5,4065,18713,2.0,0,0,4,10,0,1987,0,98039,47.6209,-122.237,3070,18713
360000.0,2,0.75,850,7710,1.0,0,2,5,6,300,1909,0,98108,47.5588,-122.301,2500,6022
239000.0,3,1.0,1510,15022,1.0,0,0,3,7,0,1962,0,98003,47.3304,-122.304,1510,12970
400000.0,4,1.75,2670,189486,2.0,0,4,3,8,0,1972,0,98092,47.2585,-122.061,2190,218610
298000.0,2,1.0,850,5000,1.0,0,0,3,5,0,1907,0,98055,47.4874,-122.207,910,4815
519000.0,5,2.75,2620,8861,1.0,0,0,5,8,1270,1979,0,98056,47.5226,-122.183,1940,10800
325000.0,4,2.5,2230,8500,2.0,0,0,3,8,0,1994,0,98022,47.2082,-122.009,2270,8770
718000.0,3,1.75,4060,136290,1.0,0,0,3,8,1250,1995,0,98045,47.4843,-121.719,1300,51836
121800.0,2,1.0,940,8384,1.0,0,0,3,5,0,1947,0,98146,47.5065,-122.364,1290,8384
518000.0,5,2.5,2890,13104,2.0,0,0,3,8,0,2006,0,98019,47.7277,-121.958,3020,9300
286800.0,3,2.5,1413,3600,2.0,0,0,3,8,0,2011,0,98031,47.4222,-122.193,2150,3869
1250000.0,5,3.25,3160,13238,2.0,0,0,5,8,0,1972,0,98040,47.5373,-122.224,2360,12042
200000.0,3,1.0,1010,8108,1.0,0,0,3,7,0,1955,0,98155,47.735,-122.309,1110,8108
466000.0,4,2.25,2170,8050,1.0,0,0,3,7,950,1976,0,98072,47.7354,-122.174,1820,7700
875000.0,4,2.25,3720,12384,1.0,0,2,5,8,1860,1970,0,98075,47.5836,-122.074,3180,15541
340000.0,3,1.75,1730,11986,1.0,0,3,5,6,0,1918,0,98198,47.3595,-122.323,2490,9264
240000.0,3,2.0,1310,8069,1.0,0,0,3,7,0,1990,0,98042,47.3694,-122.083,1310,8392
346950.0,3,1.75,1830,10954,1.0,0,0,3,7,0,1963,0,98155,47.7554,-122.306,1850,8624
362000.0,3,1.0,1290,10125,1.0,0,0,4,7,0,1956,0,98028,47.7641,-122.265,1760,14460
1898000.0,3,2.5,2830,4334,3.0,1,4,3,10,0,2006,0,98074,47.6318,-122.071,2830,38211
1730000.0,5,3.5,5000,26540,2.0,0,3,3,10,1590,2008,0,98040,47.5665,-122.21,3360,17398
155000.0,3,1.0,1300,6098,1.0,0,0,3,7,0,2013,0,98014,47.7074,-121.364,1300,6849
427000.0,3,1.0,1200,5252,1.0,0,0,3,7,0,1962,0,98007,47.6075,-122.134,1800,7920
555000.0,5,2.75,2810,13144,1.0,0,0,3,8,1370,1964,0,98007,47.6199,-122.141,2480,13144
459000.0,4,1.75,2260,9703,1.0,0,0,2,8,600,1978,0,98052,47.6622,-122.145,2390,8455
357000.0,4,2.5,2380,7066,2.0,0,0,4,7,0,1997,0,98031,47.3982,-122.172,2310,8127
702000.0,3,2.5,2190,8528,1.0,0,0,3,8,430,1991,0,98033,47.6943,-122.209,2060,9811
310000.0,4,1.75,1480,11200,1.0,0,0,4,7,0,1969,0,98059,47.5064,-122.141,1480,20310
180000.0,3,1.0,870,5330,1.0,0,0,3,6,0,1969,2014,98042,47.369,-122.077,840,5200
350000.0,3,2.0,1380,3600,3.0,0,0,3,8,0,2015,0,98122,47.6074,-122.305,1480,3600
305000.0,3,2.5,1260,895,3.0,0,0,3,7,100,2009,0,98133,47.7072,-122.336,1190,1095
265000.0,4,2.0,1600,10160,1.0,0,0,4,7,0,1972,0,98022,47.2015,-122.003,1540,9352
775000.0,6,2.75,2980,5000,1.5,0,0,3,7,500,1916,0,98103,47.6684,-122.331,1470,5000
530000.0,4,2.75,2740,7872,2.0,0,0,3,10,0,2015,0,98056,47.4954,-122.172,1220,6300
759990.0,4,2.5,2540,5760,2.0,0,0,3,9,0,2009,0,98029,47.5405,-121.993,2580,3600
1264000.0,4,3.75,3490,9170,2.0,0,0,3,9,0,2012,0,98004,47.5991,-122.2,1810,8470
360000.0,4,2.5,2000,5500,2.0,0,0,3,8,0,2003,0,98038,47.3552,-122.014,2000,5512
832000.0,4,2.25,3190,52953,2.0,0,0,4,10,0,1980,0,98075,47.5933,-122.075,3190,51400
263000.0,3,2.5,1584,3200,2.0,0,0,3,7,0,2011,0,98002,47.3451,-122.215,1584,2800
393820.0,2,2.0,1170,8251,1.0,0,0,3,7,0,1941,0,98115,47.6873,-122.291,1360,6798
915000.0,4,2.5,3210,8532,2.0,0,0,3,10,0,1998,0,98007,47.625,-122.144,2950,6753
390000.0,3,1.75,1300,10030,1.0,0,0,4,7,0,1967,0,98034,47.7359,-122.192,1520,7713
495000.0,4,2.0,1610,4770,1.0,0,0,4,7,380,1941,0,98126,47.5333,-122.381,1180,6120
223000.0,2,1.0,910,9869,1.0,0,0,3,6,0,1957,0,98058,47.4572,-122.184,1480,9750
240000.0,4,1.75,1880,9600,1.0,0,0,5,7,860,1946,0,98001,47.2633,-122.281,1560,14400
295000.0,3,2.0,1400,7384,1.0,0,0,3,7,250,1979,0,98058,47.4655,-122.174,1820,7992
478830.0,4,2.5,3274,4950,2.0,0,0,3,9,0,2014,0,98092,47.2603,-122.195,2578,4200
1150000.0,4,4.0,4460,103382,2.0,0,0,3,11,0,2001,0,98053,47.634,-121.997,3470,88519
749000.0,4,2.75,2700,6000,2.0,0,0,4,8,600,1910,0,98116,47.586,-122.383,2050,5400
415000.0,5,1.75,3700,9140,1.0,0,0,3,8,1850,1957,0,98178,47.5086,-122.258,2190,6720
299800.0,2,1.0,790,5240,1.0,0,0,4,6,0,1925,0,98118,47.5303,-122.288,1430,5320
350500.0,2,2.5,1290,1445,3.0,0,0,3,8,0,1999,0,98117,47.6955,-122.376,1470,1503
845000.0,4,2.75,3160,7143,1.5,0,0,3,8,1060,1933,0,98199,47.6513,-122.406,2200,6122
314950.0,3,2.0,1760,9732,1.0,0,0,3,7,0,1996,0,98022,47.1923,-122.014,1910,9231
200000.0,2,1.75,1320,13052,1.5,0,0,3,7,0,1980,0,98014,47.712,-121.352,1320,13052
455000.0,4,2.0,2380,4500,1.5,0,0,3,6,910,1926,2014,98118,47.5652,-122.281,1300,4500
651000.0,4,2.5,2740,7140,2.0,0,0,3,8,0,1993,0,98074,47.6334,-122.021,2260,7035
785200.0,3,2.25,1840,3500,1.5,0,0,5,8,300,1910,0,98122,47.6063,-122.292,1800,3300
403000.0,3,2.5,1502,1400,3.0,0,0,3,7,0,2005,0,98115,47.6951,-122.305,1377,1466
552321.0,3,2.5,1960,8469,2.0,0,0,4,8,0,1984,0,98052,47.7236,-122.105,2040,8189
925000.0,4,2.25,2260,41984,1.0,0,0,4,9,0,1967,0,98033,47.6622,-122.171,2650,37318
470000.0,3,2.25,2220,9800,2.0,0,0,3,8,0,1987,0,98155,47.7635,-122.286,2420,10232
790000.0,4,2.75,2640,9000,2.0,0,0,3,10,0,1990,0,98052,47.6481,-122.125,2980,9137
623000.0,4,2.5,2980,9235,1.0,0,0,4,8,1290,1977,0,98006,47.5513,-122.162,2690,10046
949000.0,4,1.75,2490,7834,1.0,0,3,4,8,1250,1958,0,98033,47.6851,-122.209,3210,7834
500000.0,2,1.0,680,5250,1.0,0,0,4,6,0,1922,0,98177,47.7013,-122.359,1620,5461
680000.0,4,2.75,2500,4950,2.0,0,0,3,8,0,2010,0,98053,47.6964,-122.017,2500,4950
825000.0,4,2.75,2220,11925,1.0,0,0,3,7,660,1953,1985,98004,47.6381,-122.205,2500,11377
750000.0,5,3.75,3500,101494,1.5,0,0,3,8,0,1967,1990,98053,47.6745,-122.054,3250,38636
270000.0,3,2.5,1808,19200,1.0,0,0,3,8,0,2005,0,98001,47.2598,-122.281,1450,14400
359950.0,4,3.5,2690,5564,2.0,0,0,3,7,0,2007,0,98038,47.3537,-122.018,2210,4046
645000.0,4,2.5,2250,10696,2.0,0,0,3,8,0,1996,0,98006,47.5715,-122.128,2340,13286
581000.0,2,1.0,1170,4080,1.0,0,0,4,7,0,1909,0,98117,47.6784,-122.386,1560,4586
255000.0,2,1.0,960,28717,1.0,0,0,4,6,0,1984,0,98070,47.3356,-122.502,1860,28717
505000.0,2,1.0,1020,5000,1.0,0,0,4,7,0,1916,0,98117,47.6781,-122.363,1480,5000
551000.0,3,1.0,1580,6000,1.0,0,0,5,7,0,1947,0,98027,47.5286,-122.032,1580,6000
970000.0,2,1.0,1290,5376,1.0,0,0,3,6,0,1945,0,98115,47.6966,-122.315,1180,5376
550285.0,2,1.75,1680,4500,1.0,0,0,3,8,0,2004,0,98053,47.7132,-122.032,1670,4500
305000.0,2,1.0,1290,3140,2.0,0,0,3,7,0,2008,0,98053,47.6971,-122.026,1290,2628
194000.0,1,1.0,820,1060,1.0,0,0,3,8,60,2007,0,98126,47.5472,-122.372,1770,1853
406550.0,5,2.75,2400,15781,1.0,0,0,4,7,1200,1974,0,98074,47.622,-122.059,2390,7500
220000.0,2,1.0,840,9000,1.0,0,0,5,6,0,1951,0,98168,47.5033,-122.329,1350,10400
415000.0,3,2.25,1950,8868,1.0,0,0,3,7,600,1964,0,98155,47.7538,-122.312,1300,8880
370000.0,2,1.0,1040,4172,1.0,0,0,3,7,0,1946,0,98112,47.6308,-122.302,3120,4800
565000.0,5,2.5,2650,11455,1.0,0,0,3,7,1250,1961,0,98008,47.6141,-122.116,1960,9880
415000.0,3,2.25,1510,36224,2.0,0,0,3,8,0,1991,0,98045,47.4616,-121.711,1730,36224
511100.0,4,2.5,1560,12220,1.5,0,0,4,7,0,1965,0,98027,47.5287,-122.053,1920,12220
705000.0,4,2.5,2650,4316,1.5,0,0,3,8,1130,1905,2013,98116,47.5866,-122.389,1690,5625
425000.0,3,2.5,2650,12247,2.0,0,0,3,9,0,2002,0,98001,47.3185,-122.259,2920,8965
249000.0,3,1.75,1590,7535,1.5,0,0,5,6,0,1909,0,98032,47.3769,-122.234,1110,6000
570000.0,4,2.5,2430,44001,1.0,0,0,3,8,0,1994,0,98019,47.7125,-121.916,2200,46924
715000.0,4,2.5,2927,12171,2.0,0,0,3,10,0,1998,0,98075,47.5948,-121.983,2967,12166
319000.0,3,2.0,1640,9234,1.0,0,0,5,7,580,1967,0,98118,47.5162,-122.274,2230,10354
555000.0,3,2.0,1980,3478,1.5,0,0,4,7,540,1929,0,98117,47.6775,-122.372,1610,3478
545000.0,2,1.5,1620,3760,2.0,0,0,5,7,450,1924,0,98144,47.6012,-122.291,2130,4000
500000.0,4,2.0,1530,7816,1.0,0,0,3,7,0,1955,0,98133,47.7309,-122.332,1480,7816
193000.0,2,1.75,910,2550,1.0,0,0,3,6,0,2004,0,98038,47.3494,-122.022,1310,2550
205000.0,3,1.75,1420,6980,1.0,0,0,5,7,600,1980,0,98023,47.2873,-122.367,1470,7319
600000.0,4,1.75,1700,7800,1.0,0,0,4,8,0,1975,0,98052,47.651,-122.119,2430,8342
1700000.0,5,2.0,2500,15250,2.0,1,4,5,8,0,1942,0,98008,47.5883,-122.111,1880,18782
275000.0,4,2.0,1440,10920,1.0,0,0,3,5,0,1943,0,98056,47.5049,-122.18,1500,11902
339000.0,4,2.5,1830,8601,2.0,0,0,3,7,0,2003,0,98038,47.3576,-122.016,1830,5184
333500.0,3,1.75,1320,7200,1.0,0,0,4,7,0,1977,0,98028,47.7341,-122.237,1750,7260
435000.0,4,2.5,2150,3143,2.0,0,0,3,7,0,2010,0,98059,47.5048,-122.154,2640,3200
1130000.0,4,3.25,3810,8519,1.0,0,1,3,10,1130,2007,0,98033,47.699,-122.207,3240,10748
330000.0,5,2.5,2600,3839,2.0,0,0,3,7,0,2005,0,98058,47.4324,-122.145,2180,4800
719000.0,3,2.5,2120,9307,2.0,0,0,4,9,0,1984,0,98006,47.5477,-122.141,2290,11524
560000.0,4,1.5,1810,3400,2.0,0,0,3,8,0,1926,0,98112,47.6264,-122.302,1770,3600
277500.0,3,2.5,2620,4558,2.0,0,3,3,7,0,2010,0,98022,47.1944,-121.974,1670,4558
332000.0,4,2.5,2300,4482,2.0,0,0,3,7,0,2013,0,98042,47.3599,-122.082,2300,3825
255000.0,4,2.5,1580,7800,1.0,0,0,4,7,0,1959,0,98059,47.481,-122.163,1320,7800
377000.0,1,1.0,950,10585,1.5,0,0,3,6,0,1929,0,98115,47.6968,-122.297,1400,7056
1200000.0,5,4.0,2710,2800,3.0,0,0,3,10,330,1974,2008,98119,47.6346,-122.364,1530,3600
686500.0,2,1.75,1390,5025,1.5,0,0,4,8,0,1928,0,98105,47.6701,-122.288,2160,5000
639888.0,4,2.5,2050,2772,2.0,0,0,3,8,0,2012,0,98029,47.5421,-122.011,2050,2934
700000.0,5,3.25,2400,3118,2.0,0,0,4,7,620,1928,0,98122,47.6094,-122.291,2100,3941
522000.0,3,1.0,1150,7080,1.0,0,0,3,7,0,1952,0,98125,47.7106,-122.288,1490,7921
570000.0,3,1.75,1930,36210,1.0,0,0,3,8,0,1977,0,98072,47.7692,-122.128,1930,35060
921500.0,4,2.5,3670,315374,2.0,0,0,4,9,0,1994,0,98077,47.7421,-122.026,2840,87991
400000.0,6,2.0,2320,210830,2.0,0,0,4,8,0,1962,0,98058,47.398,-122.081,2540,217800
556000.0,3,2.25,2020,3600,2.0,0,0,3,8,0,1998,0,98033,47.6678,-122.165,2070,3699
306888.0,4,1.5,1940,8970,1.5,0,0,3,7,670,1980,0,98125,47.7297,-122.326,1960,8470
175000.0,2,1.0,740,3434,1.0,0,0,5,6,0,1920,0,98022,47.2088,-121.992,1160,6000
685000.0,4,2.5,2310,5100,2.0,0,0,3,9,0,2013,0,98177,47.7039,-122.36,1260,5100
245000.0,4,1.5,1850,7547,1.5,0,0,4,7,0,1960,0,98198,47.3714,-122.309,1730,7577
2250000.0,4,2.25,4760,8036,2.5,0,0,5,9,1370,1916,0,98112,47.6415,-122.285,2950,9323
495000.0,4,2.25,2220,8872,1.0,0,0,4,8,1110,1961,0,98006,47.5491,-122.17,2220,9106
285000.0,3,2.5,1690,7460,1.0,0,0,3,7,820,1997,0,98146,47.4964,-122.353,1900,7302
835100.0,4,2.5,2380,12573,1.0,0,0,4,9,0,1963,0,98005,47.5984,-122.176,2900,10700
275000.0,3,1.75,1300,20700,1.0,0,0,3,7,0,1962,0,98024,47.5587,-121.904,1930,37638
484000.0,5,2.5,3600,20001,2.0,0,0,4,9,0,1976,0,98166,47.4484,-122.339,2860,21780
649950.0,6,2.0,1900,8240,1.0,0,0,2,7,700,1964,0,98125,47.7037,-122.296,1900,8240
470000.0,3,1.0,1460,8227,1.0,0,0,3,6,580,1948,0,98125,47.7009,-122.301,1530,8128
338000.0,3,2.5,2470,4948,2.0,0,0,3,8,0,2003,0,98038,47.3438,-122.039,2500,4993
275000.0,3,3.0,1390,1080,2.0,0,0,3,7,250,2006,0,98118,47.5323,-122.281,1450,1081
410000.0,3,1.0,2710,19000,2.0,0,3,4,7,0,1950,0,98166,47.4462,-122.359,2150,19000
589000.0,3,2.5,2940,4799,1.0,0,0,3,9,1230,1996,0,98033,47.6681,-122.184,2540,4616
190000.0,2,1.0,880,6900,1.0,0,0,3,6,0,1943,0,98056,47.4903,-122.191,1060,8000
713000.0,4,3.25,2840,54400,1.0,0,0,4,8,0,1984,0,98053,47.6707,-122.045,2550,43560
335000.0,3,2.5,1700,6698,2.0,0,0,3,7,0,1997,0,98038,47.3826,-122.028,2190,7346
650000.0,2,1.0,1050,2542,1.0,0,0,3,7,170,1904,0,98122,47.6172,-122.298,1620,1809
350000.0,3,2.0,1440,5469,1.0,0,0,3,8,0,1988,0,98029,47.5753,-122.017,1980,6198
596000.0,2,1.0,1040,4880,1.0,0,0,3,7,0,1910,1975,98115,47.6809,-122.311,1500,4590
885250.0,4,2.5,3670,49658,2.0,0,0,3,10,0,1999,0,98074,47.6219,-122.015,3040,49658
1452000.0,2,3.25,2070,3128,2.0,1,3,3,9,310,1988,0,98075,47.5686,-122.06,2740,3568
287500.0,3,1.0,1810,7200,1.0,0,0,4,7,680,1954,0,98133,47.7493,-122.351,1810,8100
464000.0,4,2.5,2180,7203,2.0,0,0,4,8,0,1989,0,98059,47.5119,-122.151,2350,7334
257500.0,3,1.5,1210,12500,1.0,0,0,3,7,0,1962,0,98146,47.503,-122.351,1210,12500
342000.0,3,2.5,2430,5715,2.0,0,0,3,7,0,1999,0,98030,47.3718,-122.168,3040,5702
174950.0,3,1.0,1060,5200,1.0,0,0,5,6,0,1970,0,98042,47.3636,-122.093,1380,5200
458000.0,3,1.5,1570,12196,1.0,0,0,4,7,0,1972,0,98045,47.4866,-121.786,1740,12196
1225000.0,3,3.5,3680,11491,2.0,0,2,3,11,0,1999,0,98007,47.5647,-122.128,3710,10030
364900.0,3,3.0,2500,8304,2.0,0,0,3,8,0,1997,0,98031,47.4022,-122.166,2290,7855
263000.0,4,1.75,1340,8700,1.5,0,0,3,6,0,1958,0,98188,47.4514,-122.287,1240,8700
1195000.0,3,2.25,3070,9645,2.0,0,0,3,10,960,1987,0,98006,47.5522,-122.144,3130,9450
507250.0,3,2.5,2270,5536,2.0,0,0,3,8,0,2003,0,98065,47.5389,-121.881,2270,5731
245000.0,2,1.0,1200,4880,1.0,0,0,3,6,220,1943,0,98106,47.5276,-122.346,1040,4880
995000.0,3,4.5,4380,47044,2.0,1,3,3,9,660,1968,1990,98166,47.4734,-122.365,2460,18512
579000.0,3,2.5,3160,286181,2.0,0,3,3,9,0,2002,0,98010,47.3401,-121.946,2110,94663
2880500.0,4,2.5,5760,32033,2.0,0,4,4,12,1370,1994,0,98177,47.7288,-122.37,3420,28475
249000.0,3,1.0,1090,10296,1.0,0,0,4,6,0,1950,0,98028,47.7743,-122.26,1910,10296
205000.0,4,2.0,2200,13320,1.0,0,0,3,6,1100,1944,0,98168,47.481,-122.292,1330,6099
869950.0,4,2.75,3140,7928,2.0,0,0,3,9,0,2013,0,98074,47.5923,-122.058,3500,7055
599999.0,9,4.5,3830,6988,2.5,0,0,3,7,1380,1938,0,98103,47.6927,-122.338,1460,6291
220000.0,3,1.0,1660,21514,1.0,0,0,4,7,0,1973,0,98022,47.2159,-121.964,1660,21600
760000.0,5,1.5,3050,2992,1.5,0,0,4,8,1130,1931,0,98112,47.621,-122.302,1200,1209
280000.0,3,2.25,2140,7200,2.0,0,0,4,7,0,1979,0,98031,47.3913,-122.191,1890,7455
260000.0,4,1.0,1220,7980,1.5,0,0,3,6,0,1944,0,98178,47.4924,-122.237,1210,7920
350000.0,3,1.5,1430,12199,1.0,0,0,3,7,300,1948,0,98133,47.7352,-122.33,1490,8196
322500.0,4,2.25,2140,9377,2.0,0,0,4,8,0,1986,0,98092,47.2649,-122.218,2030,7846
309000.0,3,2.25,1980,8755,1.0,0,0,4,7,680,1963,0,98198,47.3922,-122.321,2030,8671
359500.0,3,2.5,2070,4689,2.0,0,0,3,8,0,2013,0,98038,47.3545,-122.056,1880,4593
401000.0,3,2.0,1270,1333,3.0,0,0,3,8,0,2006,0,98103,47.6933,-122.342,1330,1333
380500.0,3,1.0,1410,7854,1.0,0,0,4,7,0,1971,0,98034,47.7303,-122.192,1460,7500
462000.0,5,1.75,1250,10530,1.0,0,0,4,7,0,1966,0,98007,47.6101,-122.138,1560,8190
524500.0,3,1.5,3430,264844,1.0,0,2,3,7,1200,1988,0,98045,47.4476,-121.723,1660,145926
345000.0,2,1.75,1820,8409,1.0,0,0,4,6,910,1948,0,98155,47.7538,-122.327,1300,8409
325000.0,3,1.5,1590,7936,1.0,0,0,3,7,0,1956,0,98106,47.5201,-122.366,1590,7936
819000.0,3,3.5,2130,6150,2.0,0,2,5,8,600,1908,0,98199,47.6491,-122.405,2040,5381
672324.0,2,1.75,1600,5795,1.5,0,0,3,8,0,1940,0,98105,47.6709,-122.276,2310,6301
440000.0,3,2.75,2070,9697,2.0,0,0,4,7,740,1929,0,98188,47.4327,-122.283,2000,14436
199500.0,3,1.0,920,9812,1.0,0,0,4,7,0,1962,0,98001,47.2958,-122.284,1188,9812
1340000.0,4,3.0,2760,4905,2.0,0,1,4,9,920,1938,0,98105,47.6591,-122.27,3200,5424
440000.0,3,2.0,1860,217800,2.0,0,2,3,8,0,1998,0,98059,47.5157,-122.107,2500,217800
500000.0,3,1.75,1640,47044,1.0,0,0,3,7,0,1989,0,98014,47.654,-121.94,2280,200811
1900000.0,5,4.5,5160,44315,2.0,0,0,3,12,0,1996,0,98005,47.6568,-122.154,4760,44315
847000.0,5,1.0,2550,4623,2.5,0,0,4,9,0,1905,0,98122,47.6092,-122.294,1570,3875
950000.0,4,3.0,3230,438213,2.0,0,0,3,9,0,1999,0,98070,47.4141,-122.47,1600,144619
203000.0,2,1.0,1440,6650,1.0,0,0,3,7,470,1980,0,98023,47.2896,-122.369,1600,6847
435000.0,2,1.0,1260,4080,1.5,0,0,5,7,0,1926,0,98115,47.687,-122.32,1720,4080
395000.0,5,1.75,2100,9599,1.0,0,0,3,7,1040,1961,0,98034,47.7097,-122.216,1680,10712
209900.0,2,2.0,1180,3003,2.0,0,0,3,6,0,2005,0,98038,47.3491,-122.02,1310,3003
234000.0,3,1.0,1240,239144,1.0,0,0,3,6,0,1921,1992,98038,47.4303,-122.046,1990,109335
334500.0,3,2.0,1700,8160,1.0,0,0,3,7,580,1961,0,98133,47.74,-122.339,1740,8181
287000.0,4,2.5,2660,4082,2.0,0,0,3,7,0,2010,0,98042,47.3414,-122.055,2390,4876
419000.0,3,1.75,2140,15030,1.0,0,0,4,7,570,1958,0,98166,47.4181,-122.338,2170,15030
325000.0,2,2.0,970,5000,1.0,0,0,3,7,0,1983,0,98034,47.7223,-122.16,1540,5000
440000.0,4,2.5,2400,8038,2.0,0,0,3,8,0,2002,0,98059,47.4881,-122.143,2040,7756
300000.0,3,1.0,1490,7200,1.0,0,0,3,7,0,1954,0,98125,47.7276,-122.307,1280,7200
919204.0,4,3.5,3760,5000,2.0,0,0,3,9,900,2014,0,98117,47.6826,-122.394,1340,5000
687500.0,5,2.75,3320,10500,1.0,0,0,4,7,1300,1963,0,98033,47.692,-122.166,1840,10425
420000.0,3,1.75,1720,5000,1.5,0,0,3,8,0,1932,2009,98019,47.738,-121.983,1410,8300
750000.0,5,2.5,3240,9960,1.0,0,1,3,8,1220,1958,0,98008,47.5858,-122.112,2730,10400
754999.0,4,2.5,3010,9323,2.0,0,0,3,10,0,1992,0,98075,47.578,-122.053,2840,8413
665000.0,4,2.75,2420,7102,1.0,0,0,5,7,750,1946,0,98177,47.7042,-122.371,1620,7102
633000.0,4,2.5,2360,10000,1.0,0,3,3,8,380,1977,0,98126,47.573,-122.374,2480,5000
815000.0,4,2.0,1400,4800,2.0,0,0,3,7,0,1986,0,98122,47.6168,-122.298,1620,2595
925000.0,4,2.5,3110,11422,2.0,0,0,3,9,0,1989,0,98115,47.6833,-122.271,2850,7254
335000.0,3,2.0,1340,1951,1.0,0,0,3,6,670,1915,0,98144,47.5763,-122.309,1520,2248
182000.0,3,1.0,1060,7350,1.0,0,0,4,7,0,1959,0,98032,47.3809,-122.287,1060,7350
287000.0,4,2.0,1340,8190,1.0,0,0,4,7,0,1942,0,98146,47.4905,-122.343,1410,9721
734000.0,4,2.25,2530,5000,1.5,0,0,4,7,840,1925,0,98117,47.6806,-122.36,1530,5000
1110000.0,3,4.0,4160,31796,2.0,0,0,3,11,0,1989,0,98053,47.6635,-122.017,4300,36192
664950.0,5,3.0,3190,7081,1.0,0,2,3,9,1300,2013,0,98178,47.509,-122.24,2270,7623
206600.0,3,2.0,1390,13464,1.0,0,0,4,7,0,1987,0,98030,47.3581,-122.173,1720,12080
339950.0,5,2.0,1890,6050,2.0,0,0,4,7,0,1944,0,98178,47.5018,-122.242,1170,6050
799000.0,4,1.5,1810,6583,1.0,0,0,3,7,310,1968,0,98133,47.7273,-122.351,860,8670
275000.0,2,1.5,1270,32175,1.0,0,0,4,7,0,1947,0,98003,47.3347,-122.304,1270,10200
2250000.0,4,3.25,5180,19850,2.0,0,3,3,12,1640,2006,0,98006,47.562,-122.162,3160,9750
290000.0,2,0.75,440,8313,1.0,1,3,4,5,0,1943,0,98070,47.4339,-122.512,880,26289
305000.0,3,2.5,1714,3240,2.0,0,0,3,8,0,2005,0,98055,47.4288,-122.19,1714,3240
265050.0,2,1.5,800,2119,2.0,0,0,3,7,0,2008,0,98106,47.554,-122.362,1020,4800
338995.0,3,1.75,1320,9450,1.0,0,0,5,7,0,1943,0,98166,47.4557,-122.348,1320,8315
603000.0,4,3.5,3610,6345,2.0,0,0,3,9,1240,2008,0,98058,47.4283,-122.102,3010,29279
205000.0,2,1.5,830,1020,2.0,0,0,3,7,0,2006,0,98106,47.5604,-122.363,830,1379
285000.0,4,1.75,2510,7440,1.0,0,2,4,8,1220,1962,0,98032,47.3748,-122.276,1790,8000
370000.0,3,1.0,940,7910,1.0,0,0,4,6,0,1959,0,98008,47.6181,-122.117,1000,7700
237000.0,3,1.0,1160,6132,1.0,0,0,4,7,0,1958,0,98056,47.5015,-122.173,1280,6132
326000.0,3,2.75,1720,28000,1.0,0,0,4,7,0,1958,0,98058,47.4375,-122.176,2000,41817
289000.0,3,1.75,1580,9750,1.0,0,0,5,7,0,1954,0,98148,47.427,-122.331,1460,9750
425000.0,3,2.25,1570,7475,1.0,0,0,4,7,370,1983,0,98034,47.7223,-122.174,1700,7230
490000.0,3,1.75,1770,7508,1.0,0,0,3,7,500,1962,0,98133,47.7354,-122.343,1690,8880
815000.0,5,3.5,3500,10794,2.0,0,0,3,10,0,1996,0,98075,47.5887,-121.974,3110,10837
562000.0,3,2.0,2510,5200,1.0,0,0,5,8,1040,1925,0,98106,47.5631,-122.366,990,5400
640000.0,3,2.5,2370,11172,2.0,0,0,3,9,0,1993,0,98056,47.5345,-122.179,2550,11558
497000.0,3,2.5,2630,4611,2.0,0,0,3,8,0,2001,0,98065,47.5322,-121.868,2220,5250
720000.0,4,2.25,2410,8400,2.0,0,0,5,8,0,1965,0,98008,47.626,-122.119,1910,8056
535000.0,3,2.5,2070,4132,2.0,0,0,3,8,0,1999,0,98074,47.6036,-122.015,1530,5606
378500.0,2,1.0,730,7528,1.0,0,0,3,7,0,1946,0,98115,47.6997,-122.305,1620,7528
562100.0,2,0.75,1440,3700,1.0,0,0,3,7,240,1914,0,98107,47.6707,-122.364,1440,4300
319502.0,3,1.75,1610,38707,1.0,0,0,3,7,0,1990,0,98010,47.3778,-122.001,1930,45151
415000.0,1,1.0,760,3000,1.0,0,0,3,7,0,1900,0,98122,47.6059,-122.303,1270,3000
667000.0,3,1.75,1370,1921,3.0,0,0,3,8,0,2007,0,98103,47.6595,-122.351,1370,4000
320000.0,3,2.0,2320,7800,1.0,0,0,4,7,1160,1960,0,98168,47.5141,-122.316,1380,7800
913888.0,5,2.25,2370,15512,2.0,0,0,4,9,0,1981,0,98006,47.5555,-122.15,2380,15100
663000.0,4,2.5,3570,6246,2.0,0,0,3,7,0,2005,0,98075,47.5927,-122.006,2260,5231
541500.0,2,2.5,1900,3690,2.0,0,0,3,8,0,2006,0,98053,47.7082,-122.019,1900,5153
800000.0,2,2.25,1730,31491,2.0,1,2,4,7,0,1947,1988,98070,47.373,-122.464,1400,12410
430000.0,3,1.5,1810,5080,1.0,0,0,3,7,780,1958,0,98115,47.6819,-122.287,1780,7620
496000.0,2,1.0,900,9260,1.0,0,0,3,7,0,1946,0,98107,47.6695,-122.36,1230,6913
380000.0,3,1.75,1690,1468,2.0,0,0,3,8,310,2008,0,98108,47.563,-122.297,1690,1936
195000.0,2,2.0,1180,2553,2.0,0,0,3,6,0,2005,0,98038,47.3501,-122.02,1310,2687
860000.0,4,1.75,1890,4500,2.0,0,0,5,7,400,1937,0,98115,47.6751,-122.289,1890,5000
275000.0,5,1.5,1950,9000,1.0,0,0,3,7,820,1964,0,98146,47.4882,-122.339,1680,9526
439000.0,3,1.0,1530,19007,1.0,0,0,4,8,240,1949,0,98166,47.4508,-122.352,2090,20962
395000.0,4,3.0,1980,7931,1.0,0,0,4,7,820,1983,0,98133,47.7513,-122.334,1910,7931
265000.0,3,2.5,1530,6000,2.0,0,0,4,7,0,1991,0,98038,47.3487,-122.036,1360,6000
559950.0,3,2.5,1660,1458,3.0,0,0,3,9,0,2014,0,98144,47.5876,-122.309,1660,1784
760000.0,4,2.5,2430,6099,1.0,0,0,5,8,960,1965,0,98115,47.6777,-122.287,2180,6099
410000.0,3,2.5,1960,4400,2.0,0,0,3,7,0,2006,0,98065,47.5384,-121.889,2060,4400
720000.0,2,1.0,1580,2199,2.0,0,2,3,8,0,1921,1995,98103,47.6541,-122.329,2170,4405
480000.0,4,1.0,2080,5500,1.0,0,0,3,7,1040,1941,0,98117,47.6838,-122.386,1280,4000
650000.0,4,2.0,2850,4497,1.5,0,1,3,7,1120,1910,0,98144,47.5876,-122.292,2450,6000
280000.0,4,2.25,1990,7350,1.0,0,0,4,8,810,1978,0,98003,47.3258,-122.328,2030,7210
269950.0,4,2.5,2060,13500,1.0,0,0,3,7,800,1968,0,98042,47.4229,-122.153,1610,10714
419000.0,5,3.0,2190,9652,2.0,0,0,3,7,0,1999,0,98178,47.5049,-122.239,1440,6710
254000.0,3,2.0,1470,7694,1.0,0,0,4,7,0,1992,0,98038,47.3539,-122.054,1580,7480
565000.0,3,2.5,2700,6037,2.0,0,0,3,8,0,2004,0,98065,47.5376,-121.879,2740,6054
502000.0,4,2.5,2040,5616,2.0,0,0,3,8,0,2012,0,98028,47.7737,-122.238,2380,4737
319000.0,4,2.5,2510,7992,1.0,0,0,3,8,900,1978,0,98032,47.3715,-122.285,2030,7992
187500.0,3,1.5,1180,7000,1.0,0,0,4,7,0,1977,0,98023,47.2966,-122.374,1180,7370
301000.0,3,2.5,2420,4750,2.0,0,0,3,8,0,2003,0,98042,47.3663,-122.122,2690,4750
205000.0,3,1.0,1010,8800,1.0,0,0,4,7,0,1968,0,98002,47.2761,-122.208,1550,7700
469995.0,4,2.5,2350,3800,2.0,0,0,3,8,0,2014,0,98059,47.4783,-122.123,2670,4180
470000.0,3,3.5,2070,11658,1.0,0,0,4,8,700,1977,0,98056,47.537,-122.178,1930,8744
315000.0,3,1.75,1170,4000,1.0,0,0,3,6,450,1943,2013,98106,47.5306,-122.354,1130,4000
241000.0,3,1.5,1660,8000,1.0,0,0,4,7,540,1976,0,98030,47.353,-122.172,1900,7500
466000.0,2,1.5,1140,1058,3.0,0,0,3,7,0,2005,0,98103,47.6608,-122.333,1170,1116
687000.0,4,2.5,2370,10083,2.0,0,0,5,8,0,1966,0,98033,47.6715,-122.166,2370,10133
1017000.0,3,2.5,2605,2216,2.0,0,2,4,9,515,1979,0,98033,47.6529,-122.202,2605,1979
365000.0,4,2.5,2905,4874,2.0,0,0,3,9,0,2003,0,98031,47.4084,-122.169,2900,5271
1030000.0,4,2.5,2750,4800,2.0,0,0,3,9,790,1905,2005,98103,47.6709,-122.337,2400,5300
417000.0,4,2.0,2090,4000,1.0,0,0,3,6,1030,1907,0,98144,47.5893,-122.299,1590,4000
504600.0,5,3.0,2360,5000,1.0,0,0,3,7,970,2008,0,98103,47.6931,-122.33,2180,5009
234950.0,3,2.0,1510,9153,1.0,0,0,4,7,0,1974,0,98001,47.3412,-122.273,1780,9286
3850000.0,4,4.25,5770,21300,2.0,1,4,4,11,0,1980,0,98040,47.585,-122.222,4620,22748
722500.0,4,3.5,2600,5100,2.0,0,0,3,8,780,2003,0,98117,47.6948,-122.395,2000,6720
295000.0,3,1.75,1520,6559,1.0,0,0,4,7,350,1992,0,98038,47.35,-122.037,1520,6095
932990.0,4,2.5,3640,6389,2.0,0,0,3,9,0,2014,0,98052,47.7049,-122.123,3570,6303
630000.0,4,2.5,2190,9880,1.0,0,0,4,8,780,1979,0,98033,47.6926,-122.186,2190,9198
470500.0,4,2.25,2070,14000,1.0,0,0,3,7,350,1958,0,98028,47.7484,-122.237,1690,14444
294400.0,4,2.5,1788,10183,2.0,0,0,4,7,0,1990,0,98002,47.2883,-122.218,1700,6600
702000.0,4,2.5,2810,4922,2.0,0,0,3,9,0,2005,0,98074,47.614,-122.041,2920,4922
230000.0,5,2.0,1910,7200,1.0,0,0,4,6,800,1951,0,98178,47.4975,-122.261,1150,5948
295000.0,4,2.5,2290,4539,2.0,0,0,3,7,0,2001,0,98058,47.4753,-122.172,1710,7200
432000.0,4,1.0,1750,12528,1.0,0,0,4,7,0,1967,0,98072,47.743,-122.097,1550,14120
450000.0,3,1.5,1530,23660,1.0,0,0,3,7,0,1952,0,98155,47.7467,-122.295,1800,11407
648000.0,4,2.5,2380,13435,2.0,0,0,3,10,0,1992,0,98075,47.5833,-122.028,2730,9677
375000.0,4,2.25,2330,11400,1.0,0,0,4,8,0,1974,0,98058,47.4495,-122.148,2640,10200
350000.0,2,1.0,1620,9205,1.0,0,0,5,6,770,1921,0,98034,47.7119,-122.23,2460,5469
750000.0,4,2.75,2810,5497,2.0,0,0,3,9,0,2011,0,98052,47.7081,-122.116,2990,5842
370000.0,3,2.5,2313,5700,2.0,0,0,3,9,0,2011,0,98030,47.3572,-122.202,2323,5701
570000.0,3,2.0,1270,3090,2.0,0,0,5,7,0,1911,0,98117,47.685,-122.359,1440,3090
925000.0,4,2.5,2910,48351,1.0,0,0,4,8,1000,1967,0,98005,47.6495,-122.164,2760,43560
490000.0,3,1.75,1470,9750,1.0,0,0,4,7,0,1978,0,98052,47.6975,-122.12,1800,9600
800000.0,5,2.0,2960,10960,1.0,0,0,4,7,1460,1957,0,98005,47.6162,-122.174,2160,10960
380000.0,4,1.75,1740,9150,1.0,0,0,3,7,0,1974,0,98188,47.4498,-122.28,1540,9147
375000.0,3,1.75,1440,8775,1.0,0,0,3,7,0,1973,0,98034,47.7231,-122.17,1790,7865
1126000.0,5,3.5,3880,13885,2.0,0,3,4,9,1340,1979,0,98006,47.5696,-122.156,3690,13885
338800.0,4,2.25,1800,2752,2.0,0,0,3,8,0,2014,0,98106,47.5165,-122.346,1800,2752
360000.0,5,2.5,2880,6902,1.0,0,0,3,8,1200,1976,2007,98058,47.4332,-122.144,2080,5586
150000.0,3,1.0,890,6488,1.5,0,0,3,5,0,1928,0,98014,47.7087,-121.352,1330,16250
692500.0,3,2.5,2420,198198,2.0,0,0,3,9,0,1997,0,98077,47.772,-122.022,2780,179467
1037000.0,4,3.5,4440,10660,2.0,0,0,3,11,0,2003,0,98059,47.5294,-122.137,4390,9976
1769000.0,4,3.5,5440,38900,2.0,0,0,3,12,0,1990,0,98053,47.6605,-122.069,4830,41313
330000.0,3,2.0,2170,3978,1.0,0,0,5,7,830,1919,0,98116,47.571,-122.391,1350,4680
942990.0,4,2.5,3570,6218,2.0,0,0,3,9,0,2014,0,98052,47.7046,-122.123,3230,5972
210000.0,3,1.0,1000,5454,1.0,0,0,3,7,0,1954,0,98133,47.7339,-122.337,1320,5250
409500.0,4,2.75,2140,13000,1.0,0,0,3,7,820,1968,0,98028,47.7683,-122.252,2360,11000
540000.0,4,2.5,2050,3784,2.0,0,0,3,8,0,2001,0,98034,47.7189,-122.181,2050,3366
673000.0,4,2.5,2990,10400,2.0,0,0,3,9,0,2002,0,98166,47.4508,-122.359,2140,17449
1550000.0,3,3.25,3530,4920,2.0,0,0,3,9,870,2015,0,98109,47.641,-122.357,1900,4200
245000.0,3,1.0,990,9599,1.0,0,0,4,6,0,1959,0,98002,47.2934,-122.215,1216,10364
235000.0,3,1.0,1270,7153,1.0,0,0,5,6,0,1949,0,98055,47.4815,-122.226,1650,7153
480000.0,5,2.0,1760,21562,1.0,0,1,3,8,200,1959,0,98028,47.7597,-122.263,2150,12676
2890000.0,4,4.0,5780,7173,2.0,0,0,3,11,1650,2008,0,98112,47.6374,-122.288,3930,7994
1365000.0,2,3.25,2700,3444,3.0,1,3,3,9,0,1990,0,98075,47.5684,-122.06,2710,3444
405000.0,3,2.0,1060,651,3.0,0,0,3,7,0,2007,0,98103,47.6828,-122.345,1440,1501
385000.0,6,4.0,2700,7416,1.0,0,0,3,7,1350,1969,0,98108,47.5525,-122.3,2260,5324
345000.0,2,1.5,1340,1210,2.0,0,0,3,8,220,2008,0,98144,47.588,-122.305,1340,1213
965000.0,4,2.5,3420,9575,2.0,0,0,3,11,0,1994,0,98027,47.5527,-122.095,3310,8192
910000.0,3,2.5,2720,7250,2.0,0,0,3,9,0,1990,0,98033,47.6894,-122.195,2870,7250
810000.0,3,1.5,1520,9041,1.0,0,0,4,7,0,1954,0,98004,47.6158,-122.213,3260,10020
421200.0,3,2.5,1440,3060,2.0,0,0,3,7,0,2003,0,98053,47.6821,-122.035,1650,3060
510000.0,2,1.0,1270,4500,1.5,0,0,4,7,0,1919,0,98122,47.6059,-122.295,2140,4550
695000.0,4,2.5,2961,12146,2.0,0,0,3,9,0,1998,0,98075,47.5839,-122.052,2620,17749
260000.0,3,1.75,1360,15210,1.0,0,0,3,7,0,1987,0,98038,47.3657,-122.047,1610,7800
550000.0,3,1.0,880,6664,1.0,0,0,3,6,0,1961,0,98033,47.6855,-122.199,1690,6564
762300.0,4,2.5,3880,14550,2.0,0,0,3,10,0,1987,0,98074,47.6378,-122.04,3240,14045
560000.0,3,2.0,2870,95396,1.0,0,0,4,9,1520,1980,0,98027,47.4834,-122.001,2870,102366
635000.0,4,3.25,3420,6752,2.0,0,2,3,9,390,2012,0,98065,47.517,-121.876,3010,5172
1662000.0,4,2.75,3520,19200,1.0,1,4,4,9,1570,1951,0,98136,47.525,-122.393,2450,7000
132500.0,3,1.0,1080,10500,1.0,0,0,3,7,0,1967,0,98001,47.32,-122.278,1200,9607
403000.0,3,2.0,1960,13100,1.0,0,2,5,8,310,1957,0,98166,47.4419,-122.34,1960,10518
160000.0,4,1.0,1520,7298,1.5,0,0,3,7,0,1960,0,98198,47.3706,-122.31,1520,7298
214950.0,3,1.0,1400,6600,1.0,0,0,3,6,120,1954,0,98168,47.4845,-122.331,1730,6600
740000.0,4,3.0,3350,199253,2.0,0,0,3,10,0,2004,0,98010,47.3602,-121.988,3350,183897
280000.0,2,1.0,990,45528,1.0,0,0,4,7,0,1992,0,98070,47.5013,-122.463,1730,45528
195000.0,2,1.0,800,5280,1.0,0,0,5,6,0,1918,0,98022,47.205,-121.995,1240,7670
742500.0,2,3.0,2020,5000,1.0,0,0,3,8,670,1952,0,98117,47.6758,-122.375,1160,1118
191000.0,3,1.0,990,8255,1.0,0,0,3,7,0,1953,0,98148,47.425,-122.331,1180,9750
480000.0,4,2.25,2330,14190,1.0,0,0,3,8,590,1962,0,98034,47.718,-122.242,2330,14190
499000.0,3,2.5,1540,1326,3.0,0,0,3,8,150,1995,0,98119,47.6457,-122.374,1680,1592
295000.0,3,2.5,1940,10350,1.0,0,0,3,7,520,1979,0,98001,47.3385,-122.256,1810,7800
445000.0,2,1.75,1440,4660,1.0,0,2,3,8,0,2008,0,98053,47.7092,-122.015,1680,4989
490000.0,3,2.75,1980,3128,2.0,0,0,4,9,0,1979,0,98008,47.6109,-122.114,1950,2856
650000.0,4,3.5,3270,15704,2.0,0,0,3,9,1160,1990,0,98074,47.6256,-122.042,3020,8582
425000.0,3,2.5,1960,4709,2.0,0,0,3,7,0,2003,0,98065,47.5322,-121.871,1700,4444
249900.0,3,2.0,1310,6738,1.0,0,0,4,7,0,1990,0,98042,47.3694,-122.083,1290,8067
290000.0,3,1.0,1440,11250,1.0,0,0,3,7,0,1967,0,98055,47.4627,-122.213,2200,11250
544500.0,5,1.0,1690,3240,1.5,0,0,3,7,0,1914,0,98115,47.6746,-122.325,1230,4500
257500.0,3,2.0,1140,7078,1.0,0,0,4,7,0,1991,0,98031,47.4057,-122.185,1460,7078
224000.0,3,1.75,1760,6300,1.0,0,0,3,7,700,1963,0,98178,47.5003,-122.26,1340,7300
418000.0,4,1.5,1550,9176,1.0,0,0,3,7,550,1956,0,98008,47.6005,-122.129,1730,8539
1339000.0,4,3.5,2980,6349,2.0,0,3,3,9,0,1998,0,98033,47.6819,-122.208,2870,6349
345000.0,3,2.5,1380,1547,3.0,0,0,3,8,0,2000,0,98103,47.6908,-122.341,1380,1465
790000.0,4,2.75,2840,11900,1.0,0,3,4,9,1200,1961,0,98136,47.5271,-122.386,2790,10070
341500.0,5,2.25,3120,10400,2.0,0,0,3,8,0,1980,0,98023,47.3097,-122.34,2160,8267
750000.0,2,2.5,2630,7957,2.0,0,0,3,8,0,2003,0,98053,47.7106,-122.023,2305,7220
1300000.0,4,2.5,3110,11857,2.0,0,4,3,11,1070,1990,0,98117,47.6952,-122.402,3110,11570
382000.0,3,1.75,1790,7679,1.0,0,0,4,7,0,1953,0,98133,47.7442,-122.338,1560,7680
1299890.0,5,4.0,3870,5929,2.0,0,0,3,10,0,2014,0,98052,47.6965,-122.134,3600,5625
406650.0,2,1.0,1070,6100,1.0,0,0,3,6,0,1940,0,98126,47.5698,-122.377,1770,5695
645000.0,3,2.0,1640,4218,1.0,0,0,4,7,730,1941,0,98103,47.6546,-122.344,1670,4000
480000.0,3,1.75,1740,8528,1.0,0,0,4,7,450,1939,0,98125,47.7097,-122.303,1610,8528
715000.0,3,2.5,2550,13458,2.0,0,0,3,9,0,1990,0,98006,47.5586,-122.121,3180,13458
410500.0,2,1.0,1110,3943,1.0,0,0,5,6,370,1916,0,98109,47.6436,-122.352,1590,4311
245000.0,3,1.75,1740,11547,1.0,0,0,3,7,0,1954,0,98178,47.4945,-122.22,880,78408
800000.0,5,2.5,3000,10560,1.0,0,0,3,8,1500,1966,0,98004,47.6249,-122.206,2690,11616
313000.0,3,1.5,1340,7912,1.5,0,0,3,7,0,1955,0,98133,47.7658,-122.339,1480,7940
450000.0,2,1.0,1180,10720,1.0,0,0,4,7,0,1955,0,98007,47.5893,-122.135,1420,10750
599000.0,3,2.5,2970,23100,1.0,0,0,3,7,1460,1967,0,98072,47.7735,-122.133,2390,20300
360000.0,3,1.75,1900,11407,1.0,0,0,3,8,0,1963,0,98155,47.7455,-122.294,1710,11407
405000.0,3,1.75,1900,10454,1.0,0,0,3,7,510,1978,0,98155,47.7748,-122.291,2000,12000
549900.0,4,3.0,2830,213879,2.0,0,0,4,8,0,1987,0,98092,47.2925,-122.107,2250,213008
338500.0,4,2.5,2717,4513,2.0,0,0,3,8,0,2005,0,98001,47.3373,-122.266,2550,4841
715000.0,4,2.5,2650,30500,1.0,0,0,4,8,970,1960,0,98029,47.5535,-122.028,2650,30500
3200000.0,4,3.25,7000,28206,1.0,1,4,4,12,3500,1991,0,98075,47.5928,-122.086,4913,14663
505657.0,4,2.75,2790,8092,2.0,0,0,3,8,0,2013,0,98045,47.4834,-121.773,2790,6154
230000.0,3,1.0,1190,9083,1.0,0,0,3,7,0,1955,0,98198,47.4116,-122.293,1190,9450
450000.0,3,1.75,1740,6800,1.5,0,0,4,7,0,1949,0,98126,47.5314,-122.373,990,6800
432500.0,3,1.75,1470,7350,1.0,0,0,3,8,0,1963,0,98052,47.6687,-122.154,1470,7350
139000.0,2,1.0,690,5280,1.0,0,0,4,5,0,1942,0,98056,47.4953,-122.187,1140,4860
1850000.0,4,2.5,3830,11972,1.0,1,4,3,11,1460,1981,0,98155,47.7404,-122.284,3080,12297
299880.0,3,2.5,1460,3044,2.0,0,0,3,7,0,2000,0,98108,47.544,-122.296,1490,3044
465000.0,3,2.0,1430,7125,1.0,0,0,4,7,0,1984,0,98074,47.6256,-122.059,1570,8075
550000.0,4,2.0,1660,12377,1.0,0,0,3,8,0,1966,0,98008,47.6231,-122.102,1820,8968
605000.0,3,2.75,2450,5750,2.0,0,0,3,9,0,2013,0,98065,47.5439,-121.862,3200,8036
805000.0,4,2.25,2440,9889,1.0,0,0,3,7,900,1952,0,98115,47.6932,-122.3,1710,6284
440000.0,3,1.75,2840,16851,1.0,0,3,3,8,1240,1950,0,98155,47.7458,-122.287,2650,11063
650500.0,4,1.75,2340,5940,1.0,0,0,3,8,1050,1953,0,98115,47.6789,-122.281,1930,5940
695000.0,5,3.0,3290,14134,1.0,0,0,3,7,1420,2004,0,98052,47.6708,-122.14,1970,11470
227000.0,3,1.0,1340,10035,1.0,0,0,3,7,0,1959,0,98178,47.4916,-122.254,2090,10035
528000.0,4,2.25,1910,8005,1.0,0,0,3,8,630,1960,0,98125,47.7259,-122.298,1860,8010
374950.0,4,3.0,2540,8800,1.0,0,1,3,9,920,1977,0,98023,47.3204,-122.387,2540,8800
534500.0,3,2.5,1700,3150,2.0,0,0,3,8,0,2005,0,98029,47.5505,-121.998,1700,3600
215000.0,3,1.0,880,7648,1.0,0,2,4,6,0,1940,0,98022,47.1963,-121.997,1020,7566
460000.0,3,2.0,1760,9055,2.0,0,0,4,7,0,1985,0,98052,47.6534,-122.128,2010,9383
382500.0,4,2.5,2210,7079,2.0,0,0,3,8,0,1993,0,98031,47.4206,-122.183,1970,7000
378950.0,4,2.5,1867,15314,2.0,0,0,3,9,0,2013,0,98030,47.3524,-122.198,2616,8048
511500.0,4,1.0,1360,6000,1.5,0,0,3,7,0,1917,0,98115,47.6854,-122.288,1710,6000
350000.0,2,1.75,1430,7921,1.0,0,0,3,7,0,1983,0,98146,47.5088,-122.371,1290,8040
396675.0,2,1.0,1730,6375,2.0,0,0,4,6,0,1945,0,98126,47.5357,-122.368,1180,6250
269000.0,4,1.0,1610,8401,1.0,0,0,3,7,0,1958,0,98056,47.5104,-122.165,1610,8401
394000.0,3,2.5,1680,4075,2.0,0,0,3,7,0,2008,0,98053,47.6964,-122.024,1710,4075
504975.0,2,2.5,1900,4871,2.0,0,0,3,8,0,2005,0,98053,47.7132,-122.034,1640,4780
1810000.0,5,2.5,4250,20441,1.0,0,1,4,11,1760,1984,0,98004,47.6377,-122.211,3620,16304
599000.0,4,2.75,2020,2750,1.0,0,0,3,8,1010,1917,2014,98122,47.6053,-122.291,1840,4000
580000.0,4,2.75,2330,6703,1.5,0,0,3,7,620,1983,0,98177,47.7066,-122.359,2060,7500
609000.0,4,3.5,3990,11270,2.0,0,3,3,9,1060,2007,0,98055,47.488,-122.225,1980,11328
204000.0,3,1.5,1460,7140,1.0,0,0,4,7,480,1980,0,98031,47.3954,-122.191,1400,8572
425000.0,2,1.0,1250,5880,1.0,0,0,3,6,350,1948,0,98117,47.6908,-122.391,1520,5020
332000.0,1,1.0,960,2640,1.0,0,0,3,7,200,1908,0,98112,47.6223,-122.294,1620,3759
200000.0,3,1.5,1210,10588,1.0,0,0,4,7,0,1958,0,98002,47.2876,-122.212,1408,10588
225000.0,3,1.0,1200,9936,1.0,0,0,4,6,0,1969,0,98038,47.3609,-122.029,1200,10189
510000.0,3,2.5,2730,7136,2.0,0,0,3,8,0,2012,0,98198,47.3938,-122.321,2130,8932
890000.0,5,3.5,4490,6000,2.0,0,0,3,10,1290,2006,0,98027,47.5396,-122.073,4530,6000
559000.0,3,1.75,1700,6500,1.0,0,0,3,8,0,1967,0,98115,47.6837,-122.284,1880,6000
410000.0,4,2.0,1580,9581,1.0,0,0,3,7,0,1953,0,98033,47.692,-122.165,1580,10552
320000.0,3,2.0,1110,10500,1.0,0,0,5,7,0,1978,0,98045,47.4456,-121.773,1230,10395
715000.0,4,2.5,2370,10000,1.0,0,0,5,8,710,1974,0,98052,47.6383,-122.099,2480,9875
369950.0,3,1.0,2430,10720,1.0,0,0,3,7,0,1977,0,98045,47.4895,-121.787,1660,11560
268000.0,5,1.75,1730,10368,1.0,0,0,5,7,720,1963,0,98059,47.5008,-122.162,1730,7728
235000.0,3,1.0,1430,15246,1.0,0,0,4,7,450,1961,0,98031,47.4075,-122.214,1960,13068
259950.0,2,1.0,790,8100,1.0,0,0,3,6,0,1947,0,98125,47.7159,-122.305,1420,8100
450000.0,3,1.75,1810,12600,1.0,0,0,3,7,410,1977,0,98034,47.7143,-122.233,1934,12600
225000.0,3,1.0,1300,8316,1.0,0,0,4,6,0,1954,0,98002,47.3221,-122.216,1260,8316
748000.0,4,2.5,3170,4979,2.0,0,0,4,7,600,1925,0,98103,47.6655,-122.34,2060,5000
80000.0,1,0.75,430,5050,1.0,0,0,2,4,0,1912,0,98014,47.6499,-121.909,1200,7500
435000.0,4,1.0,1450,8800,1.0,0,0,4,7,0,1954,0,98006,47.5746,-122.135,1260,8942
425000.0,4,1.5,2290,8773,1.0,0,0,4,7,960,1947,0,98133,47.7173,-122.33,1740,7058
925000.0,4,2.0,3140,10437,1.0,0,0,4,8,1100,1959,0,98040,47.5786,-122.229,2010,10437
599950.0,4,3.5,3730,15029,2.0,0,2,3,10,1290,1991,0,98042,47.3804,-122.163,3440,14280
613000.0,3,2.25,1960,10385,1.0,0,0,3,8,0,1988,0,98008,47.5736,-122.109,2800,12632
380000.0,3,1.5,1540,8400,1.0,0,0,5,7,0,1968,0,98056,47.5237,-122.199,1690,7689
840000.0,4,3.5,3860,18334,2.0,0,0,3,10,740,1996,0,98077,47.7095,-122.075,3550,18334
310000.0,3,1.0,1430,19901,1.5,0,0,4,7,0,1927,0,98028,47.7558,-122.229,1780,12697
676000.0,4,2.5,2800,5368,2.0,0,0,3,8,0,2003,0,98074,47.6076,-122.053,2790,5368
505000.0,2,1.75,1310,3816,1.0,0,0,2,7,200,1929,0,98117,47.679,-122.368,1510,3816
735000.0,3,2.0,1610,3600,2.0,0,2,5,8,0,1925,0,98144,47.5969,-122.293,2540,6600
434975.0,3,2.25,1590,9960,1.0,0,0,3,7,530,1976,0,98155,47.7742,-122.287,1860,9760
405000.0,4,2.5,2030,9095,1.0,0,0,4,7,900,1972,0,98034,47.7321,-122.185,1940,8000
465750.0,3,1.5,1260,10350,1.0,0,0,3,7,0,1959,0,98008,47.6357,-122.123,1800,10350
869900.0,6,4.5,2750,4400,2.0,0,0,3,8,980,1987,0,98103,47.6883,-122.335,1860,4400
791500.0,4,2.0,1510,3500,1.5,0,0,5,7,0,1911,0,98103,47.6794,-122.357,1820,3750
385000.0,4,2.5,2030,11375,1.0,0,0,3,7,700,1969,0,98028,47.7765,-122.261,1500,9160
935000.0,5,3.0,2700,5001,2.0,0,0,3,10,0,2009,0,98115,47.6811,-122.288,1610,5191
268000.0,4,1.5,1730,7020,1.5,0,0,4,5,0,1953,0,98056,47.4939,-122.167,1110,7020
153503.0,2,2.5,1240,3649,2.0,0,0,3,7,0,1986,0,98003,47.3241,-122.322,1400,3721
805000.0,5,2.5,4600,19831,1.0,0,3,3,9,2300,1956,2015,98177,47.7608,-122.378,2890,19831
392500.0,2,1.0,1050,4125,1.0,0,0,4,7,0,1909,0,98144,47.5736,-122.307,1650,4125
447000.0,2,1.0,720,7500,1.0,0,2,3,6,0,1925,0,98136,47.5185,-122.392,1390,5000
326500.0,3,1.0,1810,12375,2.0,0,0,3,7,0,1970,0,98072,47.7427,-122.172,1420,9357
442000.0,4,1.5,1360,6110,1.0,0,0,3,7,350,1955,0,98116,47.5755,-122.396,1520,6110
760369.0,5,2.5,2870,4712,2.0,0,0,3,9,0,2014,0,98006,47.5463,-122.182,2870,6768
780000.0,3,2.75,1970,2600,2.5,0,0,3,8,0,1924,1994,98103,47.663,-122.335,1680,3120
442515.0,4,2.5,2930,4875,2.0,0,0,3,9,0,2014,0,98030,47.3421,-122.179,2815,4900
575000.0,5,3.0,3690,49709,1.0,0,2,3,9,1000,1960,0,98198,47.3908,-122.32,2590,8691
1180000.0,4,3.25,3750,74052,2.0,0,0,3,10,0,2013,0,98053,47.658,-122.006,4920,74052
400000.0,4,2.5,2398,5988,2.0,0,0,3,8,0,2008,0,98055,47.452,-122.204,2370,5988
1200000.0,3,3.5,4310,10842,2.0,0,2,3,10,1170,1988,0,98177,47.7735,-122.386,2280,11106
248000.0,2,1.0,700,8301,1.0,0,0,3,6,0,1953,0,98155,47.7712,-122.323,1250,8304
250000.0,3,2.0,1440,9220,1.0,0,0,3,7,0,1965,0,98198,47.3702,-122.317,1390,7830
860000.0,3,2.0,1880,8494,1.0,0,0,4,7,680,1968,0,98004,47.6217,-122.192,1290,9128
580000.0,4,2.25,2610,7700,1.0,0,0,3,8,910,1977,0,98027,47.5659,-122.089,2260,8266
199950.0,2,2.75,1590,20917,1.5,0,0,3,5,0,1920,0,98001,47.2786,-122.25,1310,6000
320000.0,3,2.25,1880,7350,1.0,0,0,3,8,490,1984,0,98058,47.4457,-122.123,1910,8400
230000.0,3,2.5,1340,3011,2.0,0,0,3,7,0,1995,0,98038,47.3839,-122.038,1060,3232
1900000.0,4,2.25,3020,11489,1.5,1,3,5,10,910,1916,1988,98040,47.5395,-122.21,3890,11489
545000.0,3,1.0,960,5030,1.0,0,0,3,7,0,1955,0,98118,47.5611,-122.28,1460,5400
675000.0,4,3.5,3090,100835,2.0,0,0,3,9,0,1999,0,98092,47.3087,-122.088,2400,50543
775000.0,4,3.5,3970,210830,2.0,0,0,3,9,0,2000,0,98045,47.4614,-121.713,1680,42665
734950.0,4,3.25,4280,47179,2.0,0,0,3,10,1230,2002,0,98092,47.3017,-122.127,2820,43401
225205.0,3,1.0,1200,7220,1.0,0,0,3,6,0,1977,0,98030,47.3746,-122.183,1200,7200
900000.0,3,2.5,2320,5000,2.0,0,0,3,8,700,1907,1993,98112,47.6278,-122.292,2160,5000
150000.0,4,2.0,1460,7254,1.0,0,0,3,6,0,1959,0,98178,47.5056,-122.254,1460,7236
294000.0,3,1.75,1420,1361,2.0,0,0,3,7,460,2014,0,98108,47.5684,-122.314,1340,1343
324000.0,3,2.0,1540,10931,1.0,0,3,3,7,0,1989,0,98045,47.495,-121.776,1570,10485
435000.0,2,2.5,1560,1222,2.0,0,0,3,8,480,2008,0,98122,47.604,-122.307,1560,2081
532000.0,3,1.0,1820,5750,1.0,0,0,3,7,700,1918,0,98116,47.5773,-122.383,1500,5750
289000.0,3,2.5,2110,8304,1.0,0,0,4,7,0,1985,0,98030,47.3558,-122.173,1680,7508
350000.0,4,1.75,2250,13515,1.0,0,0,4,8,100,1940,0,98030,47.3789,-122.229,2150,12508
425500.0,4,1.75,1520,10630,1.0,0,0,4,7,0,1967,0,98034,47.7347,-122.193,1550,8039
349950.0,3,2.5,2140,7715,2.0,0,0,3,7,0,1991,0,98198,47.384,-122.322,1990,7628
260000.0,5,2.25,2320,6375,1.0,0,0,4,7,1050,1967,0,98001,47.3351,-122.282,1760,7600
410000.0,4,2.5,2240,4447,2.0,0,0,3,7,0,2006,0,98059,47.4868,-122.159,2000,3800
400000.0,3,2.5,2970,23100,1.0,0,0,3,7,1460,1967,0,98072,47.7735,-122.133,2390,20300
360000.0,4,1.0,1460,3840,1.5,0,0,3,8,120,1928,0,98106,47.533,-122.347,990,4200
430000.0,2,2.5,1520,1588,2.0,0,0,3,8,280,2007,0,98144,47.5825,-122.313,1660,6000
626100.0,4,2.5,2280,7219,2.0,0,0,4,8,0,1987,0,98029,47.5719,-122.021,2240,7471
861990.0,5,2.75,3595,5639,2.0,0,0,3,9,0,2014,0,98053,47.6848,-122.016,3625,5639
535000.0,2,1.5,1940,5700,1.0,0,0,3,7,970,1937,0,98117,47.6881,-122.367,1250,5700
338900.0,3,1.75,1180,4000,1.0,0,0,3,7,140,1929,0,98118,47.5226,-122.284,1430,4000
157500.0,3,1.0,1100,27008,1.0,0,0,3,6,140,1935,0,98178,47.4963,-122.249,1280,8890
2367000.0,3,2.25,3530,17450,1.0,1,3,3,9,1690,1930,1993,98040,47.5358,-122.213,3530,17310
225000.0,3,2.0,1610,8400,1.0,0,0,3,8,0,1990,0,98022,47.1958,-122.009,1930,8459
660000.0,5,2.25,2540,3750,1.5,0,0,4,7,1030,1925,0,98115,47.6729,-122.299,1780,3750
427000.0,3,1.75,1300,5111,1.0,0,0,4,7,0,1959,0,98115,47.7005,-122.314,1370,5111
403900.0,4,2.5,2050,8909,1.0,0,2,4,8,360,1986,0,98198,47.398,-122.31,2190,8912
595000.0,4,2.0,2020,2849,2.0,0,0,3,7,0,1960,0,98115,47.6831,-122.329,1910,3120
395000.0,3,2.5,2300,8938,2.0,0,0,3,9,0,1989,0,98031,47.4181,-122.211,2570,9694
282500.0,4,1.0,1650,9750,1.0,0,0,4,7,0,1964,0,98059,47.4991,-122.164,1650,10112
1980000.0,4,4.0,4360,12081,2.0,0,0,3,10,0,2007,0,98004,47.6377,-122.219,2180,10800
665000.0,3,2.5,2610,35000,2.0,0,0,3,10,0,1988,0,98072,47.7377,-122.101,3060,35427
1180000.0,5,2.25,3270,16553,2.0,0,2,5,9,800,1968,0,98040,47.5428,-122.236,3690,17916
530000.0,2,1.75,2120,7680,1.0,0,0,5,6,990,1948,0,98126,47.5304,-122.374,1220,7680
580000.0,4,2.5,2110,11680,1.0,0,0,4,7,690,1977,0,98052,47.6964,-122.118,1890,9600
585000.0,4,2.75,2890,6825,1.0,0,0,3,8,1330,1973,0,98034,47.734,-122.182,1900,10120
825000.0,2,1.75,2050,4000,1.5,0,2,3,8,0,1979,0,98119,47.6415,-122.373,1940,4000
2328000.0,4,3.5,4420,20759,2.0,0,0,3,11,0,2003,0,98004,47.6354,-122.221,3020,20666
240000.0,3,1.75,1570,8750,1.0,0,0,3,7,0,1960,0,98148,47.4425,-122.333,1890,8825
250000.0,3,1.0,990,8062,1.0,0,0,4,7,0,1960,0,98198,47.4151,-122.334,1420,8790
135000.0,2,1.0,830,7609,1.0,0,0,3,6,0,1943,0,98146,47.5057,-122.348,1170,7609
1575000.0,5,2.75,3650,20150,1.0,0,0,4,10,1290,1975,0,98004,47.6215,-122.224,3220,19800
415000.0,3,1.0,1300,7975,1.0,0,0,4,7,0,1958,0,98008,47.611,-122.122,1570,9075
2000000.0,4,3.0,4260,18000,2.0,0,2,3,11,0,2000,0,98040,47.5355,-122.24,3540,17015
1500000.0,3,1.5,1910,21374,1.0,0,0,1,8,0,1955,0,98004,47.6453,-122.214,2850,16167
410000.0,3,1.0,1410,5060,1.0,0,0,4,7,500,1956,0,98133,47.7073,-122.34,1130,5693
289000.0,3,1.5,1970,22486,1.0,0,0,4,6,0,1968,0,98058,47.4511,-122.089,1850,20160
875000.0,3,2.0,2350,6000,1.5,0,0,4,8,360,1922,0,98102,47.6476,-122.32,2010,5040
205000.0,2,1.0,900,4397,1.0,0,0,3,6,0,1918,0,98055,47.4851,-122.205,1430,4500
325000.0,3,2.5,2330,8627,1.0,0,0,4,7,850,1980,0,98055,47.4543,-122.21,1940,9607
600000.0,4,2.5,2360,5226,2.0,0,0,3,8,0,2001,0,98034,47.712,-122.229,2440,5156
550000.0,4,1.75,2030,5688,2.0,0,4,4,9,300,1939,0,98146,47.5071,-122.387,2320,11107
576000.0,3,2.5,1940,9000,1.0,0,0,4,7,970,1948,0,98117,47.6933,-122.393,2190,7310
348000.0,3,2.5,1730,4004,2.0,0,0,3,7,0,1999,0,98148,47.4317,-122.328,1730,5523
450000.0,3,2.0,1680,11250,1.0,0,0,4,8,0,1967,0,98045,47.4861,-121.786,1760,12160
687500.0,2,1.0,1040,7200,1.0,0,0,4,6,0,1955,0,98033,47.6823,-122.203,1640,7200
860000.0,5,1.75,2510,6000,1.5,0,0,5,8,500,1920,0,98144,47.5798,-122.292,2240,5000
399950.0,4,2.75,3210,41689,1.0,0,0,4,8,1600,1989,0,98042,47.3493,-122.062,2100,41384
572000.0,3,1.5,1680,13751,1.0,0,0,4,7,0,1951,0,98040,47.5716,-122.227,1760,13500
907500.0,3,2.25,2850,6281,2.0,0,2,4,7,950,1947,0,98115,47.6911,-122.326,1680,7006
1245000.0,6,3.25,3750,14150,2.0,0,2,5,9,1000,1936,1968,98117,47.6999,-122.393,2140,7968
249900.0,4,2.0,1500,7854,1.5,0,0,3,7,0,1983,0,98023,47.3127,-122.354,1500,7334
912000.0,4,3.75,1980,4095,2.0,0,0,3,9,0,2009,0,98103,47.6901,-122.356,1480,3840
901000.0,4,3.25,1560,4080,1.0,0,0,3,7,0,1916,0,98126,47.5347,-122.38,1370,4080
585000.0,4,2.5,2330,45860,2.0,0,0,3,9,0,1989,0,98075,47.5842,-121.992,2930,5020
208000.0,3,1.0,1020,6120,1.0,0,0,4,7,0,1967,0,98002,47.278,-122.205,1370,8000
215000.0,3,1.0,1150,7560,1.0,0,0,4,6,0,1958,0,98058,47.4613,-122.184,1230,7560
245000.0,3,2.0,1450,9333,2.0,0,0,4,7,0,1972,0,98003,47.346,-122.315,1910,7701
375950.0,3,1.75,1480,7560,1.0,0,0,3,6,380,1920,1985,98117,47.6985,-122.364,1510,7250
784950.0,4,2.75,2840,4227,3.0,0,0,3,9,0,2014,0,98052,47.7097,-122.107,2880,4227
569950.0,5,4.5,4850,40902,2.0,0,0,3,10,0,2001,0,98023,47.3181,-122.344,1640,13503
298800.0,2,1.0,860,8189,1.0,0,0,3,6,0,1948,0,98155,47.735,-122.306,1180,8189
257500.0,4,1.5,1360,9323,1.0,0,0,4,7,0,1968,0,98023,47.3168,-122.401,1180,9611
685000.0,4,2.0,2340,6000,1.0,0,0,5,8,1070,1953,0,98199,47.6495,-122.401,1600,6000
255000.0,3,1.0,1010,7690,1.0,0,0,4,6,0,1958,0,98058,47.4501,-122.176,1010,7619
718000.0,3,2.5,2070,7200,2.0,0,0,3,8,0,2001,0,98033,47.6946,-122.211,1650,8877
300000.0,4,1.5,1460,8760,1.0,0,0,3,7,0,1958,0,98166,47.4698,-122.36,1610,9375
549950.0,3,2.5,2680,5860,2.0,0,0,3,8,0,2001,0,98011,47.7557,-122.223,2680,5860
440000.0,3,2.75,1560,7392,1.0,0,0,5,7,530,1972,0,98011,47.7382,-122.182,1870,7520
610000.0,4,2.5,2110,6360,2.0,0,0,3,8,0,1988,0,98029,47.5641,-122.012,2050,7000
312500.0,3,1.75,1830,7969,1.0,0,0,3,7,900,1950,2008,98055,47.4667,-122.214,1790,7425
142500.0,4,0.75,1440,13300,1.0,0,0,3,6,0,1948,0,98166,47.4761,-122.337,1460,11100
529000.0,3,2.25,1940,217800,2.0,0,0,3,9,0,1990,0,98024,47.5636,-121.932,2580,83558
269500.0,2,1.0,930,4000,1.0,0,0,3,6,200,1943,0,98108,47.5321,-122.323,1100,5000
474900.0,3,1.0,1630,8308,1.5,0,0,3,7,0,1948,0,98146,47.5075,-122.378,1170,8308
535000.0,5,3.25,2850,4551,2.0,0,0,3,8,480,2006,0,98059,47.4916,-122.144,2850,4849
790000.0,4,2.5,2240,8664,1.0,0,0,5,8,770,1975,0,98033,47.6621,-122.189,2210,8860
170000.0,3,1.0,1250,7015,1.0,0,0,3,7,0,1958,0,98188,47.4548,-122.29,1510,11460
283000.0,3,1.0,890,8400,1.0,0,0,4,6,0,1954,0,98056,47.5168,-122.204,1850,5565
425000.0,4,2.5,1950,5000,2.0,0,0,3,8,0,2012,0,98065,47.515,-121.872,2710,5000
810000.0,4,2.5,3260,5608,2.0,0,0,3,9,0,2003,0,98029,47.5453,-121.995,3010,5608
330000.0,5,2.75,2390,6282,1.0,0,0,4,7,1100,1966,0,98118,47.5149,-122.263,1690,5202
400000.0,4,1.75,1700,20283,1.5,0,0,3,7,360,1965,0,98019,47.7694,-121.903,1680,21369
397000.0,4,2.0,1440,7680,1.0,0,0,3,7,240,1971,0,98034,47.7245,-122.2,1460,9660
400000.0,4,1.5,1980,113691,1.0,0,0,3,7,0,1962,0,98024,47.5606,-121.853,1980,89298
425000.0,3,2.25,1790,10209,1.0,0,0,3,7,500,1967,0,98072,47.7492,-122.086,1840,9900
375000.0,4,2.5,2090,8325,1.0,0,0,4,7,620,1983,0,98056,47.4888,-122.184,1700,8025
505000.0,3,2.5,2100,17882,2.0,0,0,4,8,0,1985,0,98059,47.4754,-122.119,2080,16686
1125000.0,5,1.75,1910,5640,2.0,0,0,4,9,0,1906,0,98112,47.6249,-122.311,2050,5400
487500.0,5,3.5,3530,218472,2.0,0,0,3,7,1150,1999,0,98019,47.7309,-121.905,2110,211404
418000.0,3,1.75,1500,19113,1.0,0,0,3,7,0,1984,0,98014,47.6976,-121.916,1820,18151
245000.0,4,1.5,2010,7561,1.5,0,0,4,7,120,1921,0,98002,47.311,-122.227,1420,6564
609000.0,6,3.0,2470,9267,2.0,0,0,3,8,0,1982,0,98007,47.6025,-122.152,2470,9151
82000.0,3,1.0,860,10426,1.0,0,0,3,6,0,1954,0,98146,47.4987,-122.341,1140,11250
253000.0,2,1.75,1220,5000,1.0,0,0,5,7,360,1921,0,98055,47.4906,-122.204,1120,5000
205500.0,2,1.0,900,6400,1.0,0,0,5,6,0,1938,0,98022,47.2113,-121.992,1320,6400
555000.0,4,2.25,3330,21785,2.0,0,0,3,9,0,1994,0,98059,47.4725,-122.136,3330,21796
413565.0,3,2.5,1690,1613,2.0,0,0,3,8,540,2014,0,98029,47.5524,-121.998,1690,1619
505000.0,3,1.5,1830,217800,1.0,0,0,3,7,820,1981,0,98053,47.6277,-121.972,2450,165963
251000.0,3,2.0,1200,10212,1.5,0,0,5,6,0,1949,0,98022,47.206,-121.998,1280,10212
442000.0,4,2.25,2080,12007,1.0,0,0,4,8,860,1979,0,98074,47.6259,-122.051,2110,12459
235000.0,3,1.0,1240,18000,1.0,0,0,2,7,0,1943,0,98198,47.3514,-122.315,1240,18000
310000.0,3,1.75,1490,9120,1.0,0,0,5,7,0,1959,0,98059,47.4806,-122.163,1340,8040
849000.0,4,1.5,2440,8040,1.0,0,0,4,8,1000,1950,0,98177,47.7081,-122.374,2140,7920
173250.0,3,2.0,1210,9097,1.0,0,0,4,7,0,1954,0,98168,47.4849,-122.303,1360,10125
742500.0,4,2.75,3100,3773,2.0,0,0,3,8,1100,1919,1996,98122,47.6158,-122.291,2130,3777
684000.0,4,3.5,3040,8414,2.0,0,0,3,9,620,2010,0,98059,47.5222,-122.157,3470,8066
220000.0,4,2.0,1700,8043,1.0,0,0,3,7,850,1954,0,98168,47.4758,-122.288,1540,13260
554000.0,5,2.5,3440,12900,1.0,0,2,4,8,1720,1958,0,98166,47.4426,-122.342,2100,10751
885000.0,3,2.5,2880,11443,2.0,0,0,4,9,0,1986,0,98006,47.5633,-122.111,2840,12530
255000.0,5,2.25,2060,8632,1.0,0,0,3,7,1030,1962,0,98146,47.4877,-122.335,1010,11680
376000.0,2,1.0,880,2400,1.0,0,0,3,6,120,1918,0,98118,47.5643,-122.275,1180,6300
362500.0,3,1.0,960,5424,1.5,0,0,3,6,0,1916,0,98115,47.6997,-122.32,1550,5687
275000.0,3,1.75,1180,6260,1.0,0,0,4,8,0,1993,0,98038,47.3531,-122.048,1580,7272
430100.0,3,2.25,1400,1078,2.0,0,0,3,8,460,2009,0,98144,47.5701,-122.288,1420,1230
2537000.0,4,3.0,3710,20000,2.0,0,2,5,10,950,1936,0,98105,47.6696,-122.261,3970,20000
672500.0,4,2.75,2620,6707,2.0,0,0,3,9,0,2000,0,98075,47.5965,-122.038,2590,6530
746000.0,4,2.75,2110,8190,1.5,0,0,5,8,0,1966,0,98008,47.6269,-122.1,2420,8400
450000.0,4,3.0,2200,4466,2.0,0,0,3,7,0,1968,0,98103,47.7005,-122.339,1780,2250
630000.0,4,2.5,2100,8800,1.0,0,2,4,7,860,1960,0,98008,47.6146,-122.114,2000,8800
455000.0,4,2.5,3170,10688,2.0,0,2,3,9,0,2001,0,98001,47.3179,-122.257,3100,12610
426500.0,4,2.5,2960,4640,2.0,0,0,3,9,0,2005,0,98038,47.3597,-122.04,2750,4623
285000.0,3,1.75,1930,7200,1.5,0,0,3,6,0,1929,0,98065,47.5263,-121.809,1350,9000
180000.0,2,1.0,1400,4500,1.0,0,0,3,7,500,1922,0,98055,47.4866,-122.219,1400,5500
470000.0,3,2.0,1800,12669,1.0,0,0,3,7,0,1956,1990,98033,47.6935,-122.173,1970,9775
322000.0,3,1.0,1380,5864,1.0,0,0,3,7,590,1944,0,98133,47.7049,-122.339,1509,5864
348000.0,3,2.5,1670,5090,2.0,0,0,3,7,0,2003,0,98056,47.4799,-122.18,2560,4851
575000.0,3,2.5,1960,9535,2.0,0,0,3,8,0,1989,0,98011,47.7371,-122.215,2520,9206
828000.0,4,2.5,3520,9901,2.0,0,0,3,10,0,1998,0,98074,47.6084,-122.011,3490,9667
370000.0,4,2.0,1640,7200,1.0,0,0,3,7,0,1963,0,98155,47.7471,-122.324,1500,9000
710000.0,3,2.25,3130,65775,2.0,0,0,4,8,0,1978,0,98027,47.5462,-122.085,3130,72309
472000.0,6,2.5,4410,14034,1.0,0,2,4,9,2060,1965,0,98003,47.3376,-122.324,2600,13988
725000.0,4,2.25,2880,8882,2.0,0,0,4,8,400,1965,0,98115,47.6999,-122.284,2460,9610
330000.0,3,1.75,1250,8100,1.0,0,0,3,7,0,1951,2004,98146,47.5016,-122.348,1300,8175
353500.0,4,3.0,2050,4000,2.0,0,0,3,8,0,2014,0,98001,47.3523,-122.275,2050,4000
480000.0,3,1.5,2100,67269,1.0,0,0,4,7,880,1949,0,98028,47.7592,-122.23,1610,15999
635000.0,5,2.75,3110,6621,2.0,0,0,3,9,0,2006,0,98065,47.543,-121.888,3550,7953
183000.0,3,1.75,1330,9200,1.0,0,0,4,7,0,1973,0,98092,47.2916,-122.185,1590,9200
554000.0,2,2.0,1920,6045,1.0,0,0,3,8,0,2003,0,98053,47.7107,-122.031,1670,5200
845000.0,4,2.5,3360,40471,2.0,0,0,4,10,0,1994,0,98077,47.742,-122.035,3150,36823
529000.0,2,1.0,1210,7667,1.0,0,0,3,6,310,1950,0,98199,47.6571,-122.396,1330,6462
334000.0,4,2.5,2310,6200,2.0,0,0,3,8,0,1998,0,98092,47.3321,-122.172,2480,6200
327000.0,3,1.5,1510,344124,1.0,0,2,4,7,0,1964,0,98022,47.2156,-122.029,1750,169884
290000.0,3,2.25,1620,7772,2.0,0,0,4,8,0,1988,0,98003,47.3521,-122.302,1710,6455
565000.0,5,2.5,4320,107157,1.0,0,0,4,8,2160,1967,0,98038,47.4009,-122.059,2480,107157
499000.0,3,2.5,1610,1728,3.0,0,0,3,8,0,2000,0,98115,47.6776,-122.318,1540,3090
150000.0,2,1.0,720,4120,1.0,0,0,5,5,0,1915,0,98002,47.303,-122.217,940,6180
474800.0,2,3.25,1400,1243,3.0,0,0,3,8,0,2000,0,98103,47.6534,-122.353,1400,1335
736500.0,4,2.5,3180,21904,2.0,0,3,3,9,0,2000,0,98059,47.515,-122.117,3715,29170
700000.0,4,1.0,1980,4560,1.5,0,0,3,7,0,1920,0,98103,47.6606,-122.331,1810,3245
316000.0,3,2.5,1490,4078,2.0,0,0,3,8,0,1998,0,98059,47.4915,-122.155,1310,2767
409900.0,2,2.5,1590,1845,2.0,0,0,3,9,0,1997,0,98033,47.6897,-122.175,2320,3174
480000.0,3,1.5,1200,3060,1.0,0,0,4,7,140,1910,0,98115,47.679,-122.315,1410,3060
770000.0,3,2.5,2900,23550,1.0,0,0,3,10,1410,1987,0,98006,47.5708,-122.153,2900,19604
600000.0,3,1.0,1310,5000,1.5,0,0,3,7,0,1906,0,98103,47.6624,-122.347,1530,4800
290000.0,1,0.75,740,1284,1.0,0,0,4,6,0,1928,0,98107,47.6741,-122.406,1430,3988
1506000.0,4,3.25,3660,5800,2.5,0,0,3,10,300,1909,1995,98112,47.6283,-122.312,3240,5800
799950.0,4,2.5,3320,7429,2.0,0,0,3,9,0,2014,0,98034,47.7189,-122.225,1840,7429
443000.0,4,1.5,1860,12197,1.0,0,0,3,7,0,1964,0,98034,47.729,-122.235,1510,11761
315000.0,3,2.5,1260,2767,2.0,0,0,3,8,0,1999,0,98059,47.4914,-122.155,1310,2767
975000.0,4,2.5,3240,35083,2.0,0,0,4,9,0,1978,0,98005,47.6337,-122.154,3340,24501
290000.0,2,1.0,900,2728,2.0,0,0,3,7,0,1998,0,98144,47.5877,-122.298,900,2728
739500.0,3,3.25,4460,51177,2.0,0,0,3,9,0,2005,0,98042,47.3648,-122.143,2670,38925
525000.0,3,1.0,1010,3520,1.0,0,0,3,7,0,1902,0,98102,47.6208,-122.319,1300,1233
318000.0,5,2.5,2820,9956,1.0,0,0,4,7,1410,1967,0,98168,47.4715,-122.33,2700,9956
373000.0,8,3.0,2850,12714,1.0,0,0,3,7,0,1959,0,98055,47.4859,-122.205,1480,4942
245500.0,2,1.5,1430,9782,1.0,0,0,3,7,0,1955,0,98188,47.441,-122.282,1430,9828
450000.0,4,2.5,2520,8515,2.0,0,0,3,7,0,1999,0,98019,47.7233,-121.959,2130,6930
270000.0,4,2.5,1810,6509,2.0,0,0,3,7,0,1994,0,98042,47.3531,-122.143,1760,7417
1450000.0,4,2.75,2750,17789,1.5,0,0,3,8,770,1914,1992,98004,47.6141,-122.212,3060,11275
998000.0,3,2.25,3370,11757,2.0,0,2,4,9,0,1980,0,98006,47.5573,-122.16,2690,10500
285000.0,3,1.75,1630,4000,1.0,0,0,3,7,530,1968,0,98106,47.5351,-122.353,1300,4000
317000.0,3,2.0,2020,7260,1.5,0,0,3,7,840,1926,0,98108,47.5496,-122.311,1400,5950
295000.0,3,2.25,1850,7800,2.0,0,0,3,9,0,1974,0,98023,47.3146,-122.379,2360,8000
415000.0,3,2.0,2010,33090,1.5,0,2,5,8,0,1986,0,98022,47.2133,-122.007,1840,22620
676000.0,3,2.25,2680,41804,1.0,0,0,3,9,0,1989,0,98045,47.4828,-121.73,2680,40866
525000.0,3,1.75,1720,7200,1.0,0,0,3,7,580,1977,0,98052,47.6977,-122.132,1700,8400
380000.0,4,2.25,1860,7980,1.0,0,0,4,8,0,1966,0,98058,47.4524,-122.15,1860,8814
325000.0,5,2.75,2130,6222,1.0,0,0,3,7,830,1991,0,98118,47.5272,-122.276,2130,6222
715000.0,3,1.0,1610,7680,1.0,0,0,3,6,710,1956,0,98122,47.6038,-122.303,1940,2880
682000.0,4,2.75,2820,8009,2.0,0,0,3,9,0,2001,0,98075,47.6,-121.977,2820,7398
902500.0,3,3.5,3240,23522,2.0,0,0,3,10,1110,1992,0,98010,47.3388,-122.033,3180,23273
730000.0,4,2.0,2360,6000,1.0,0,0,5,7,1100,1939,0,98199,47.6534,-122.41,1720,6000
295000.0,2,1.0,740,4459,1.0,0,2,3,5,0,1915,0,98116,47.5704,-122.409,1490,4700
299000.0,3,1.75,1910,17003,1.5,0,0,4,8,0,1963,0,98001,47.3095,-122.283,1820,14806
409000.0,2,1.75,1480,4000,1.0,0,0,4,6,740,1925,0,98117,47.6916,-122.38,1060,4000
555000.0,3,2.5,1940,3211,2.0,0,0,3,8,0,2009,0,98027,47.5644,-122.093,1880,3078
1030000.0,3,4.0,3880,13095,2.0,0,3,3,11,180,2009,0,98034,47.6996,-122.233,3880,10830
441000.0,5,2.5,2000,3600,1.0,0,0,3,6,850,1987,0,98144,47.5971,-122.295,1410,3600
427500.0,4,2.5,2010,6294,2.0,0,0,3,7,0,2000,0,98028,47.776,-122.24,1870,4394
1125000.0,6,3.75,3010,4360,2.0,0,0,3,9,1010,2014,0,98103,47.6873,-122.333,1600,5160
239950.0,3,1.75,1440,7200,1.0,0,0,3,7,0,1986,0,98188,47.4473,-122.284,1640,9167
438950.0,4,2.5,2470,385506,2.0,0,3,3,7,0,1991,0,98022,47.2396,-121.993,1680,158994
339000.0,3,1.0,1080,8100,1.0,0,0,4,7,0,1955,0,98155,47.777,-122.307,1080,8100
575000.0,3,2.5,3240,33661,2.0,0,0,3,8,0,2001,0,98059,47.4785,-122.095,1870,43560
255000.0,5,1.75,1970,8925,1.0,0,0,5,7,800,1977,0,98002,47.2925,-122.196,1910,8025
384205.0,3,2.75,1810,3292,2.0,0,0,3,8,0,2014,0,98065,47.5164,-121.877,1810,2769
650000.0,3,1.0,1430,4240,1.5,0,0,3,7,0,1924,0,98103,47.6595,-122.337,1660,4240
562200.0,3,1.5,1900,5250,1.0,0,0,4,7,400,1943,0,98117,47.6991,-122.392,1810,5250
433495.0,4,2.25,3010,10925,2.0,0,0,4,9,0,1988,0,98092,47.3326,-122.201,2690,10925
293467.0,4,2.0,1590,942,3.0,0,0,3,7,0,2008,0,98027,47.54,-122.026,1390,942
288000.0,3,2.5,1370,9253,1.0,0,0,3,7,280,1994,0,98042,47.3717,-122.073,1470,9253
339900.0,4,1.5,1570,9210,1.0,0,2,3,7,170,1965,0,98030,47.3864,-122.22,2326,9210
400000.0,2,1.0,1470,6120,1.0,0,0,2,7,0,1940,0,98115,47.6914,-122.287,1840,6120
100000.0,2,1.0,770,17334,1.0,0,0,3,7,0,1978,0,98001,47.2997,-122.269,1480,17334
888550.0,3,2.5,3540,38322,2.0,0,0,3,10,0,1989,0,98053,47.6892,-122.048,3540,35926
627000.0,4,2.0,2030,9300,1.0,0,0,4,8,0,1976,0,98052,47.6658,-122.149,1800,9018
185850.0,3,1.5,1630,11662,1.0,0,0,3,7,0,1943,1963,98188,47.4455,-122.278,1700,11662
888990.0,4,2.75,3540,5500,2.0,0,0,3,9,0,2014,0,98074,47.6181,-122.056,3540,5500
542000.0,4,1.75,1900,8250,1.0,0,0,4,7,950,1955,0,98006,47.5765,-122.147,1480,8360
269500.0,2,1.0,800,1200,2.0,0,0,3,7,0,1999,0,98103,47.6969,-122.347,806,1200
360000.0,2,1.0,2320,11250,2.0,0,0,4,6,0,1942,0,98146,47.504,-122.362,1620,11250
403000.0,2,1.0,720,3255,1.0,0,0,4,6,0,1905,0,98103,47.6823,-122.348,1430,3170
667400.0,4,2.5,2660,40312,2.0,0,0,4,8,0,1977,0,98072,47.7532,-122.139,2650,45302
285000.0,4,1.75,1440,6720,1.0,0,0,5,6,720,1954,0,98166,47.4571,-122.345,1820,6784
949000.0,4,2.75,2980,42253,1.0,0,0,4,9,1120,1973,0,98005,47.6392,-122.163,2980,42253
315000.0,2,2.25,1290,2436,2.0,0,0,3,7,0,1984,0,98052,47.6803,-122.156,1360,3088
1039000.0,4,2.25,2740,11343,1.0,0,2,5,10,760,1953,0,98125,47.7117,-122.278,2790,10027
234000.0,3,1.0,1040,8122,1.0,0,0,5,7,0,1971,0,98198,47.3731,-122.312,1470,8676
250000.0,2,1.0,800,5220,1.0,0,0,3,6,0,1943,0,98125,47.7037,-122.32,1910,5376
485000.0,3,2.5,2270,7887,2.0,0,2,3,8,0,2004,0,98065,47.5326,-121.855,2550,7133
326995.0,3,2.5,1860,5321,2.0,0,0,3,7,0,2000,0,98038,47.3848,-122.033,1940,5205
205000.0,3,1.75,1200,8631,1.0,0,0,3,7,0,1959,0,98198,47.3864,-122.308,1564,8115
1110000.0,4,1.5,2310,13300,1.0,0,0,3,7,420,1950,0,98004,47.6232,-122.21,2840,12744
425500.0,3,2.5,1970,2752,2.0,0,0,3,8,0,1978,0,98052,47.6345,-122.108,1850,2778
291000.0,3,1.75,1560,9788,1.0,0,0,3,7,0,1964,0,98178,47.4876,-122.226,1840,11180
769000.0,4,3.5,3010,6202,2.0,0,0,3,9,0,2005,0,98029,47.5533,-121.993,2520,5001
215000.0,4,1.75,1610,9652,1.0,0,0,5,7,0,1969,0,98042,47.3281,-122.135,1220,9800
259000.0,4,1.5,1260,7248,1.5,0,0,5,7,0,1955,0,98188,47.433,-122.292,1300,7732
302500.0,4,2.5,1990,5511,2.0,0,0,3,8,0,1994,0,98030,47.3585,-122.191,1850,6031
390000.0,3,2.0,1710,8910,1.0,0,0,5,7,0,1953,0,98133,47.7719,-122.338,1430,8493
805000.0,4,3.0,3350,23781,1.0,0,0,4,9,1330,1979,0,98006,47.56,-122.132,2870,12036
700000.0,4,2.0,2230,4635,1.5,0,0,5,7,720,1908,0,98103,47.682,-122.349,1520,4635
539950.0,3,2.25,2190,7149,1.0,0,1,4,8,950,1963,0,98056,47.5243,-122.204,3500,7149
456150.0,3,2.25,1750,12408,1.0,0,0,5,7,600,1962,0,98155,47.7509,-122.3,1820,12977
575000.0,4,2.5,2890,9775,2.0,0,2,3,8,0,2004,0,98065,47.5339,-121.854,2640,7184
550000.0,3,2.5,2250,7752,2.0,0,0,4,8,0,1988,0,98011,47.7489,-122.185,2080,7033
430000.0,4,3.75,2452,4800,2.0,0,0,3,7,0,1936,1994,98055,47.4744,-122.213,1180,4800
825000.0,4,1.0,2290,6300,1.5,0,4,4,7,140,1921,0,98144,47.5917,-122.29,2390,6300
410000.0,3,1.5,1750,32500,1.0,0,0,4,7,0,1966,0,98027,47.5316,-121.959,1820,102801
259000.0,4,1.75,1580,8856,2.0,0,0,3,7,0,1979,0,98045,47.4694,-121.745,1390,9490
583000.0,4,2.5,2660,4000,2.0,0,0,3,8,0,2001,0,98053,47.6876,-122.038,2330,4517
560000.0,4,1.75,1740,8800,1.0,0,0,4,8,0,1965,0,98007,47.6232,-122.142,2180,8436
350000.0,4,2.75,2500,5995,2.0,0,0,3,8,0,2008,0,98042,47.3749,-122.107,2530,5988
625000.0,3,2.5,1730,1301,3.0,0,0,3,9,0,2011,0,98103,47.653,-122.352,1330,1240
290000.0,2,1.0,1620,5400,1.0,0,0,3,6,700,1926,0,98125,47.7069,-122.299,1540,7245
370000.0,2,1.0,850,6213,1.0,0,0,3,6,100,1916,0,98136,47.5282,-122.384,1880,5500
585083.0,5,2.75,2910,36250,1.0,0,0,3,8,1320,1977,0,98075,47.5916,-122.076,2910,37376
572000.0,4,2.75,2700,7992,2.0,0,0,3,9,0,2012,0,98059,47.4831,-122.135,2840,7992
500000.0,3,2.5,1720,3012,2.0,0,0,3,9,0,2011,0,98133,47.7312,-122.334,1720,7658
340000.0,3,1.75,1340,196020,1.0,0,0,4,7,0,1987,0,98010,47.2931,-121.992,2250,232230
141800.0,2,1.0,930,4743,1.0,0,0,4,5,0,1942,0,98056,47.4966,-122.187,930,4779
330000.0,2,1.0,1160,32251,1.0,0,0,3,6,580,1963,2000,98010,47.3537,-121.939,1160,33656
844000.0,4,3.5,3350,6350,2.0,0,2,3,8,740,2009,0,98116,47.5602,-122.39,1820,6350
396000.0,3,1.5,1300,8280,1.0,0,0,5,7,0,1956,0,98028,47.7403,-122.256,1570,8692
1028950.0,5,3.25,2680,3011,2.0,0,0,3,9,810,1910,2014,98122,47.6115,-122.287,3440,5165
485000.0,3,2.75,1670,3330,1.5,0,0,4,7,0,1925,0,98107,47.6551,-122.36,1370,5000
594000.0,4,1.75,1870,5200,2.0,0,0,4,7,670,1937,0,98115,47.6843,-122.283,1790,5000
340000.0,4,2.5,2320,4142,2.0,0,0,3,7,0,2010,0,98038,47.3662,-122.019,2150,4140
297000.0,4,2.5,2230,4952,2.0,0,0,3,8,0,2011,0,98002,47.3363,-122.211,2030,3721
195000.0,3,1.0,1510,4350,1.5,0,0,5,6,0,1913,0,98022,47.2052,-121.987,1210,5500
350000.0,3,1.0,860,7030,1.0,0,0,3,7,0,1973,0,98034,47.7151,-122.211,1360,7500
480000.0,5,3.5,3480,12821,2.0,0,2,3,10,590,2004,0,98092,47.2641,-122.215,3400,9870
499431.0,4,2.75,2620,6019,2.0,0,0,3,8,0,2013,0,98045,47.484,-121.771,2790,6716
246950.0,3,3.0,1670,4440,1.0,0,0,3,7,0,2014,0,98022,47.1948,-121.975,1670,4622
659950.0,5,3.0,3010,7357,2.0,0,0,3,9,0,2008,0,98133,47.7226,-122.33,2370,8050
557000.0,4,1.75,2660,11315,2.0,0,0,4,8,0,1983,0,98074,47.6204,-122.044,1980,11315
270000.0,3,2.5,1670,8364,1.0,0,0,4,7,370,1990,0,98042,47.369,-122.084,1490,8143
209950.0,2,1.0,1050,6250,1.0,0,0,4,6,210,1943,0,98168,47.5024,-122.333,1310,12500
315000.0,2,1.0,780,7200,1.0,0,0,2,6,0,1935,0,98118,47.5609,-122.279,1750,7200
425000.0,4,1.75,1730,11890,1.0,0,0,2,7,750,1955,0,98004,47.5979,-122.194,2100,12325
235000.0,3,1.75,1400,6300,1.0,0,0,3,7,0,1998,0,98022,47.2074,-122.001,1400,8490
315275.0,3,1.75,1440,8040,1.0,0,0,3,7,480,1951,0,98125,47.7128,-122.306,1500,8040
289950.0,3,2.5,1760,8584,1.5,0,0,5,7,0,1937,0,98148,47.4612,-122.325,2160,8584
415000.0,3,1.75,2380,5650,1.0,0,2,4,8,1190,1956,0,98118,47.5119,-122.255,2350,6554
249000.0,4,1.0,1200,7552,1.0,0,0,3,6,140,1919,0,98126,47.5317,-122.37,1580,7680
346300.0,4,2.5,2590,11018,2.0,0,0,3,8,0,1998,0,98092,47.2634,-122.211,2400,8042
325000.0,4,2.0,1780,10622,1.0,0,0,4,7,880,1976,0,98058,47.4573,-122.158,1550,8900
872000.0,4,2.25,2860,40284,2.0,0,0,3,10,0,1983,0,98072,47.7308,-122.115,2670,92782
377000.0,2,1.5,1000,1251,2.0,0,0,3,7,70,2006,0,98199,47.6529,-122.384,1420,1187
528000.0,2,0.75,840,40642,1.0,1,4,4,6,0,1937,0,98070,47.404,-122.447,1850,64069
547000.0,3,2.5,1480,8381,1.0,0,0,4,7,0,1968,0,98125,47.7078,-122.288,1710,8050
240000.0,2,1.0,870,6552,1.0,0,0,3,6,0,1947,0,98133,47.7188,-122.353,1500,6678
557000.0,3,2.5,2280,18241,1.0,0,0,3,9,1320,1995,0,98011,47.7453,-122.213,3100,12465
2140000.0,6,4.0,5110,7128,2.5,0,0,4,11,0,1906,0,98112,47.6285,-122.304,4110,6480
234950.0,3,1.0,1360,9948,1.0,0,0,3,6,0,1977,0,98010,47.3422,-122.053,1670,8475
428000.0,2,2.5,1414,1960,2.0,0,0,3,8,0,1986,0,98006,47.5423,-122.189,1414,2511
305000.0,4,2.25,2580,8820,1.0,0,0,4,9,960,1967,0,98023,47.3122,-122.376,2140,8400
489900.0,4,2.5,2090,4196,2.0,0,0,3,8,0,2006,0,98011,47.7453,-122.192,2640,4503
174000.0,2,1.0,900,13531,1.0,0,0,3,6,0,1979,0,98001,47.2616,-122.251,1767,8308
900000.0,4,3.5,3370,5000,2.0,0,2,3,8,900,2008,0,98126,47.5714,-122.38,1820,5000
570000.0,4,2.25,2380,36446,2.0,0,0,4,8,0,1977,0,98077,47.7644,-122.072,2790,40005
312500.0,4,2.5,2160,8755,2.0,0,0,3,7,0,1993,0,98030,47.3585,-122.195,1990,7971
580000.0,4,3.5,1460,951,3.0,0,0,3,8,0,2008,0,98115,47.6821,-122.326,1430,1282
475000.0,3,1.5,1240,8738,1.0,0,0,3,7,0,1959,0,98005,47.5849,-122.17,1440,9344
1085000.0,5,2.5,2340,6000,2.0,0,0,4,10,0,1922,0,98144,47.5764,-122.287,2350,6000
360000.0,3,1.75,1300,7770,1.0,0,0,3,7,0,1967,0,98034,47.7347,-122.192,1520,7600
620000.0,3,2.25,1660,3478,1.5,0,0,4,7,560,1929,0,98117,47.6773,-122.372,1610,3478
451000.0,3,1.75,1790,9813,2.0,0,0,3,7,0,1949,0,98155,47.749,-122.305,1520,10125
949990.0,4,4.0,3970,7314,2.0,0,0,3,9,0,2014,0,98074,47.6173,-122.056,3560,5258
1060000.0,4,3.5,4220,8417,3.0,0,0,3,10,0,2012,0,98075,47.5869,-122.054,3730,8435
545000.0,2,2.0,2930,14057,1.0,0,2,4,8,1250,1980,0,98070,47.4025,-122.463,2234,61011
670000.0,3,1.75,1850,8160,1.0,0,0,3,8,0,1952,0,98177,47.7241,-122.363,1600,8160
427000.0,5,2.75,2220,4000,1.0,0,0,3,7,990,1973,0,98144,47.5754,-122.305,1580,4000
430000.0,6,3.0,2630,8800,1.0,0,0,3,7,1020,1959,0,98125,47.7166,-122.293,1220,1173
560000.0,3,1.75,2340,12443,1.5,0,0,4,8,0,1965,0,98006,47.5432,-122.177,1970,9600
810000.0,3,1.75,1980,13503,1.0,0,2,4,9,660,1952,0,98008,47.5867,-122.111,2450,10890
436300.0,3,2.0,2320,9420,1.0,0,0,5,7,0,1952,0,98056,47.5133,-122.196,2030,9420
265000.0,3,1.0,1070,9000,1.0,0,0,4,7,0,1950,0,98198,47.4061,-122.33,1840,12000
814842.0,3,2.5,3190,6899,2.0,0,0,3,9,0,2014,0,98034,47.7153,-122.221,3190,6899
302000.0,4,2.75,2030,9120,1.0,0,0,4,7,0,1988,0,98003,47.282,-122.303,1790,7627
865000.0,5,2.5,3190,8160,2.0,0,0,3,9,0,2014,0,98177,47.7246,-122.363,1650,8160
706000.0,4,2.5,3280,16575,1.0,0,0,3,9,1090,1972,0,98188,47.426,-122.285,1570,13209
417000.0,3,2.5,1570,4926,2.0,0,0,3,8,0,2014,0,98065,47.5342,-121.842,1800,3202
1200000.0,5,3.25,4610,10576,2.0,0,3,3,11,1300,2006,0,98027,47.5373,-122.07,4042,8321
436000.0,4,2.75,2080,9600,1.0,0,0,3,8,840,1979,0,98034,47.7149,-122.235,1880,9525
196000.0,3,1.0,880,19600,1.0,0,0,4,7,0,1978,0,98023,47.2707,-122.34,880,10500
459000.0,5,3.5,2640,6895,2.0,0,0,3,7,0,2001,0,98065,47.5298,-121.879,2640,5267
538000.0,3,1.0,1460,7200,1.0,0,0,3,7,200,1906,0,98103,47.6875,-122.336,1430,4650
499950.0,3,1.0,1870,4984,1.0,0,0,3,7,750,1955,0,98116,47.5771,-122.391,1650,5750
599000.0,7,2.5,2580,5750,1.0,0,0,4,7,700,1901,0,98122,47.6025,-122.294,2280,5750
610000.0,4,2.75,2600,36583,1.0,0,0,5,8,1020,1976,0,98075,47.593,-122.054,2300,27820
430000.0,4,3.0,1850,9976,2.0,0,0,3,8,0,1991,0,98059,47.5059,-122.149,2270,8542
855000.0,4,3.5,2890,5911,2.0,0,0,3,9,520,2014,0,98075,47.5754,-122.071,3490,6093
850000.0,4,3.0,2720,183823,2.0,0,0,3,8,0,1975,2007,98053,47.6749,-122.002,2140,173804
185000.0,4,1.0,1490,6600,1.0,0,0,3,7,0,1969,0,98168,47.4835,-122.332,1280,6600
790000.0,4,3.0,5370,69848,2.0,0,0,3,10,1870,2005,0,98042,47.3166,-122.046,4443,94403
225000.0,3,2.0,1700,11475,1.0,0,0,5,6,730,1945,0,98146,47.4851,-122.338,1560,11475
392500.0,3,3.25,1600,1289,3.0,0,0,3,8,0,1998,0,98117,47.6957,-122.375,1600,1376
589000.0,3,2.5,2660,206480,1.0,0,0,3,8,0,1989,0,98024,47.6042,-121.956,2660,206736
328000.0,2,2.25,1550,2079,2.0,0,0,3,8,0,2008,0,98106,47.54,-122.368,1420,1977
751000.0,6,3.0,2880,6800,2.0,0,0,3,7,0,1980,0,98144,47.5873,-122.299,1640,4000
585000.0,5,2.5,2670,16777,1.5,0,0,4,7,1050,1920,0,98125,47.7015,-122.301,1610,8227
595000.0,3,2.5,2030,5100,2.0,0,0,3,7,0,2008,0,98199,47.6594,-122.397,1790,4380
345000.0,3,2.75,2190,7258,2.0,0,0,3,8,0,2000,0,98003,47.3486,-122.301,2190,8645
440000.0,2,1.5,1080,6760,1.0,0,2,3,6,0,1923,0,98117,47.7008,-122.386,2080,5800
685000.0,4,2.5,3550,10968,2.0,0,0,3,9,0,2006,0,98065,47.5431,-121.886,3550,8583
285000.0,3,2.5,2090,10834,1.0,0,0,4,8,730,1987,0,98003,47.3537,-122.303,1750,8595
625000.0,3,2.5,2360,12164,2.0,0,0,3,10,0,1987,0,98029,47.5596,-122.022,2400,11260
322968.0,5,1.75,1890,9600,1.0,0,0,4,7,0,1960,0,98028,47.7391,-122.241,2350,5308
469000.0,4,2.75,3550,13938,1.0,0,0,5,8,1450,1966,0,98188,47.425,-122.283,2050,9000
467000.0,5,2.0,2080,4000,1.0,0,0,4,6,1040,1909,0,98144,47.5858,-122.308,1940,6000
1500000.0,4,2.75,2930,25697,1.0,0,0,4,9,620,1964,0,98004,47.6264,-122.226,3810,20681
259950.0,2,2.0,1070,649,2.0,0,0,3,9,350,2008,0,98106,47.5213,-122.357,1070,928
345950.0,5,1.0,1340,11198,1.5,0,0,3,8,0,1934,0,98155,47.736,-122.295,1390,8020
330000.0,6,2.25,3040,28535,1.0,0,0,3,8,1150,1951,0,98030,47.3864,-122.223,1360,8250
284850.0,3,1.5,1590,8256,1.0,0,1,3,7,500,1969,0,98003,47.3488,-122.304,1950,7840
793000.0,4,2.5,2450,4080,1.5,0,0,4,8,960,1930,0,98115,47.6899,-122.319,2000,4080
595000.0,3,2.0,1530,6773,1.0,0,0,4,8,0,1984,0,98033,47.6653,-122.194,2240,7201
1160000.0,4,2.5,2790,5450,2.0,0,0,3,10,860,1925,2000,98112,47.6453,-122.303,2320,5450
1062500.0,4,4.0,5320,20041,2.0,0,0,3,11,0,2003,0,98075,47.5852,-121.966,4640,17268
435000.0,4,2.5,1700,6380,1.0,0,0,4,7,850,1940,0,98115,47.6988,-122.319,1380,6380
575000.0,4,2.75,1960,4635,1.0,0,0,4,7,960,1968,0,98118,47.5693,-122.285,1830,6180
249000.0,3,1.75,1520,7500,1.0,0,0,3,8,0,1985,0,98092,47.2646,-122.219,2180,7506
779950.0,4,2.75,2840,4864,3.0,0,0,3,9,0,2014,0,98052,47.7103,-122.108,2990,5314
220000.0,4,2.0,1620,5200,1.5,0,0,4,7,0,1978,0,98042,47.3629,-122.091,1500,5200
257200.0,3,2.0,1850,8250,1.0,0,0,4,7,700,1952,0,98002,47.3066,-122.209,1580,7153
843500.0,4,2.0,2630,16475,2.0,0,0,4,8,0,1953,0,98004,47.639,-122.219,2670,15001
150000.0,3,1.0,1320,8220,1.0,0,0,3,7,0,1959,0,98198,47.3697,-122.309,1320,7920
249000.0,2,1.5,1090,2686,2.0,0,0,3,7,0,1982,0,98034,47.717,-122.19,1160,2158
719000.0,3,3.5,2540,10578,2.0,0,1,3,9,530,2014,0,98006,47.547,-122.192,3240,9831
442000.0,5,3.0,2560,5445,1.5,0,0,4,7,800,1927,0,98108,47.5502,-122.311,1080,5445
650000.0,4,2.0,1930,3976,1.5,0,0,4,8,0,1914,0,98122,47.6117,-122.297,1470,4080
451000.0,2,1.0,900,6000,1.0,0,0,3,7,0,1944,2004,98115,47.6855,-122.289,1460,4800
343000.0,3,1.75,2210,7920,1.0,0,0,3,7,810,1966,0,98178,47.4968,-122.237,2220,7920
435000.0,2,1.0,2240,7200,1.0,0,0,4,7,1120,1940,0,98118,47.5631,-122.271,1390,6000
475000.0,4,2.25,1970,7532,1.0,0,0,3,8,580,1983,0,98052,47.7219,-122.109,1970,8248
585000.0,3,2.5,2290,5089,2.0,0,0,3,9,0,2001,0,98006,47.5443,-122.172,2290,7984
208000.0,2,1.0,700,5100,1.0,0,0,4,5,0,1953,0,98056,47.4957,-122.168,970,5811
440000.0,3,1.5,2120,6290,1.0,0,0,4,8,900,1949,0,98108,47.5658,-122.318,1620,5400
518000.0,4,3.0,2430,11670,1.0,0,0,4,7,1100,1978,0,98034,47.7307,-122.228,1580,10464
625000.0,4,2.0,2190,3622,1.5,0,0,5,8,200,1925,0,98115,47.6887,-122.312,1450,3082
310000.0,4,2.0,1870,6000,1.5,0,0,3,7,0,1956,0,98125,47.7155,-122.315,1520,7169
320000.0,3,2.25,998,844,2.0,0,0,3,7,200,2007,0,98117,47.6983,-122.367,998,1110
1727000.0,4,2.25,3470,8000,1.5,0,1,3,9,1110,1906,2002,98122,47.6149,-122.287,3010,8000
450000.0,3,2.5,2280,4557,2.0,0,0,3,8,0,2010,0,98028,47.7733,-122.266,2070,4610
302000.0,3,1.0,1600,1950,2.0,0,0,2,7,0,1906,0,98122,47.6028,-122.312,1310,1138
499950.0,3,1.0,1830,3000,1.5,0,0,3,7,400,1926,0,98103,47.6619,-122.351,1510,2500
305000.0,2,1.5,1140,2980,2.0,0,0,3,7,0,1988,0,98029,47.5707,-122.018,1150,2981
540000.0,4,2.5,1780,4169,2.0,0,0,3,8,0,1994,0,98029,47.5695,-122.006,1830,4164
774000.0,4,2.75,2010,7000,2.0,0,0,5,8,0,1901,0,98199,47.6607,-122.396,1420,4400
515000.0,3,1.5,2200,7620,1.0,0,0,4,7,1070,1942,0,98177,47.7263,-122.363,2170,7672
649990.0,4,2.25,2130,11900,2.0,0,0,3,9,0,1976,0,98074,47.6408,-122.058,2590,11900
485000.0,4,1.0,1210,6380,1.5,0,0,3,7,0,1936,0,98115,47.6924,-122.321,1340,6380
775000.0,5,3.5,3290,5600,2.0,0,0,3,9,620,2004,0,98052,47.7056,-122.119,3130,5600
458000.0,3,2.0,2020,8555,1.0,0,0,4,7,800,1957,0,98125,47.7278,-122.287,1600,8148
319500.0,4,2.5,2730,4962,2.0,0,0,3,8,0,2006,0,98002,47.3363,-122.216,2150,3802
875000.0,4,1.0,1670,4600,1.5,0,0,5,8,0,1906,0,98103,47.6838,-122.332,1820,4600
517850.0,5,2.75,3050,7500,1.0,0,0,4,8,1250,1966,0,98034,47.7249,-122.187,2060,7848
856000.0,3,2.5,2160,3920,2.0,0,0,3,9,0,2014,0,98116,47.5762,-122.415,1500,4920
891500.0,3,2.5,3090,20785,2.0,0,0,4,10,0,1991,0,98075,47.5602,-122.03,3400,7566
293000.0,3,2.25,1910,3481,2.0,0,0,3,8,0,2009,0,98055,47.4293,-122.188,1714,3177
750000.0,3,2.5,2390,6550,1.0,0,2,4,8,950,1955,0,98116,47.5714,-122.408,2010,6550
679990.0,4,2.75,3320,8653,2.0,0,0,3,8,0,2014,0,98133,47.7521,-122.334,2140,8727
850000.0,3,2.25,2220,3707,2.0,0,0,4,8,600,1919,0,98122,47.617,-122.286,2030,4850
279000.0,3,1.0,1320,5750,1.5,0,0,3,7,0,1913,0,98108,47.5288,-122.325,1010,5700
536000.0,4,2.25,1990,5948,2.0,0,0,3,8,0,1991,0,98029,47.5712,-121.995,2150,6459
1015000.0,4,3.75,4690,207141,2.0,0,0,3,10,660,2007,0,98019,47.7072,-121.983,2890,200527
232000.0,3,1.5,1460,15000,1.0,0,0,3,7,0,1966,0,98001,47.3182,-122.271,1510,15000
339300.0,3,2.0,970,10000,1.0,0,0,5,7,0,1972,0,98074,47.6205,-122.063,1230,7500
3650000.0,5,3.75,5020,8694,2.0,0,1,3,12,1050,2007,0,98004,47.6146,-122.213,4190,11275
450000.0,2,1.5,1310,1264,2.0,0,0,3,8,190,2006,0,98106,47.5772,-122.409,1330,1265
800000.0,5,2.5,3320,9024,2.0,0,0,3,9,0,1999,0,98075,47.5865,-122.056,3320,7665
329000.0,3,2.0,1840,6755,1.0,0,2,3,8,0,1989,0,98003,47.3512,-122.305,1790,6459
273000.0,2,2.0,1384,1822,2.0,0,0,3,7,0,1990,0,98028,47.7525,-122.244,1078,1315
212000.0,3,1.0,1000,9450,1.0,0,0,3,6,0,1962,0,98055,47.4562,-122.193,1300,13500
550000.0,4,2.0,1720,4000,1.0,0,0,3,7,300,1950,0,98105,47.6651,-122.285,1350,1281
439900.0,2,2.0,1410,12282,1.5,0,0,5,8,0,1909,1988,98024,47.5242,-121.926,1410,8931
381000.0,3,1.75,2700,18246,1.0,0,0,4,7,1190,1967,0,98059,47.4817,-122.097,1620,16986
158550.0,5,1.5,1710,8100,1.5,0,0,4,7,0,1961,0,98032,47.3839,-122.288,1480,8025
330000.0,3,2.5,3040,7232,2.0,0,0,3,7,0,2003,0,98092,47.3355,-122.168,2760,6926
340000.0,4,2.5,2020,32710,1.0,0,0,3,7,950,1941,0,98168,47.4969,-122.33,1340,17700
210000.0,2,1.0,720,8040,1.0,0,0,3,6,0,1943,0,98166,47.4662,-122.359,2300,9500
809950.0,4,2.5,3280,6181,2.0,0,0,3,10,0,2001,0,98074,47.6484,-122.081,3110,7570
338000.0,3,2.5,1590,7819,2.0,0,0,3,7,0,1992,0,98055,47.4367,-122.199,1790,7733
2300000.0,4,4.75,3970,9778,2.0,0,2,4,11,580,1928,0,98119,47.6312,-122.366,3970,8460
2750000.0,4,4.0,4130,5575,2.0,1,4,4,10,1270,1993,0,98075,47.5968,-122.083,2980,5575
171000.0,4,2.0,1520,19672,1.0,0,0,3,6,500,1920,0,98188,47.4683,-122.281,1810,7840
480000.0,5,2.25,2240,5500,1.0,0,0,3,7,750,1959,0,98136,47.5305,-122.391,2010,6050
395000.0,3,2.5,2250,3757,2.0,0,0,3,7,0,2006,0,98059,47.4787,-122.129,2250,4556
685000.0,3,2.5,3290,90796,2.0,0,0,4,10,0,1992,0,98042,47.3154,-122.079,2700,55023
524000.0,4,2.25,2190,15491,2.0,0,0,3,8,0,1981,0,98074,47.6299,-122.039,2090,15039
325000.0,3,2.25,1352,1694,3.0,0,0,3,8,0,2007,0,98125,47.7265,-122.315,1439,1387
671500.0,5,2.75,2160,4000,1.5,0,0,5,7,630,1927,0,98105,47.667,-122.289,2040,4000
225000.0,3,1.75,1580,14400,1.0,0,0,4,7,0,1981,0,98001,47.2598,-122.281,1480,9600
508500.0,4,2.75,2520,12500,2.0,0,0,3,8,800,1979,0,98074,47.6225,-122.064,2520,13000
294000.0,2,1.0,850,5250,1.0,0,0,4,7,0,1950,0,98133,47.731,-122.342,1440,5250
415000.0,3,1.0,1510,6083,1.0,0,0,4,6,650,1940,0,98115,47.6966,-122.324,1510,5712
150000.0,3,1.0,1010,25000,1.0,0,0,3,6,0,1966,0,98014,47.6927,-121.901,2020,101494
275500.0,2,1.0,720,11400,1.0,0,0,5,6,0,1951,0,98133,47.7641,-122.341,1690,8075
850000.0,4,3.5,4140,7089,2.0,0,0,3,10,980,2003,0,98034,47.7059,-122.2,2640,8896
329995.0,4,2.5,2303,3680,2.0,0,0,3,8,0,2013,0,98001,47.2599,-122.283,2303,3760
741500.0,2,2.5,2150,5760,1.0,0,0,3,8,0,2010,0,98053,47.7094,-122.018,1640,4680
1800000.0,4,3.5,6370,205603,2.0,0,0,3,12,0,2008,0,98027,47.5016,-121.905,1490,33580
430000.0,2,2.5,2420,60984,2.0,0,0,3,7,0,2007,0,98027,47.5262,-121.943,1940,193842
655000.0,4,2.25,2060,8470,1.0,0,0,3,8,620,1983,0,98006,47.5605,-122.124,2180,8978
552625.0,4,2.0,2560,9390,1.0,0,0,5,8,1280,1957,0,98133,47.7169,-122.329,1830,8169
585000.0,3,1.0,1870,2807,1.5,0,0,4,7,290,1927,0,98107,47.6674,-122.358,1640,4500
336000.0,3,1.5,1240,5000,1.0,0,2,3,7,0,1964,0,98106,47.5659,-122.36,1050,5000
480000.0,5,3.0,2240,15435,1.0,0,1,5,7,850,1952,0,98155,47.7426,-122.288,2240,10750
215000.0,3,1.5,1240,9405,1.0,0,0,4,7,0,1966,0,98042,47.3727,-122.162,2260,7611
335000.0,3,1.5,2240,87625,1.5,0,0,2,7,760,1980,0,98092,47.3043,-122.094,1920,110206
229500.0,3,1.0,1780,7470,1.0,0,0,3,7,730,1960,0,98146,47.5123,-122.337,1780,8113
554000.0,3,2.0,1830,3500,1.5,0,0,5,7,540,1909,0,98116,47.573,-122.383,1530,4000
2400000.0,5,3.25,3410,9088,2.0,0,3,3,9,650,1912,0,98119,47.6285,-122.361,3540,7100
480680.0,3,2.5,1730,4924,2.0,0,0,3,8,0,1996,0,98029,47.5672,-122.005,1610,4313
480000.0,5,2.5,2160,7737,2.0,0,0,3,7,0,1998,0,98065,47.5381,-121.872,2460,7737
265000.0,3,1.0,1620,9450,1.5,0,0,3,7,0,1928,0,98168,47.5136,-122.313,2070,11970
1395710.0,4,2.25,3960,8640,2.0,0,2,3,9,1330,1925,0,98112,47.6317,-122.304,3850,8640
825000.0,3,3.0,3730,35900,1.0,0,0,3,9,770,1979,0,98008,47.5814,-122.122,2280,16026
498000.0,3,2.5,2480,4136,2.0,0,0,3,8,0,2009,0,98059,47.493,-122.147,2510,4314
393000.0,2,1.0,980,3350,1.0,0,0,4,7,0,1925,0,98103,47.6858,-122.352,1260,4000
739000.0,5,4.0,4660,9900,2.0,0,2,4,9,2060,1979,0,98056,47.5135,-122.2,3380,9900
653000.0,2,1.5,1290,5141,1.0,0,0,4,7,240,1947,0,98115,47.6878,-122.29,1290,5406
432000.0,3,2.25,1470,1578,2.0,0,0,3,8,380,2007,0,98136,47.5388,-122.387,1470,1668
680000.0,4,1.0,1660,6075,1.5,0,0,5,7,0,1915,0,98117,47.6755,-122.403,1810,5400
1215000.0,4,2.25,2570,9600,2.5,0,0,4,9,0,1962,0,98040,47.5791,-122.241,2570,13200
277140.0,3,1.5,1190,785,2.0,0,0,3,8,270,2014,0,98052,47.6781,-122.117,2820,5626
718500.0,4,2.75,2840,8800,2.0,0,0,3,9,0,2008,0,98033,47.7029,-122.171,1840,7700
179000.0,4,1.75,1790,7175,1.5,0,0,3,6,380,1900,0,98168,47.4963,-122.318,1790,8417
300000.0,3,1.0,1260,8280,1.0,0,0,3,6,0,1946,0,98115,47.7,-122.299,2100,8280
90000.0,2,1.0,580,7500,1.0,0,0,3,5,0,1943,0,98178,47.4852,-122.251,1700,11250
315000.0,4,1.0,1300,8400,1.5,0,0,4,7,0,1953,0,98133,47.7612,-122.332,1330,8400
208633.0,3,2.5,2040,3810,2.0,0,0,3,8,0,2006,0,98038,47.3537,-122.0,2370,4590
290000.0,4,3.0,2390,4500,2.0,0,0,3,7,0,1974,0,98055,47.4872,-122.204,1320,4500
580000.0,3,2.0,1870,5300,1.0,0,0,3,8,0,2009,0,98053,47.7106,-122.02,1870,5050
212700.0,2,1.0,940,5040,1.0,0,0,3,7,0,1926,0,98126,47.5375,-122.374,940,5040
720000.0,4,2.5,2650,11520,2.0,0,0,3,8,540,1988,0,98033,47.683,-122.187,2000,7680
435000.0,4,2.5,3100,4699,2.0,0,0,3,9,0,2010,0,98038,47.3785,-122.023,2450,5130
303000.0,2,1.0,1020,9200,1.0,0,0,3,7,0,1978,0,98045,47.4461,-121.769,1520,9600
435000.0,4,2.5,2940,7590,2.0,0,0,3,9,0,1991,0,98058,47.4341,-122.16,2550,8360
234975.0,3,1.75,1650,8073,1.0,0,0,3,7,550,1980,0,98092,47.3187,-122.182,1280,8073
685000.0,4,2.5,2770,45514,2.0,0,0,4,9,0,1989,0,98077,47.7751,-122.088,2940,49495
215000.0,3,1.0,1200,7280,1.0,0,0,4,7,0,1967,0,98032,47.3724,-122.277,1200,8400
323000.0,5,2.5,2500,13034,1.0,0,0,3,7,1200,1962,0,98092,47.3343,-122.194,2440,13300
713500.0,3,2.0,1720,4200,2.0,0,0,3,8,0,1908,1992,98112,47.6285,-122.301,1720,4200
229950.0,3,1.75,1900,8910,2.0,0,0,4,7,0,1988,0,98092,47.2769,-122.145,1610,8586
680000.0,3,2.25,2920,6300,1.0,0,0,3,8,1210,1956,0,98177,47.7065,-122.37,1940,6300
390000.0,3,1.0,1160,3750,1.5,0,0,3,7,0,1910,0,98106,47.5652,-122.359,1530,3750
386500.0,2,1.5,1280,11071,1.0,0,0,3,7,430,1984,0,98074,47.6351,-122.033,1280,10879
639000.0,4,2.0,1940,5000,1.0,0,0,4,7,960,1910,0,98107,47.6719,-122.369,1940,5000
1437500.0,4,3.75,4410,9231,3.0,0,3,3,11,0,2001,0,98118,47.5427,-122.265,2160,6600
386000.0,4,2.25,2050,9583,2.0,0,2,3,8,280,1965,0,98198,47.3978,-122.313,2230,9730
280000.0,3,2.25,1860,9210,2.0,0,0,3,7,0,1994,0,98038,47.3864,-122.03,1530,8091
458000.0,3,1.0,1660,7500,1.0,0,0,4,7,600,1940,0,98125,47.7105,-122.306,1450,7500
375000.0,3,2.0,1640,9750,1.0,0,0,3,7,0,1959,0,98028,47.7425,-122.241,1340,9750
595000.0,3,2.5,2550,6677,2.0,0,0,3,8,0,2002,0,98028,47.7336,-122.232,1930,7217
215000.0,4,1.75,1630,8000,1.0,0,0,3,7,0,1959,0,98031,47.3948,-122.201,1630,7700
625000.0,3,1.75,2240,6050,1.0,0,0,4,8,990,1950,0,98116,47.5658,-122.4,1720,6050
633000.0,5,2.75,3630,30570,2.0,0,0,3,11,0,2000,0,98058,47.4243,-122.097,3620,41965
615000.0,4,2.75,3120,34040,2.0,0,0,3,9,0,1997,0,98010,47.3431,-122.03,2420,25201
537000.0,3,2.5,1400,4800,1.0,0,0,3,7,200,1921,0,98117,47.6865,-122.379,1440,3840
650000.0,3,2.5,2220,6380,1.5,0,0,4,8,560,1931,0,98115,47.6974,-122.313,950,6380
412500.0,3,1.75,1530,6300,1.0,0,0,3,6,0,1942,2004,98126,47.516,-122.375,920,6300
312500.0,3,3.25,1480,983,2.0,0,0,3,8,300,2013,0,98106,47.5555,-122.363,1330,1062
550000.0,3,1.75,1670,10798,1.0,0,0,4,8,0,1962,0,98006,47.549,-122.17,2290,10798
254000.0,5,2.0,2080,16117,1.0,0,0,5,7,340,1959,0,98001,47.3424,-122.289,1510,13068
700000.0,3,1.5,1580,5000,1.0,0,0,3,8,290,1939,0,98117,47.687,-122.386,1570,4500
1700000.0,5,5.0,4930,14649,2.0,0,3,3,11,770,2000,0,98040,47.5829,-122.247,3030,8479
285000.0,3,1.0,1120,10701,1.0,0,0,3,7,0,1954,0,98106,47.5544,-122.358,1130,6350
319950.0,2,1.0,1240,5500,1.5,0,0,3,6,0,1921,0,98118,47.5257,-122.263,1520,5500
185000.0,3,1.0,840,12091,1.0,0,0,3,6,0,1959,0,98023,47.3281,-122.343,840,9324
305000.0,4,2.5,1714,3250,2.0,0,0,3,8,0,2010,0,98055,47.429,-122.189,1714,3250
515000.0,3,2.5,2430,4203,2.0,0,0,3,8,0,2001,0,98065,47.5346,-121.875,2500,4798
442000.0,4,1.5,1960,12688,1.5,0,0,4,7,0,1962,0,98052,47.6304,-122.097,2050,9375
356000.0,2,1.75,1060,16470,1.0,0,0,3,7,0,1977,0,98072,47.7409,-122.089,1790,16748
340000.0,3,1.0,3180,27586,1.0,0,0,3,8,1780,1969,0,98022,47.1986,-121.967,2180,27586
545000.0,4,2.25,2030,11585,1.0,0,0,4,7,440,1967,0,98052,47.6561,-122.13,1960,8977
265000.0,3,1.0,1010,14948,1.0,0,0,5,6,0,1969,0,98059,47.4772,-122.144,1510,9600
775000.0,3,3.0,1820,4300,1.5,0,0,4,8,200,1914,1983,98107,47.6711,-122.364,1440,4300
510000.0,2,1.5,1860,5100,1.0,0,0,3,7,800,1940,0,98136,47.5573,-122.392,1710,5100
422250.0,2,1.5,1280,1256,2.0,0,0,3,8,80,1998,0,98107,47.6741,-122.375,1390,1256
286285.0,4,2.25,1980,9714,1.0,0,0,3,7,810,1977,0,98002,47.3207,-122.209,1610,9272
601150.0,2,2.0,1660,5200,1.0,0,0,5,7,540,1906,0,98103,47.6871,-122.334,1260,5160
485000.0,3,1.0,1260,7250,1.0,0,2,3,7,300,1940,0,98115,47.6947,-122.311,1540,7250
335000.0,4,2.75,2540,7210,1.0,0,0,4,7,940,1979,0,98058,47.4601,-122.165,1820,7766
625000.0,4,2.5,3550,8048,2.0,0,0,3,9,0,2007,0,98065,47.5422,-121.888,3920,7871
215000.0,3,1.0,1060,9954,1.0,0,0,4,7,0,1960,0,98032,47.3801,-122.289,1620,8760
375000.0,3,2.5,2750,37096,2.0,0,0,3,9,0,1989,0,98038,47.3732,-122.023,2700,40091
234900.0,3,1.0,1250,8000,1.0,0,0,3,7,0,1956,0,98146,47.5065,-122.337,1040,6973
360000.0,3,1.0,1160,10988,1.0,0,0,3,7,0,1965,0,98033,47.6818,-122.165,1670,51376
218500.0,2,1.0,1600,8961,1.0,0,0,4,7,210,1949,0,98002,47.3098,-122.21,1502,6798
500000.0,3,2.25,1710,4561,2.0,0,0,4,8,0,1994,0,98029,47.5691,-122.004,1810,4770
360000.0,4,2.5,2570,4557,2.0,0,0,3,7,0,2009,0,98042,47.367,-122.115,2200,4500
269950.0,3,2.5,1890,4838,2.0,0,0,3,8,160,2002,0,98168,47.4802,-122.279,1910,7409
255000.0,3,2.5,1720,6200,2.0,0,0,3,7,0,2014,0,98022,47.2137,-121.989,1710,9520
543115.0,2,1.0,1380,5484,1.0,0,0,3,8,350,1947,0,98199,47.6382,-122.399,1380,5347
970000.0,4,1.75,4060,4000,2.0,0,3,3,10,1170,1953,1995,98199,47.6375,-122.389,1860,4000
408000.0,3,2.75,2670,4800,2.0,0,0,3,8,0,2014,0,98038,47.3483,-122.042,2340,5000
470000.0,3,2.5,2120,2374,2.0,0,0,3,8,350,2005,0,98052,47.674,-122.142,2480,3043
827000.0,3,2.5,1850,1330,2.5,0,0,3,9,290,2004,0,98115,47.6831,-122.325,1810,2071
399950.0,3,2.5,1510,7300,1.0,0,0,3,7,470,1974,0,98034,47.7153,-122.211,1360,7300
225000.0,3,2.0,1320,5665,1.0,0,0,3,7,0,1986,0,98023,47.3096,-122.357,1336,7080
419000.0,4,2.5,3190,4980,2.0,0,0,3,9,0,2005,0,98038,47.3657,-122.034,2830,6720
465000.0,3,1.0,910,3880,1.0,0,0,3,7,130,1942,0,98117,47.6862,-122.392,1220,3880
270000.0,3,2.25,1520,7930,1.0,0,0,3,7,360,1988,0,98038,47.3605,-122.049,1530,7930
352000.0,3,2.5,2090,3002,2.0,0,0,3,7,420,2005,0,98019,47.745,-121.984,2090,3163
305000.0,3,1.0,910,8008,1.0,0,0,3,7,0,1971,0,98034,47.726,-122.22,1480,7404
439950.0,3,2.5,1540,7773,2.0,0,0,4,8,0,1982,0,98034,47.722,-122.194,1630,7340
419990.0,3,2.5,1690,1689,2.0,0,0,3,8,540,2014,0,98029,47.5528,-121.999,1540,1689
450000.0,4,2.5,2290,5515,2.0,0,0,3,8,0,2006,0,98106,47.5518,-122.357,1380,5515
349950.0,4,2.5,1820,3134,2.0,0,0,3,7,0,1999,0,98019,47.7351,-121.985,1820,3751
590000.0,3,2.0,1410,6413,1.0,0,0,4,7,500,1947,0,98115,47.6826,-122.298,1330,6050
1065000.0,3,4.0,3370,8252,2.0,0,0,3,10,0,2014,0,98075,47.5965,-122.013,3710,8252
254000.0,4,2.0,1510,4235,1.0,0,0,3,7,0,1955,0,98108,47.546,-122.293,1510,4268
675000.0,4,2.5,3130,12463,1.0,0,0,4,8,1510,1978,0,98006,47.569,-122.127,2740,11779
244000.0,3,2.0,1350,8587,1.0,0,0,3,7,0,1998,0,98022,47.2073,-122.012,1350,8587
225000.0,4,1.5,1950,12559,1.5,0,0,3,6,0,1939,0,98188,47.4364,-122.282,1950,9178
627000.0,3,2.0,2310,10525,2.0,0,0,5,7,0,1965,0,98033,47.6727,-122.174,1430,10523
972800.0,5,3.25,3500,10457,2.0,0,0,3,11,0,2001,0,98059,47.5198,-122.157,3500,11734
868500.0,3,2.5,2920,3942,3.0,0,0,3,10,0,2008,0,98056,47.531,-122.204,2920,3942
428000.0,2,1.75,1980,44550,2.0,0,1,5,7,700,1977,0,98070,47.4193,-122.444,1680,25343
304400.0,4,2.75,2140,8100,2.0,0,0,4,7,0,1990,0,98023,47.3075,-122.359,1960,7002
582500.0,2,2.0,1540,6804,1.0,0,0,5,7,520,1942,0,98177,47.7044,-122.372,1380,6930
239950.0,5,1.0,1460,6032,2.0,0,0,4,6,0,1941,0,98168,47.487,-122.282,1060,10300
519900.0,4,2.5,2403,6172,2.0,0,0,3,9,0,1999,0,98028,47.7361,-122.234,2380,6075
1345000.0,4,3.25,3440,4920,2.0,0,4,3,10,920,2014,0,98116,47.5727,-122.409,2350,5166
150000.0,3,1.0,1310,9612,1.0,0,0,3,7,350,1962,0,98001,47.2958,-122.285,1310,9812
655000.0,5,2.5,2560,46786,2.0,0,0,3,8,0,1995,0,98019,47.7125,-121.915,2430,46929
913000.0,3,1.75,2170,4000,1.0,0,0,4,7,1060,1925,0,98103,47.6546,-122.337,1890,4000
402000.0,4,1.75,2430,5481,1.0,0,0,3,8,1000,1953,0,98108,47.5569,-122.298,2050,5508
639000.0,4,2.5,2500,8540,2.0,0,0,3,9,0,1990,0,98029,47.5759,-121.994,2560,8475
300000.0,4,2.5,2680,15508,2.0,0,0,3,8,0,1999,0,98023,47.3025,-122.39,1960,15586
482000.0,3,2.5,2420,7307,2.0,0,0,3,7,0,1998,0,98065,47.5361,-121.871,2420,5577
456500.0,4,2.5,2400,6811,2.0,0,0,3,8,0,2007,0,98059,47.4959,-122.15,2710,5314
420000.0,3,2.0,2330,6346,1.5,0,0,3,6,730,1934,2014,98146,47.5135,-122.38,1380,8400
284950.0,3,1.0,990,10723,1.0,0,0,5,7,0,1960,0,98059,47.4887,-122.133,1460,10723
313500.0,3,1.75,1610,7350,1.0,0,0,3,8,0,1974,0,98058,47.4503,-122.131,2120,7350
95000.0,2,1.0,1070,20450,1.0,0,0,2,6,0,1948,0,98058,47.4338,-122.183,1360,15581
520000.0,3,2.0,1510,3760,1.0,0,0,5,7,580,1925,0,98136,47.5425,-122.39,1510,3760
418000.0,3,2.0,1410,6030,1.5,0,0,4,7,0,1930,0,98103,47.6994,-122.347,1410,6300
665000.0,4,2.5,2600,17388,2.0,0,0,3,9,0,1996,0,98059,47.5283,-122.146,2950,11553
305000.0,4,2.5,1620,4000,2.0,0,0,3,7,0,2008,0,98038,47.3661,-122.02,1580,3780
571000.0,5,1.75,2280,43560,1.0,0,1,4,8,900,1949,0,98166,47.4558,-122.362,1940,17664
650000.0,5,3.5,5110,10018,2.0,0,0,3,10,1260,2003,0,98034,47.7261,-122.17,1790,10018
350000.0,4,2.25,1570,499571,1.0,0,3,4,7,0,1972,0,98022,47.1808,-122.023,1700,181708
480000.0,4,2.0,2180,10575,1.0,0,0,2,6,450,1950,0,98005,47.589,-122.177,2180,12010
340000.0,4,2.5,1910,7201,1.0,0,0,3,7,700,1987,0,98198,47.3908,-122.316,1690,7554
227950.0,3,1.5,1120,11430,1.0,0,0,4,7,0,1963,0,98031,47.4105,-122.194,1790,8760
350000.0,4,1.75,1820,6930,1.0,0,2,4,7,500,1952,0,98178,47.5053,-122.242,1820,6825
575000.0,3,3.0,1384,1287,2.0,0,0,3,8,240,2006,0,98102,47.6295,-122.32,1570,1288
235000.0,3,1.75,1840,9697,1.0,0,0,4,7,340,1985,0,98030,47.3764,-122.179,1430,8079
615000.0,4,1.0,1340,2006,1.5,0,0,3,7,0,1931,0,98119,47.6357,-122.373,2040,3625
3400000.0,3,4.5,5230,17826,2.0,1,4,3,10,1490,2005,0,98040,47.5348,-122.243,3670,17826
286000.0,4,2.5,1820,7930,2.0,0,0,5,7,0,1989,0,98038,47.359,-122.05,1490,7930
260000.0,3,1.5,1750,7000,2.0,0,0,3,8,0,1983,0,98023,47.3108,-122.346,1840,9305
584999.0,4,2.75,2050,17859,1.0,0,0,4,7,750,1967,0,98075,47.5945,-122.056,2960,20908
275000.0,2,1.5,1160,1103,2.0,0,0,3,7,270,2006,0,98133,47.7677,-122.315,1160,1086
426250.0,4,1.0,1610,6000,1.5,0,0,4,7,100,1905,0,98118,47.5261,-122.266,1430,6000
505000.0,3,1.75,1640,10695,1.0,0,2,3,8,0,1975,0,98034,47.7145,-122.222,2790,9775
580000.0,3,2.25,1670,7416,1.0,0,0,4,7,450,1974,0,98005,47.6028,-122.172,1710,7416
510000.0,4,3.0,3610,18948,2.0,0,0,3,10,0,1993,0,98023,47.2911,-122.342,3568,18948
510000.0,3,1.75,1600,19200,1.0,0,0,4,7,0,1967,0,98034,47.7202,-122.249,2010,14850
572000.0,3,2.5,2360,9938,1.0,0,0,3,8,670,1987,0,98027,47.5374,-122.053,2280,9626
995000.0,4,2.25,2340,13406,1.0,0,0,4,9,0,1963,0,98040,47.5377,-122.221,2340,10743
256000.0,3,1.0,880,5375,1.0,0,0,4,5,0,1924,0,98055,47.4858,-122.202,980,4838
535000.0,4,2.5,2360,15008,1.0,0,0,3,9,440,1986,0,98028,47.7363,-122.254,2680,15344
589000.0,2,2.0,1850,4667,1.0,0,0,3,8,0,2010,0,98053,47.7101,-122.014,1860,6008
2650000.0,4,3.5,4700,13730,2.0,0,3,3,11,1200,1958,1995,98033,47.6899,-122.217,3210,15306
675000.0,5,2.75,2570,12906,2.0,0,0,3,8,0,1987,0,98075,47.5814,-122.05,2580,12927
950000.0,4,3.5,4140,13392,2.0,0,0,3,11,0,2000,0,98059,47.5261,-122.144,4140,11529
390000.0,2,1.0,860,1800,1.0,0,0,3,7,0,1909,0,98119,47.6334,-122.371,2160,3120
470000.0,2,1.75,1520,4220,1.0,0,0,4,7,680,1910,0,98117,47.6876,-122.366,1120,5700
242000.0,4,2.5,1750,11400,2.0,0,0,4,7,0,1975,0,98023,47.3149,-122.386,1890,9024
735000.0,4,3.0,2250,7245,1.0,0,0,4,7,1000,1963,0,98005,47.6045,-122.169,1960,7245
465000.0,4,2.5,3050,32450,1.0,0,0,4,8,1500,1983,0,98030,47.3626,-122.209,2350,15390
510000.0,3,2.5,1860,3658,2.0,0,0,3,8,0,1994,0,98029,47.5703,-122.004,1840,3739
3600000.0,3,3.25,5020,12431,2.0,1,4,3,10,1600,1941,2002,98144,47.5925,-122.287,3680,12620
1000000.0,5,4.25,3920,16258,2.0,0,0,3,9,1020,1990,0,98004,47.5871,-122.192,2540,12131
850000.0,4,3.25,3450,6500,2.0,0,0,3,8,1000,1994,0,98136,47.5437,-122.388,1750,6500
285000.0,3,2.5,1660,6263,2.0,0,0,3,8,0,2003,0,98042,47.3507,-122.141,2190,6192
720000.0,4,2.0,1760,4500,1.5,0,0,5,7,0,1906,0,98103,47.6711,-122.331,1740,4220
442500.0,4,2.25,1970,7902,1.0,0,0,3,8,660,1960,0,98125,47.7249,-122.298,1860,8021
735000.0,5,2.75,3390,5211,2.0,0,0,3,9,0,2004,0,98075,47.5977,-121.981,3210,5211
299900.0,3,1.75,1730,9893,1.0,0,0,4,9,0,1988,0,98042,47.3747,-122.164,2120,9108
348000.0,4,2.5,2070,3808,2.0,0,0,3,8,0,2003,0,98058,47.4498,-122.12,1900,2992
150000.0,2,1.0,1250,5208,1.0,0,0,3,7,200,1951,0,98002,47.3063,-122.219,1030,5354
176000.0,2,1.0,770,5200,1.0,0,0,5,6,0,1969,0,98042,47.3627,-122.087,1150,5330
520000.0,4,2.5,3060,7161,2.0,0,0,3,8,200,2005,0,98065,47.5383,-121.879,2950,6822
759000.0,3,2.0,2260,7200,1.0,0,3,3,7,1130,1941,0,98144,47.5886,-122.288,2260,6000
157500.0,2,1.0,740,9003,1.0,0,0,3,5,0,1949,0,98031,47.4217,-122.197,1230,8050
429950.0,4,1.75,1700,10230,1.0,0,0,3,8,380,1959,0,98133,47.7453,-122.351,2000,8006
715000.0,3,2.0,1760,5400,1.0,0,0,5,7,600,1927,0,98103,47.6558,-122.331,1640,5400
274700.0,4,2.0,2440,9600,1.0,0,0,5,7,1220,1963,0,98031,47.4142,-122.179,1370,9600
505000.0,2,3.0,2770,10800,1.5,0,0,5,8,860,1984,0,98074,47.6082,-122.057,2140,10800
313500.0,2,1.5,1270,1282,2.0,0,0,3,8,270,2006,0,98106,47.5581,-122.363,1270,1325
650000.0,4,2.75,3260,5335,2.0,0,0,3,9,0,2003,0,98065,47.5414,-121.864,3180,5438
270000.0,4,2.5,2701,5821,2.0,0,0,3,7,0,2013,0,98092,47.2873,-122.177,2566,5843
590000.0,3,1.0,1610,58370,1.0,0,0,3,7,0,1978,0,98053,47.6718,-122.044,2510,58127
458500.0,3,1.5,1280,1920,1.5,0,0,3,7,0,1905,1990,98122,47.6117,-122.301,1280,3150
535000.0,4,2.5,2280,65836,2.0,0,0,3,8,0,2004,0,98077,47.7237,-122.076,2300,97574
315000.0,4,2.25,2550,9736,1.0,0,0,4,8,0,1967,0,98002,47.3193,-122.212,1770,9686
1135000.0,5,3.75,4700,11237,2.0,0,0,3,10,1770,2006,0,98033,47.6624,-122.197,3180,13140
570000.0,5,1.75,2510,9750,1.5,0,0,3,8,0,1969,0,98052,47.6635,-122.149,1900,9750
399950.0,3,1.0,1470,7930,1.0,0,0,3,7,400,1950,0,98177,47.7013,-122.368,1440,8100
262500.0,4,2.75,1500,7036,1.0,0,0,3,7,440,1979,0,98032,47.3665,-122.276,1620,7200
240000.0,3,2.25,1500,15334,2.0,0,0,4,7,0,1992,0,98042,47.3719,-122.091,1530,8102
226500.0,3,1.75,1640,10762,1.0,0,0,3,7,510,1988,0,98042,47.3586,-122.074,1680,10259
535000.0,2,1.0,1040,5527,1.0,0,0,3,7,0,1951,0,98115,47.6774,-122.284,2080,7020
610000.0,4,2.25,1660,7350,1.0,0,0,3,8,0,1965,2014,98008,47.6263,-122.124,1790,7455
437000.0,2,3.0,1460,1452,2.0,0,0,3,8,320,2007,0,98136,47.5224,-122.39,1460,1452
345000.0,3,3.25,1600,1882,2.0,0,0,3,8,240,2000,0,98133,47.7151,-122.355,1390,1379
397950.0,4,1.75,2120,7620,2.0,0,0,3,8,0,1971,2002,98166,47.457,-122.346,1820,7620
430000.0,3,1.0,1150,3000,1.0,0,0,5,6,0,1906,0,98103,47.6867,-122.345,1460,3200
650000.0,4,2.5,2110,6820,1.0,0,0,5,7,580,1942,0,98115,47.6882,-122.306,1420,6431
210000.0,2,1.0,990,8140,1.0,0,0,1,6,0,1910,0,98116,47.5828,-122.382,2150,5000
625000.0,4,2.25,2470,17008,2.0,0,0,4,8,0,1979,0,98075,47.5924,-122.048,2470,31798
355000.0,3,2.0,1480,2502,2.0,0,0,3,7,0,1991,0,98103,47.6969,-122.338,1850,5000
236000.0,3,1.0,1300,5898,1.0,0,0,3,7,0,1961,0,98178,47.5053,-122.255,1320,7619
415000.0,4,2.5,2550,4500,2.0,0,0,3,7,0,2009,0,98059,47.4916,-122.153,2340,4526
279900.0,3,2.0,1410,6600,1.0,0,0,4,7,0,1990,0,98042,47.3596,-122.089,1750,7150
190000.0,3,1.0,1200,8316,1.0,0,0,4,6,0,1953,0,98002,47.3231,-122.215,1250,8316
575950.0,3,2.25,1640,12000,1.0,0,0,3,7,460,1967,0,98008,47.6252,-122.104,1620,12000
675750.0,4,2.5,2770,10274,2.0,0,0,3,9,0,1989,0,98029,47.5748,-122.018,2270,7210
672000.0,4,2.5,2440,10049,2.0,0,0,4,9,0,1989,0,98029,47.5744,-121.993,2820,8484
350000.0,3,2.25,1780,16290,2.0,0,0,4,8,0,1987,0,98058,47.4622,-122.127,1780,8810
524000.0,3,2.25,1370,1007,3.0,0,0,3,8,40,2009,0,98107,47.6682,-122.361,1570,1635
799000.0,4,2.5,2590,7910,2.0,0,0,3,9,0,2001,0,98115,47.6978,-122.284,1700,7488
215000.0,3,2.0,1290,9312,1.0,0,0,3,7,0,1947,0,98168,47.4811,-122.325,1650,7300
305500.0,3,1.0,1240,6090,1.0,0,0,4,7,0,1950,0,98155,47.7542,-122.307,1550,9096
340895.0,2,1.0,920,8612,1.0,0,0,5,7,0,1947,0,98155,47.734,-122.301,1500,7956
730000.0,3,2.5,1860,1290,2.0,0,0,3,9,620,2010,0,98122,47.6179,-122.301,1710,1525
250000.0,3,1.75,1140,10400,1.0,0,0,4,7,0,1983,0,98003,47.2598,-122.311,1280,9800
410000.0,5,2.5,2670,184140,1.0,0,0,3,8,1260,1980,0,98042,47.3429,-122.097,1860,35719
615000.0,4,1.0,1330,2400,1.5,0,0,4,6,0,1901,0,98103,47.65,-122.34,1330,4400
265000.0,3,2.0,1850,16535,1.0,0,0,3,7,0,1992,0,98014,47.6565,-121.912,1528,13295
1042030.0,4,5.0,4110,43560,2.0,0,0,4,11,0,1978,0,98005,47.6353,-122.18,3650,43995
832600.0,4,1.0,1640,4200,1.5,0,0,3,7,0,1925,0,98103,47.6601,-122.332,1730,3990
219500.0,3,1.0,1090,6710,1.5,0,0,5,5,0,1912,0,98002,47.3066,-122.217,1170,6708
500000.0,3,2.5,2270,5654,2.0,0,0,3,8,0,1999,0,98133,47.7733,-122.351,1770,7840
349950.0,4,1.5,1420,6720,1.5,0,0,3,7,0,1925,0,98108,47.5518,-122.311,1560,5600
575000.0,4,1.75,2020,6200,1.0,0,0,4,6,1010,1948,0,98133,47.7013,-122.35,1440,4158
450000.0,2,1.0,910,5000,1.0,0,0,4,6,0,1914,0,98117,47.683,-122.374,1480,5000
585000.0,3,2.75,3080,7282,2.0,0,0,3,9,0,2008,0,98059,47.4826,-122.149,3080,7274
780000.0,3,2.5,2110,9773,1.0,0,0,3,9,0,1986,0,98006,47.5628,-122.115,2560,11787
523460.0,5,1.75,1890,5000,1.5,0,0,3,7,800,1906,0,98107,47.6711,-122.372,1610,5000
319000.0,3,1.0,960,8556,1.0,0,0,3,7,0,1971,0,98034,47.7245,-122.22,1320,7528
285000.0,3,2.25,1680,35127,2.0,0,0,3,7,0,1987,0,98092,47.3025,-122.067,1820,35166
375000.0,3,2.5,1830,13042,2.0,0,0,3,8,0,1990,0,98038,47.3738,-122.042,1940,6996
515000.0,2,1.5,1400,5000,1.0,0,0,4,7,250,1904,0,98107,47.6681,-122.362,1530,4200
749000.0,3,2.5,2670,10338,2.0,0,0,3,9,0,1987,0,98007,47.6599,-122.146,2670,8866
342000.0,2,1.0,740,6180,1.0,0,0,3,6,0,1948,0,98118,47.5517,-122.272,1330,4635
312000.0,3,2.5,1780,4077,2.0,0,0,3,8,0,2011,0,98038,47.3568,-122.056,1970,4077
860000.0,3,1.75,1860,5584,1.0,0,0,3,8,550,1951,0,98199,47.637,-122.4,1630,6022
589900.0,2,3.0,3160,66646,2.0,0,0,3,7,0,1993,0,98077,47.7479,-122.034,3140,38790
435000.0,2,1.75,1910,12142,1.0,0,0,3,9,0,1976,0,98074,47.6276,-122.053,2580,12326
308000.0,4,2.5,2330,4606,2.0,0,0,3,8,0,2004,0,98031,47.3934,-122.184,2330,5783
546800.0,4,1.5,1520,5910,1.0,0,0,3,7,500,1946,0,98115,47.6904,-122.295,1710,5910
600000.0,4,2.25,2090,45738,2.0,0,0,3,8,0,1987,0,98053,47.6876,-122.049,3420,45738
340000.0,3,2.5,2270,7917,2.0,0,0,3,8,0,1986,0,98092,47.2643,-122.22,2160,7917
307000.0,3,1.75,1890,13860,1.0,0,0,5,7,0,1966,0,98042,47.4156,-122.149,1500,14536
431000.0,3,2.5,2440,71002,1.0,0,0,4,9,0,1996,0,98022,47.2689,-122.01,3170,84000
752000.0,6,3.75,3810,6663,2.0,0,0,4,8,0,1977,0,98103,47.6938,-122.34,1610,4561
530000.0,4,2.25,2240,8376,1.0,0,0,3,8,500,1984,0,98074,47.6323,-122.029,1890,7875
330000.0,3,1.0,1250,9126,1.0,0,0,3,7,0,1969,0,98077,47.7554,-122.076,1440,10620
447000.0,3,2.5,1800,3074,2.0,0,0,3,7,0,2003,0,98072,47.7631,-122.149,1610,2929
363000.0,3,1.75,1960,8136,1.0,0,0,3,7,980,1948,0,98106,47.5208,-122.364,1070,7480
391000.0,3,2.25,1410,1290,2.0,0,0,3,7,120,2004,0,98027,47.5345,-122.069,1490,1380
515000.0,4,2.5,1850,9248,2.0,0,0,3,8,0,1997,0,98028,47.735,-122.244,2080,8711
872500.0,3,2.5,2040,6000,1.0,0,0,3,8,200,1951,0,98109,47.6334,-122.35,1820,4920
250000.0,3,1.75,1628,286355,1.0,0,0,3,7,0,1996,0,98092,47.2558,-122.122,1490,216344
372000.0,4,2.5,2500,8215,2.0,0,0,3,8,0,1990,0,98031,47.4124,-122.204,2360,7801
900000.0,4,2.5,3510,6745,2.0,0,0,3,10,0,1998,0,98075,47.6016,-122.074,3320,8370
450000.0,3,2.25,2450,42180,1.0,0,0,4,7,0,1978,2000,98042,47.3549,-122.111,1440,42180
657500.0,4,2.25,2520,10370,2.0,0,0,3,9,0,1980,0,98074,47.6377,-122.049,2848,12682
765000.0,4,3.0,4410,5104,2.0,0,0,3,9,1010,2006,0,98065,47.5392,-121.861,4390,5537
389999.0,4,2.5,1890,15770,2.0,0,0,4,7,0,1968,0,98166,47.4281,-122.343,2410,15256
457000.0,2,2.0,1440,9985,1.0,0,0,3,8,0,2006,0,98053,47.7217,-122.03,1510,4560
467000.0,3,2.0,1840,3432,2.0,0,0,3,7,0,2012,0,98155,47.7368,-122.295,1280,7573
443000.0,4,3.0,2620,35124,2.0,0,0,3,9,0,1987,0,98092,47.3067,-122.116,2920,35807
740000.0,4,3.5,3060,4777,2.0,0,0,3,9,0,2007,0,98029,47.555,-122.0,3060,4935
402500.0,4,2.0,1650,3504,1.0,0,0,3,7,890,1951,2013,98144,47.5803,-122.294,1480,3504
1720000.0,5,4.0,4590,35046,2.0,0,0,3,10,0,2008,0,98033,47.6647,-122.16,3350,35857
1810000.0,3,3.5,3780,8295,2.0,0,0,3,9,1350,1951,0,98112,47.6394,-122.29,3780,9127
340000.0,4,2.25,2060,8400,1.0,0,0,3,7,760,1960,0,98178,47.4984,-122.23,1990,7383
170000.0,3,1.75,1370,10780,1.0,0,0,3,7,0,1959,0,98168,47.4727,-122.298,1370,10317
263850.0,4,2.25,2300,7524,2.0,0,0,4,8,0,1978,0,98023,47.313,-122.388,2270,8025
655000.0,3,1.75,1800,5102,1.0,0,0,3,7,630,1952,0,98199,47.6514,-122.407,1720,5102
327500.0,3,1.0,1070,7140,1.0,0,0,3,7,0,1989,0,98118,47.5427,-122.288,1390,2374
300000.0,2,1.5,1150,3927,2.0,0,0,3,7,0,1982,0,98034,47.7248,-122.162,1400,3425
377500.0,4,2.5,2640,10720,2.0,0,0,3,8,0,1999,0,98188,47.4485,-122.278,1680,10018
291700.0,3,2.5,1970,4120,1.5,0,0,3,6,740,1927,0,98106,47.5328,-122.346,1470,4080
348000.0,3,2.25,2570,8491,2.0,0,0,4,8,0,1989,0,98042,47.3759,-122.125,2400,8049
565000.0,3,2.0,2730,15677,2.5,0,3,3,9,0,1976,0,98166,47.4612,-122.365,2040,12209
410000.0,3,1.75,1440,7112,1.0,0,0,3,7,260,1979,0,98034,47.7304,-122.227,1570,9152
341000.0,3,2.5,1480,1663,2.0,0,0,3,9,300,2012,0,98126,47.5443,-122.375,1380,1537
608000.0,3,2.5,1760,1472,3.0,0,0,3,8,120,2006,0,98119,47.6473,-122.374,1760,5400
675000.0,3,2.25,1780,4252,2.0,0,0,4,8,240,1989,0,98144,47.6004,-122.292,2220,4000
315000.0,3,1.5,1700,8067,1.0,0,0,3,7,450,1956,0,98155,47.7384,-122.324,1340,7869
372500.0,3,1.75,1550,12956,1.0,0,0,3,7,340,1988,0,98045,47.4711,-121.752,1630,15360
1000000.0,3,2.25,2300,15952,1.0,0,0,4,8,1150,1963,0,98039,47.6322,-122.232,2200,14284
665000.0,3,2.5,2330,15536,1.0,0,2,3,10,0,1996,0,98074,47.655,-122.087,3320,17461
386591.0,3,2.5,1690,1613,2.0,0,0,3,8,540,2014,0,98029,47.5518,-121.998,1690,1662
1098000.0,4,3.5,4570,16219,2.0,0,0,3,11,0,2002,0,98075,47.5859,-121.968,4700,16500
2395000.0,4,3.25,3800,19798,2.0,0,0,3,10,0,1969,2009,98006,47.5684,-122.19,3940,18975
655000.0,4,2.5,2570,4412,2.0,0,0,3,9,0,2001,0,98034,47.7076,-122.232,2460,5470
637500.0,3,1.75,1680,10685,1.0,0,0,4,7,0,1966,0,98033,47.6556,-122.193,3340,10390
625000.0,4,2.0,1410,4480,1.5,0,0,3,8,0,1927,0,98109,47.6385,-122.344,1240,3400
363000.0,3,2.5,2390,8000,2.0,0,0,3,8,0,1995,0,98042,47.3895,-122.154,2070,7585
300000.0,3,2.75,2340,12282,1.0,0,2,3,8,870,1978,0,98155,47.7379,-122.289,2640,8887
452000.0,4,1.5,1580,7350,1.0,0,0,4,7,620,1963,0,98052,47.6734,-122.154,1560,7350
620000.0,3,2.5,1776,1248,3.0,0,0,3,8,172,2006,0,98103,47.6539,-122.352,1780,1248
208000.0,3,1.0,990,7420,1.0,0,0,5,6,0,1960,0,98002,47.2898,-122.221,1010,7420
1544500.0,4,2.75,4910,15139,1.0,0,0,4,10,2350,1964,0,98004,47.6444,-122.22,3980,15139
485000.0,4,1.75,1430,4096,2.0,0,0,3,7,0,1900,0,98122,47.604,-122.306,1640,3377
560000.0,4,3.0,2170,5764,2.0,0,0,3,8,0,1992,0,98029,47.5673,-121.999,2010,5681
374900.0,5,2.75,2980,8500,1.0,0,0,3,8,1440,1982,0,98032,47.3641,-122.278,2310,8500
259000.0,3,1.75,1270,4815,1.5,0,0,3,6,290,1922,0,98108,47.5495,-122.31,1270,6431
337500.0,5,2.0,1700,7314,1.0,0,0,3,7,700,1956,0,98108,47.549,-122.305,2000,7176
565000.0,4,2.75,2730,6856,2.0,0,0,3,8,0,2003,0,98072,47.7739,-122.164,2520,5569
563250.0,3,1.75,1370,2800,1.0,0,0,5,7,570,1982,0,98122,47.6157,-122.291,2270,3773
650000.0,4,2.5,2820,15000,2.0,0,0,4,9,0,1985,0,98052,47.7255,-122.101,2440,15000
1825000.0,3,3.75,6030,39317,2.0,0,0,3,11,1590,1991,0,98004,47.6055,-122.21,4040,12333
460000.0,5,3.0,2008,5050,1.0,0,0,3,7,792,1992,0,98118,47.5376,-122.292,2040,5297
305000.0,3,2.0,1430,12430,1.0,0,0,4,7,0,1957,0,98056,47.4903,-122.178,1200,8250
580000.0,3,2.5,1820,374616,2.0,0,0,3,7,0,1999,0,98014,47.6539,-121.959,1870,220654
445500.0,2,1.75,1390,6670,1.0,0,0,3,6,670,1941,0,98115,47.6914,-122.308,920,6380
400000.0,4,2.25,2230,7200,1.0,0,0,4,7,930,1963,0,98133,47.7648,-122.33,2010,7752
168000.0,3,1.0,1150,8000,1.5,0,0,4,6,0,1913,1957,98001,47.2749,-122.252,1170,9600
554000.0,2,2.0,1870,5580,1.0,0,0,3,8,0,2004,0,98053,47.7101,-122.031,1670,4500
848000.0,3,2.75,2170,2738,1.5,0,0,4,9,620,1930,0,98109,47.6389,-122.349,1170,1062
251000.0,3,1.75,1220,7250,1.0,0,0,3,7,0,1962,0,98045,47.4887,-121.784,1700,15251
525000.0,3,2.5,2970,11985,1.0,0,0,3,9,1200,1995,0,98074,47.6359,-122.052,2990,12049
320000.0,4,2.75,2110,13260,1.0,0,0,4,7,820,1979,0,98058,47.4513,-122.16,1980,11016
335000.0,3,1.75,1790,5120,1.0,0,0,4,6,850,1949,0,98106,47.5277,-122.355,1160,5120
495000.0,2,2.0,1580,5203,1.0,0,0,3,8,0,2004,0,98053,47.7174,-122.032,1560,4770
503000.0,3,2.0,1260,2500,1.0,0,0,4,7,510,1987,0,98107,47.6748,-122.371,1710,5000
422000.0,3,1.0,1160,7854,1.0,0,0,3,7,0,1960,0,98125,47.7304,-122.308,1300,8317
1250000.0,4,2.5,2960,20240,2.0,0,4,4,10,0,1985,0,98146,47.5075,-122.389,2500,14960
246500.0,3,2.0,1430,8919,1.0,0,0,3,7,0,1992,0,98022,47.2118,-121.983,1580,8919
560000.0,3,2.5,2780,32880,1.0,0,0,3,9,0,1993,0,98045,47.4798,-121.727,2780,40091
900000.0,4,2.0,1190,8190,1.5,0,0,3,7,0,1945,0,98117,47.6908,-122.397,1190,1567
420000.0,2,2.75,1760,4139,2.0,0,0,3,8,0,2010,0,98065,47.5175,-121.878,1870,3076
415000.0,4,2.75,2390,9968,1.0,0,0,4,9,1000,1989,0,98038,47.3706,-122.056,2560,12385
282000.0,3,2.25,1552,3600,2.0,0,0,3,7,0,2012,0,98092,47.3198,-122.178,1677,3600
299500.0,3,1.75,1820,8813,2.0,0,0,3,7,0,1994,0,98003,47.2622,-122.303,1780,7349
367500.0,3,1.0,1270,8792,1.0,0,0,5,7,0,1969,0,98056,47.5351,-122.174,1780,8792
308000.0,2,1.0,1680,9250,1.0,0,0,3,7,820,1969,0,98072,47.7618,-122.162,1590,9542
845000.0,3,3.5,3460,15745,2.0,0,0,3,10,0,1986,0,98077,47.7262,-122.06,3350,14825
294900.0,3,2.25,1500,8100,1.0,0,0,3,7,290,1968,0,98055,47.4632,-122.19,1600,7896
325000.0,3,2.5,2000,7205,2.0,0,0,3,8,0,1998,0,98003,47.3499,-122.302,2180,7611
580000.0,4,2.75,3210,6825,1.0,0,0,5,7,1400,1975,0,98034,47.7338,-122.169,1840,8000
525000.0,3,1.0,1640,6180,1.0,0,0,4,7,0,1946,0,98118,47.5682,-122.284,1540,6180
460000.0,3,1.75,1440,7070,1.0,0,0,3,7,0,1980,0,98052,47.6947,-122.125,1440,7210
3650000.0,6,4.75,5480,19401,1.5,1,4,5,11,1570,1936,0,98105,47.6515,-122.277,3510,15810
279000.0,3,1.75,1750,9623,1.0,0,0,3,7,600,1962,0,98198,47.3997,-122.313,1820,9623
703011.0,2,1.0,1370,5922,1.0,0,2,3,8,240,1941,0,98199,47.6473,-122.406,2460,6759
582000.0,4,3.0,1670,1189,3.0,0,0,3,8,243,2000,0,98122,47.6182,-122.302,1700,1401
430000.0,4,2.5,2070,4310,2.0,0,0,3,7,0,2004,0,98065,47.5319,-121.85,1970,3748
390000.0,3,2.0,2360,5737,2.0,0,0,3,8,0,2003,0,98028,47.7633,-122.262,1600,9163
300000.0,2,1.0,1290,2482,2.0,0,0,3,7,0,2008,0,98053,47.6972,-122.025,1290,2482
356200.0,3,2.0,1690,10062,1.0,0,2,5,7,750,1928,0,98178,47.5102,-122.241,2390,6650
433190.0,3,2.5,1650,2787,2.0,0,0,3,8,0,2014,0,98065,47.5336,-121.838,1760,2787
325000.0,1,1.0,730,1942,1.0,0,0,3,7,0,2009,0,98144,47.5943,-122.299,1020,2044
272000.0,3,1.5,1760,9600,1.0,0,0,4,7,0,1966,0,98031,47.4085,-122.195,1450,9600
450000.0,4,2.25,2120,8267,2.0,0,0,3,8,0,1996,0,98045,47.4885,-121.779,2150,7746
1040000.0,4,3.5,4320,8490,2.0,0,0,3,10,1040,2005,0,98029,47.5568,-122.029,4030,11008
677100.0,3,2.0,2110,9199,1.0,0,0,3,10,0,1993,0,98074,47.6496,-122.083,3130,8841
575000.0,4,2.5,2400,6137,2.0,0,0,3,8,0,1990,0,98074,47.6187,-122.04,2120,7468
860000.0,3,2.5,2370,55321,3.0,0,0,4,8,0,1982,0,98074,47.6148,-122.057,2590,41553
250000.0,2,1.0,860,4320,1.0,0,0,3,7,0,1925,0,98108,47.5263,-122.325,980,6000
475000.0,4,2.5,3150,5757,2.0,0,0,3,9,0,2004,0,98058,47.4568,-122.117,3100,5757
260000.0,3,1.75,1670,8511,1.0,0,0,3,7,330,1985,0,98001,47.3257,-122.276,1580,7218
249000.0,3,1.0,1000,19204,1.0,0,0,3,7,0,1968,2010,98042,47.3167,-122.081,2450,25927
375000.0,3,2.5,1670,7740,1.0,0,0,3,7,540,1974,0,98126,47.5222,-122.37,1220,7740
530000.0,4,2.75,2280,2850,1.5,0,0,4,7,740,1930,0,98115,47.6871,-122.307,1680,3800
450000.0,2,1.75,2130,6574,1.0,0,0,3,8,630,1946,0,98199,47.6529,-122.411,2130,6275
255000.0,3,1.75,1550,9720,1.0,0,0,3,7,500,1976,0,98010,47.3433,-122.037,1550,9750
300000.0,3,1.5,1630,82764,1.0,0,0,4,6,0,1948,0,98027,47.4743,-122.026,1680,199069
118125.0,2,1.0,790,7153,1.0,0,0,4,6,0,1944,0,98168,47.4869,-122.324,810,7128
260000.0,4,2.0,1620,7992,2.0,0,0,4,7,0,1975,0,98031,47.395,-122.176,1710,7500
665000.0,3,2.0,1940,5820,1.5,0,0,5,7,790,1944,0,98107,47.6638,-122.362,990,3880
750000.0,3,1.0,1640,6516,1.5,0,0,4,7,200,1935,0,98103,47.6693,-122.339,1770,4000
384000.0,4,1.75,2100,7135,1.0,0,0,4,7,1050,1955,0,98106,47.5353,-122.349,1730,4000
750000.0,4,2.5,3020,7465,2.0,0,0,3,9,0,2004,0,98075,47.5982,-121.98,3100,5587
229500.0,3,1.5,1810,14400,1.0,0,0,4,7,0,1954,0,98001,47.2887,-122.269,1710,12000
355950.0,4,2.5,1960,8540,1.0,0,0,3,7,740,1955,0,98177,47.7654,-122.359,1910,9120
720000.0,3,3.25,3410,25741,2.0,0,0,4,8,0,1993,0,98014,47.6929,-121.868,1660,25865
767500.0,6,3.5,2410,6000,2.0,0,4,3,9,190,1916,1990,98136,47.54,-122.382,1980,6000
372000.0,4,1.75,1890,10550,1.0,0,0,5,7,880,1969,0,98056,47.5147,-122.193,1930,7291
240000.0,3,1.5,1010,10350,1.0,0,0,3,7,0,1969,0,98032,47.379,-122.29,1640,7700
301500.0,2,1.5,830,1333,2.0,0,0,3,7,0,2005,0,98136,47.5506,-122.381,1120,4822
922000.0,4,2.5,2620,14126,1.0,0,4,4,8,1000,1941,0,98117,47.6983,-122.397,2620,8905
379500.0,2,1.0,1640,17335,1.0,0,0,3,7,800,1978,0,98053,47.6397,-121.953,2440,17850
690000.0,4,2.5,2900,23488,2.0,0,0,3,9,0,1992,0,98053,47.6726,-122.03,2900,34589
400200.0,4,3.5,2260,30250,2.0,0,0,3,7,0,2013,0,98188,47.4493,-122.281,1270,16350
259875.0,3,1.0,1250,21303,1.0,0,0,3,6,0,1970,0,98053,47.6625,-122.059,1250,17920
957500.0,4,2.25,2360,11523,2.0,0,0,4,10,0,1968,0,98040,47.5318,-122.224,2850,11362
550700.0,2,1.0,1010,5000,1.5,0,0,4,6,0,1908,0,98105,47.6692,-122.297,1460,5000
168500.0,3,1.0,1100,10125,1.0,0,0,3,7,0,1969,0,98042,47.367,-122.107,1570,10650
390000.0,2,1.5,1340,1402,2.0,0,0,3,8,220,2008,0,98144,47.588,-122.304,1340,1213
495000.0,3,2.0,2950,12196,2.0,0,0,4,7,640,1918,0,98166,47.4702,-122.365,2320,19844
306500.0,3,1.5,1100,8140,1.0,0,0,4,7,0,1965,0,98059,47.5004,-122.162,1430,7700
455000.0,3,2.5,1870,7344,1.0,0,0,3,8,400,1980,0,98034,47.7265,-122.206,1930,7344
330000.0,5,2.5,3597,4972,2.0,0,0,3,7,0,2006,0,98001,47.3002,-122.282,3193,6000
445000.0,2,1.0,1440,3225,1.0,0,0,3,7,480,1915,0,98103,47.6653,-122.338,1160,3630
355000.0,3,0.75,1420,3060,1.0,0,0,4,7,560,1923,0,98103,47.6872,-122.346,1350,4000
379950.0,4,1.75,1970,9389,1.0,0,0,5,7,830,1960,0,98133,47.7771,-122.339,1820,8135
448500.0,3,2.5,2080,3920,2.0,0,0,3,8,0,2010,0,98118,47.5412,-122.286,2110,3710
270000.0,3,2.5,1540,7739,2.0,0,0,4,7,0,1986,0,98030,47.3511,-122.169,1720,7200
295000.0,3,2.5,1660,4898,2.0,0,0,3,7,0,2011,0,98038,47.3588,-122.044,1810,4462
760500.0,4,2.25,2310,36136,2.0,0,0,4,9,0,1977,0,98072,47.7506,-122.122,3930,36136
414999.0,4,2.5,2150,10098,1.0,0,0,3,7,1060,1963,0,98034,47.7166,-122.201,1880,10000
800000.0,6,4.25,5480,189050,2.0,0,0,4,10,340,1991,0,98031,47.412,-122.168,2470,10429
330000.0,3,2.25,1620,7150,1.0,0,2,4,7,340,1950,0,98178,47.5048,-122.241,1620,6930
1112500.0,6,4.0,3600,6224,2.0,0,0,3,9,990,1945,2006,98199,47.6531,-122.405,1430,6224
730000.0,4,2.5,2460,7930,2.0,0,0,3,8,0,2005,0,98033,47.6684,-122.175,1850,9000
314000.0,3,1.75,1620,9600,1.0,0,0,4,7,0,1966,0,98059,47.4749,-122.155,1660,10200
2500000.0,4,3.75,3480,14850,1.0,0,4,3,9,1610,1951,2013,98004,47.6227,-122.216,4780,18480
447000.0,2,1.0,850,2700,1.0,0,0,5,6,0,1924,0,98105,47.6684,-122.316,1630,3000
201000.0,3,1.0,900,7576,1.0,0,0,4,6,0,1959,0,98002,47.2881,-122.22,1220,7452
525000.0,5,2.5,2630,9216,2.0,0,0,3,8,0,2003,0,98019,47.7379,-121.966,2020,4980
638000.0,4,1.75,1470,4236,1.5,0,0,4,7,0,1946,0,98107,47.6692,-122.399,1480,5400
215000.0,3,1.0,960,9563,1.0,0,0,5,7,0,1967,0,98023,47.2864,-122.357,1280,9600
677915.0,3,2.0,1740,3600,1.0,0,0,5,7,750,1923,0,98119,47.6448,-122.358,1250,3600
207000.0,3,1.0,990,10800,1.0,0,0,4,6,0,1959,0,98002,47.293,-122.215,1060,10364
410000.0,4,2.75,2220,8450,1.0,0,0,4,7,960,1983,0,98059,47.4804,-122.157,1580,8450
330000.0,3,1.75,1460,9261,1.0,0,0,3,7,0,1985,0,98056,47.5155,-122.189,1550,8800
352500.0,2,2.5,1570,2399,2.0,0,0,3,7,390,2009,0,98106,47.5488,-122.364,1590,2306
547500.0,3,3.5,1650,2262,3.0,0,0,3,8,0,2010,0,98103,47.6823,-122.347,1620,3166
895000.0,3,2.5,2750,10000,1.0,0,3,3,8,1100,1967,0,98006,47.5644,-122.153,2490,10000
1150000.0,3,2.5,2850,10474,1.0,0,0,4,8,1120,1954,0,98004,47.6218,-122.209,2820,10474
585000.0,3,1.0,1450,5378,1.0,0,0,3,7,260,1939,0,98199,47.6436,-122.405,1810,5559
169000.0,3,1.0,910,7686,1.0,0,0,3,7,0,1969,0,98001,47.3405,-122.288,1020,7686
279000.0,3,2.5,1540,7280,1.0,0,0,3,7,460,1974,0,98003,47.3102,-122.322,1220,6440
